day,community_energy_demand_kwh,water_energy_demand_kwh,total_demand_kwh,total_solar_kwh,total_wind_kwh,total_renewable_kwh,renewable_consumed_kwh,renewable_surplus_kwh,battery_charge_kwh,battery_discharge_kwh,grid_import_kwh,grid_export_kwh,generator_kwh,generator_excess_kwh,curtailed_kwh,deficit_kwh,battery_soc_kwh,battery_soc_fraction,battery_renewable_fraction,generator_fuel_liters,generator_runtime_hours,grid_import_cost,grid_export_revenue,generator_fuel_cost,total_energy_cost,self_sufficiency_ratio,self_consumption_ratio,renewable_fraction,policy_strategy,policy_grid_mode,policy_deficit,grid_import_cap_used_kwh,grid_export_cap_used_kwh,grid_monthly_import_cap_kwh,grid_monthly_export_cap_kwh
2010-01-01,584.1,0.0,584.1,628.457,20.56,649.017,584.1,64.917,52.632,0.0,0.0,12.285,0.0,0.0,0.0,0.0,800.0,0.8,1.0,0.0,0.0,0.0,0.0,0.0,0.0,1.0,0.981,1.0,minimize_generator,full_grid,False,0.0,12.285,5000,inf
2010-01-02,582.41,0.0,582.41,634.66,27.6,662.26,582.41,79.85,0.0,0.0,0.0,79.85,0.0,0.0,0.0,0.0,800.0,0.8,1.0,0.0,0.0,0.0,0.0,0.0,0.0,1.0,0.879,1.0,minimize_generator,full_grid,False,0.0,92.135,5000,inf
2010-01-03,587.26,0.0,587.26,607.458,38.2,645.658,587.26,58.398,0.0,0.0,0.0,58.398,0.0,0.0,0.0,0.0,800.0,0.8,1.0,0.0,0.0,0.0,0.0,0.0,0.0,1.0,0.91,1.0,minimize_generator,full_grid,False,0.0,150.534,5000,inf
2010-01-04,582.585,0.0,582.585,631.01,252.8,883.81,582.585,301.225,0.0,0.0,0.0,301.225,0.0,0.0,0.0,0.0,800.0,0.8,1.0,0.0,0.0,0.0,0.0,0.0,0.0,1.0,0.659,1.0,minimize_generator,full_grid,False,0.0,451.759,5000,inf
2010-01-05,580.72,0.0,580.72,640.935,177.08,818.015,580.72,237.295,0.0,0.0,0.0,237.295,0.0,0.0,0.0,0.0,800.0,0.8,1.0,0.0,0.0,0.0,0.0,0.0,0.0,1.0,0.71,1.0,minimize_generator,full_grid,False,0.0,689.054,5000,inf
2010-01-06,658.17,0.0,658.17,613.178,25.0,638.178,638.178,0.0,0.0,19.992,0.0,0.0,0.0,0.0,0.0,0.0,778.956,0.779,1.0,0.0,0.0,0.0,0.0,0.0,0.0,1.0,1.0,1.0,minimize_generator,full_grid,False,0.0,689.054,5000,inf
2010-01-07,585.02,0.0,585.02,618.596,15.24,633.836,585.02,48.816,22.151,0.0,0.0,26.665,0.0,0.0,0.0,0.0,800.0,0.8,1.0,0.0,0.0,0.0,0.0,0.0,0.0,1.0,0.958,1.0,minimize_generator,full_grid,False,0.0,715.719,5000,inf
2010-01-08,586.14,0.0,586.14,647.253,10.2,657.453,586.14,71.313,0.0,0.0,0.0,71.313,0.0,0.0,0.0,0.0,800.0,0.8,1.0,0.0,0.0,0.0,0.0,0.0,0.0,1.0,0.892,1.0,minimize_generator,full_grid,False,0.0,787.033,5000,inf
2010-01-09,572.425,0.0,572.425,661.67,19.92,681.59,572.425,109.165,0.0,0.0,0.0,109.165,0.0,0.0,0.0,0.0,800.0,0.8,1.0,0.0,0.0,0.0,0.0,0.0,0.0,1.0,0.84,1.0,minimize_generator,full_grid,False,0.0,896.197,5000,inf
2010-01-10,583.715,0.0,583.715,670.979,1.88,672.859,583.715,89.144,0.0,0.0,0.0,89.144,0.0,0.0,0.0,0.0,800.0,0.8,1.0,0.0,0.0,0.0,0.0,0.0,0.0,1.0,0.868,1.0,minimize_generator,full_grid,False,0.0,985.341,5000,inf
2010-01-11,586.14,0.0,586.14,645.844,6.44,652.284,586.14,66.144,0.0,0.0,0.0,66.144,0.0,0.0,0.0,0.0,800.0,0.8,1.0,0.0,0.0,0.0,0.0,0.0,0.0,1.0,0.899,1.0,minimize_generator,full_grid,False,0.0,1051.485,5000,inf
2010-01-12,581.465,0.0,581.465,599.534,6.12,605.654,581.465,24.189,0.0,0.0,0.0,24.189,0.0,0.0,0.0,0.0,800.0,0.8,1.0,0.0,0.0,0.0,0.0,0.0,0.0,1.0,0.96,1.0,minimize_generator,full_grid,False,0.0,1075.674,5000,inf
2010-01-13,587.085,0.0,587.085,394.549,89.04,483.589,483.589,0.0,0.0,103.496,0.0,0.0,0.0,0.0,0.0,0.0,691.057,0.691,1.0,0.0,0.0,0.0,0.0,0.0,0.0,1.0,1.0,1.0,minimize_generator,full_grid,False,0.0,1075.674,5000,inf
2010-01-14,583.355,0.0,583.355,644.42,70.2,714.62,583.355,131.265,114.677,0.0,0.0,16.589,0.0,0.0,0.0,0.0,800.0,0.8,1.0,0.0,0.0,0.0,0.0,0.0,0.0,1.0,0.977,1.0,minimize_generator,full_grid,False,0.0,1092.262,5000,inf
2010-01-15,584.66,3.02,587.68,661.883,54.24,716.123,587.68,128.443,0.0,0.0,0.0,128.443,0.0,0.0,0.0,0.0,800.0,0.8,1.0,0.0,0.0,0.0,0.0,0.0,0.0,1.0,0.821,1.0,minimize_generator,full_grid,False,0.0,1220.705,5000,inf
2010-01-16,583.355,2.761,586.116,573.372,16.32,589.692,586.116,3.576,0.0,0.0,0.0,3.576,0.0,0.0,0.0,0.0,800.0,0.8,1.0,0.0,0.0,0.0,0.0,0.0,0.0,1.0,0.994,1.0,minimize_generator,full_grid,False,0.0,1224.281,5000,inf
2010-01-17,659.475,3.217,662.692,471.31,136.2,607.51,607.51,0.0,0.0,55.182,0.0,0.0,0.0,0.0,0.0,0.0,741.914,0.742,1.0,0.0,0.0,0.0,0.0,0.0,0.0,1.0,1.0,1.0,minimize_generator,full_grid,False,0.0,1224.281,5000,inf
2010-01-18,585.58,3.848,589.428,523.015,433.64,956.655,589.428,367.227,61.143,0.0,0.0,306.084,0.0,0.0,0.0,0.0,800.0,0.8,1.0,0.0,0.0,0.0,0.0,0.0,0.0,1.0,0.68,1.0,minimize_generator,full_grid,False,0.0,1530.364,5000,inf
2010-01-19,581.85,2.892,584.742,571.873,143.28,715.153,584.742,130.411,0.0,0.0,0.0,130.411,0.0,0.0,0.0,0.0,800.0,0.8,1.0,0.0,0.0,0.0,0.0,0.0,0.0,1.0,0.818,1.0,minimize_generator,full_grid,False,0.0,1660.775,5000,inf
2010-01-20,588.75,3.173,591.923,485.279,212.96,698.239,591.923,106.316,0.0,0.0,0.0,106.316,0.0,0.0,0.0,0.0,800.0,0.8,1.0,0.0,0.0,0.0,0.0,0.0,0.0,1.0,0.848,1.0,minimize_generator,full_grid,False,0.0,1767.091,5000,inf
2010-01-21,581.29,2.912,584.202,657.849,146.84,804.689,584.202,220.487,0.0,0.0,0.0,220.487,0.0,0.0,0.0,0.0,800.0,0.8,1.0,0.0,0.0,0.0,0.0,0.0,0.0,1.0,0.726,1.0,minimize_generator,full_grid,False,0.0,1987.578,5000,inf
2010-01-22,586.525,2.585,589.11,679.373,23.56,702.933,589.11,113.823,0.0,0.0,0.0,113.823,0.0,0.0,0.0,0.0,800.0,0.8,1.0,0.0,0.0,0.0,0.0,0.0,0.0,1.0,0.838,1.0,minimize_generator,full_grid,False,0.0,2101.401,5000,inf
2010-01-23,571.885,3.283,575.168,688.644,57.72,746.364,575.168,171.196,0.0,0.0,0.0,171.196,0.0,0.0,0.0,0.0,800.0,0.8,1.0,0.0,0.0,0.0,0.0,0.0,0.0,1.0,0.771,1.0,minimize_generator,full_grid,False,0.0,2272.597,5000,inf
2010-01-24,580.93,3.891,584.821,671.736,354.52,1026.256,584.821,441.435,0.0,0.0,0.0,441.435,0.0,0.0,0.0,0.0,800.0,0.8,1.0,0.0,0.0,0.0,0.0,0.0,0.0,1.0,0.57,1.0,minimize_generator,full_grid,False,0.0,2714.032,5000,inf
2010-01-25,586.7,3.325,590.025,690.373,424.92,1115.293,590.025,525.268,0.0,0.0,0.0,525.268,0.0,0.0,0.0,0.0,800.0,0.8,1.0,0.0,0.0,0.0,0.0,0.0,0.0,1.0,0.529,1.0,minimize_generator,full_grid,False,0.0,3239.299,5000,inf
2010-01-26,588.75,3.304,592.054,709.762,218.68,928.442,592.054,336.388,0.0,0.0,0.0,336.388,0.0,0.0,0.0,0.0,800.0,0.8,1.0,0.0,0.0,0.0,0.0,0.0,0.0,1.0,0.638,1.0,minimize_generator,full_grid,False,0.0,3575.687,5000,inf
2010-01-27,586.7,2.434,589.134,585.961,6.76,592.721,589.134,3.587,0.0,0.0,0.0,3.587,0.0,0.0,0.0,0.0,800.0,0.8,1.0,0.0,0.0,0.0,0.0,0.0,0.0,1.0,0.994,1.0,minimize_generator,full_grid,False,0.0,3579.274,5000,inf
2010-01-28,585.755,2.761,588.516,725.053,2.28,727.333,588.516,138.817,0.0,0.0,0.0,138.817,0.0,0.0,0.0,0.0,800.0,0.8,1.0,0.0,0.0,0.0,0.0,0.0,0.0,1.0,0.809,1.0,minimize_generator,full_grid,False,0.0,3718.092,5000,inf
2010-01-29,585.02,3.674,588.694,701.539,68.24,769.779,588.694,181.085,0.0,0.0,0.0,181.085,0.0,0.0,0.0,0.0,800.0,0.8,1.0,0.0,0.0,0.0,0.0,0.0,0.0,1.0,0.765,1.0,minimize_generator,full_grid,False,0.0,3899.177,5000,inf
2010-01-30,580.72,4.108,584.828,548.457,341.96,890.417,584.828,305.589,0.0,0.0,0.0,305.589,0.0,0.0,0.0,0.0,800.0,0.8,1.0,0.0,0.0,0.0,0.0,0.0,0.0,1.0,0.657,1.0,minimize_generator,full_grid,False,0.0,4204.766,5000,inf
2010-01-31,583.715,2.825,586.54,410.761,34.16,444.921,444.921,0.0,0.0,141.619,0.0,0.0,0.0,0.0,0.0,0.0,650.927,0.651,1.0,0.0,0.0,0.0,0.0,0.0,0.0,1.0,1.0,1.0,minimize_generator,full_grid,False,0.0,4204.766,5000,inf
2010-02-01,584.66,3.919,588.579,696.431,249.96,946.391,588.579,357.812,156.919,0.0,0.0,200.894,0.0,0.0,0.0,0.0,800.0,0.8,1.0,0.0,0.0,0.0,0.0,0.0,0.0,1.0,0.788,1.0,minimize_generator,full_grid,False,0.0,200.894,5000,inf
2010-02-02,657.25,4.329,661.579,736.078,328.24,1064.318,661.579,402.739,0.0,0.0,0.0,402.739,0.0,0.0,0.0,0.0,800.0,0.8,1.0,0.0,0.0,0.0,0.0,0.0,0.0,1.0,0.622,1.0,minimize_generator,full_grid,False,0.0,603.633,5000,inf
2010-02-03,588.005,3.617,591.622,719.966,495.92,1215.886,591.622,624.264,0.0,0.0,0.0,624.264,0.0,0.0,0.0,0.0,800.0,0.8,1.0,0.0,0.0,0.0,0.0,0.0,0.0,1.0,0.487,1.0,minimize_generator,full_grid,False,0.0,1227.897,5000,inf
2010-02-04,572.365,3.422,575.787,750.384,511.28,1261.664,575.787,685.877,0.0,0.0,0.0,685.877,0.0,0.0,0.0,0.0,800.0,0.8,1.0,0.0,0.0,0.0,0.0,0.0,0.0,1.0,0.456,1.0,minimize_generator,full_grid,False,0.0,1913.773,5000,inf
2010-02-05,588.005,3.465,591.47,717.376,414.48,1131.856,591.47,540.386,0.0,0.0,0.0,540.386,0.0,0.0,0.0,0.0,800.0,0.8,1.0,0.0,0.0,0.0,0.0,0.0,0.0,1.0,0.523,1.0,minimize_generator,full_grid,False,0.0,2454.159,5000,inf
2010-02-06,585.58,3.53,589.11,740.582,260.32,1000.902,589.11,411.792,0.0,0.0,0.0,411.792,0.0,0.0,0.0,0.0,800.0,0.8,1.0,0.0,0.0,0.0,0.0,0.0,0.0,1.0,0.589,1.0,minimize_generator,full_grid,False,0.0,2865.951,5000,inf
2010-02-07,584.66,3.16,587.82,789.363,38.68,828.043,587.82,240.223,0.0,0.0,0.0,240.223,0.0,0.0,0.0,0.0,800.0,0.8,1.0,0.0,0.0,0.0,0.0,0.0,0.0,1.0,0.71,1.0,minimize_generator,full_grid,False,0.0,3106.175,5000,inf
2010-02-08,589.485,3.53,593.015,729.978,40.08,770.058,593.015,177.043,0.0,0.0,0.0,177.043,0.0,0.0,0.0,0.0,800.0,0.8,1.0,0.0,0.0,0.0,0.0,0.0,0.0,1.0,0.77,1.0,minimize_generator,full_grid,False,0.0,3283.218,5000,inf
2010-02-09,657.995,3.532,661.527,746.806,7.48,754.286,661.527,92.759,0.0,0.0,0.0,92.759,0.0,0.0,0.0,0.0,800.0,0.8,1.0,0.0,0.0,0.0,0.0,0.0,0.0,1.0,0.877,1.0,minimize_generator,full_grid,False,0.0,3375.976,5000,inf
2010-02-10,657.81,3.578,661.388,764.187,18.68,782.867,661.388,121.479,0.0,0.0,0.0,121.479,0.0,0.0,0.0,0.0,800.0,0.8,1.0,0.0,0.0,0.0,0.0,0.0,0.0,1.0,0.845,1.0,minimize_generator,full_grid,False,0.0,3497.455,5000,inf
2010-02-11,584.45,4.168,588.618,729.76,90.52,820.28,588.618,231.662,0.0,0.0,0.0,231.662,0.0,0.0,0.0,0.0,800.0,0.8,1.0,0.0,0.0,0.0,0.0,0.0,0.0,1.0,0.718,1.0,minimize_generator,full_grid,False,0.0,3729.117,5000,inf
2010-02-12,586.7,3.911,590.611,775.983,9.56,785.543,590.611,194.932,0.0,0.0,0.0,194.932,0.0,0.0,0.0,0.0,800.0,0.8,1.0,0.0,0.0,0.0,0.0,0.0,0.0,1.0,0.752,1.0,minimize_generator,full_grid,False,0.0,3924.049,5000,inf
2010-02-13,589.125,4.457,593.582,768.339,18.96,787.299,593.582,193.717,0.0,0.0,0.0,193.717,0.0,0.0,0.0,0.0,800.0,0.8,1.0,0.0,0.0,0.0,0.0,0.0,0.0,1.0,0.754,1.0,minimize_generator,full_grid,False,0.0,4117.765,5000,inf
2010-02-14,658.555,4.194,662.749,641.94,7.48,649.42,649.42,0.0,0.0,13.329,0.0,0.0,0.0,0.0,0.0,0.0,785.97,0.786,1.0,0.0,0.0,0.0,0.0,0.0,0.0,1.0,1.0,1.0,minimize_generator,full_grid,False,0.0,4117.765,5000,inf
2010-02-15,586.525,447.366,1033.891,642.246,44.04,686.286,686.286,0.0,0.0,347.605,0.0,0.0,0.0,0.0,0.0,0.0,420.07,0.42,1.0,0.0,0.0,0.0,0.0,0.0,0.0,1.0,1.0,1.0,minimize_generator,full_grid,False,0.0,4117.765,5000,inf
2010-02-16,587.83,432.149,1019.979,698.046,0.84,698.886,698.886,0.0,0.0,209.066,112.027,0.0,0.0,0.0,0.0,0.0,200.0,0.2,1.0,0.0,0.0,4.406,0.0,0.0,4.406,0.89,1.0,0.89,minimize_generator,full_grid,False,112.027,4117.765,5000,inf
2010-02-17,584.45,503.383,1087.833,763.772,29.16,792.932,792.932,0.0,0.0,0.0,294.901,0.0,0.0,0.0,0.0,0.0,200.0,0.2,1.0,0.0,0.0,11.519,0.0,0.0,11.519,0.729,1.0,0.729,minimize_generator,full_grid,False,406.928,4117.765,5000,inf
2010-02-18,584.275,514.184,1098.459,775.153,21.52,796.673,796.673,0.0,0.0,0.0,301.786,0.0,0.0,0.0,0.0,0.0,200.0,0.2,1.0,0.0,0.0,11.777,0.0,0.0,11.777,0.725,1.0,0.725,minimize_generator,full_grid,False,708.714,4117.765,5000,inf
2010-02-19,658.73,589.919,1248.649,811.085,182.68,993.765,993.765,0.0,0.0,0.0,254.884,0.0,0.0,0.0,0.0,0.0,200.0,0.2,1.0,0.0,0.0,9.939,0.0,0.0,9.939,0.796,1.0,0.796,minimize_generator,full_grid,False,963.598,4117.765,5000,inf
2010-02-20,660.98,542.445,1203.425,826.69,61.92,888.61,888.61,0.0,0.0,0.0,314.815,0.0,0.0,0.0,0.0,0.0,200.0,0.2,1.0,0.0,0.0,12.323,0.0,0.0,12.323,0.738,1.0,0.738,minimize_generator,full_grid,False,1278.413,4117.765,5000,inf
2010-02-21,589.125,538.053,1127.178,842.86,26.84,869.7,869.7,0.0,0.0,0.0,257.478,0.0,0.0,0.0,0.0,0.0,200.0,0.2,1.0,0.0,0.0,10.031,0.0,0.0,10.031,0.772,1.0,0.772,minimize_generator,full_grid,False,1535.891,4117.765,5000,inf
2010-02-22,660.035,519.209,1179.244,780.888,397.76,1178.648,1178.648,0.0,0.0,0.0,0.596,0.0,0.0,0.0,0.0,0.0,200.0,0.2,1.0,0.0,0.0,0.023,0.0,0.0,0.023,0.999,1.0,0.999,minimize_generator,full_grid,False,1536.486,4117.765,5000,inf
2010-02-23,657.81,534.399,1192.209,809.753,387.2,1196.953,1192.209,4.744,4.744,0.0,0.0,0.0,0.0,0.0,0.0,0.0,204.507,0.205,1.0,0.0,0.0,0.0,0.0,0.0,0.0,1.0,1.0,1.0,minimize_generator,full_grid,False,1536.486,4117.765,5000,inf
2010-02-24,587.445,506.382,1093.827,774.472,212.0,986.472,986.472,0.0,0.0,4.282,103.073,0.0,0.0,0.0,0.0,0.0,200.0,0.2,1.0,0.0,0.0,4.026,0.0,0.0,4.026,0.906,1.0,0.906,minimize_generator,full_grid,False,1639.559,4117.765,5000,inf
2010-02-25,658.38,476.363,1134.743,622.989,172.44,795.429,795.429,0.0,0.0,0.0,339.314,0.0,0.0,0.0,0.0,0.0,200.0,0.2,1.0,0.0,0.0,13.356,0.0,0.0,13.356,0.701,1.0,0.701,minimize_generator,full_grid,False,1978.874,4117.765,5000,inf
2010-02-26,663.245,411.826,1075.071,654.191,440.16,1094.351,1075.071,19.28,19.28,0.0,0.0,0.0,0.0,0.0,0.0,0.0,218.316,0.218,1.0,0.0,0.0,0.0,0.0,0.0,0.0,1.0,1.0,1.0,minimize_generator,full_grid,False,1978.874,4117.765,5000,inf
2010-02-27,657.25,467.691,1124.941,860.592,157.68,1018.272,1018.272,0.0,0.0,17.4,89.269,0.0,0.0,0.0,0.0,0.0,200.0,0.2,1.0,0.0,0.0,3.516,0.0,0.0,3.516,0.921,1.0,0.921,minimize_generator,full_grid,False,2068.143,4117.765,5000,inf
2010-02-28,663.805,567.311,1231.116,700.38,337.72,1038.1,1038.1,0.0,0.0,0.0,193.016,0.0,0.0,0.0,0.0,0.0,200.0,0.2,1.0,0.0,0.0,7.542,0.0,0.0,7.542,0.843,1.0,0.843,minimize_generator,full_grid,False,2261.159,4117.765,5000,inf
2010-03-01,581.29,547.908,1129.198,868.958,397.76,1266.718,1129.198,137.52,137.52,0.0,0.0,0.0,0.0,0.0,0.0,0.0,330.644,0.331,1.0,0.0,0.0,0.0,0.0,0.0,0.0,1.0,1.0,1.0,minimize_generator,full_grid,False,0.0,0.0,5000,inf
2010-03-02,661.165,541.154,1202.319,886.262,121.6,1007.862,1007.862,0.0,0.0,124.112,70.345,0.0,0.0,0.0,0.0,0.0,200.0,0.2,1.0,0.0,0.0,2.768,0.0,0.0,2.768,0.941,1.0,0.941,minimize_generator,full_grid,False,70.345,0.0,5000,inf
2010-03-03,658.555,536.954,1195.509,824.867,98.88,923.747,923.747,0.0,0.0,0.0,271.762,0.0,0.0,0.0,0.0,0.0,200.0,0.2,1.0,0.0,0.0,10.697,0.0,0.0,10.697,0.773,1.0,0.773,minimize_generator,full_grid,False,342.108,0.0,5000,inf
2010-03-04,657.435,634.062,1291.497,932.673,334.28,1266.953,1266.953,0.0,0.0,0.0,24.544,0.0,0.0,0.0,0.0,0.0,200.0,0.2,1.0,0.0,0.0,0.96,0.0,0.0,0.96,0.981,1.0,0.981,minimize_generator,full_grid,False,366.652,0.0,5000,inf
2010-03-05,659.115,536.932,1196.047,824.772,50.32,875.092,875.092,0.0,0.0,0.0,320.955,0.0,0.0,0.0,0.0,0.0,200.0,0.2,1.0,0.0,0.0,12.633,0.0,0.0,12.633,0.732,1.0,0.732,minimize_generator,full_grid,False,687.606,0.0,5000,inf
2010-03-06,584.66,562.655,1147.315,906.253,84.68,990.933,990.933,0.0,0.0,0.0,156.382,0.0,0.0,0.0,0.0,0.0,200.0,0.2,1.0,0.0,0.0,6.116,0.0,0.0,6.116,0.864,1.0,0.864,minimize_generator,full_grid,False,843.988,0.0,5000,inf
2010-03-07,658.38,610.157,1268.537,929.992,154.04,1084.032,1084.032,0.0,0.0,0.0,184.505,0.0,0.0,0.0,0.0,0.0,200.0,0.2,1.0,0.0,0.0,7.226,0.0,0.0,7.226,0.855,1.0,0.855,minimize_generator,full_grid,False,1028.493,0.0,5000,inf
2010-03-08,660.805,612.95,1273.755,907.626,40.56,948.186,948.186,0.0,0.0,0.0,325.569,0.0,0.0,0.0,0.0,0.0,200.0,0.2,1.0,0.0,0.0,12.751,0.0,0.0,12.751,0.744,1.0,0.744,minimize_generator,full_grid,False,1354.062,0.0,5000,inf
2010-03-09,665.67,638.998,1304.668,820.952,233.88,1054.832,1054.832,0.0,0.0,0.0,249.836,0.0,0.0,0.0,0.0,0.0,200.0,0.2,1.0,0.0,0.0,9.772,0.0,0.0,9.772,0.809,1.0,0.809,minimize_generator,full_grid,False,1603.898,0.0,5000,inf
2010-03-10,657.995,636.53,1294.525,885.318,128.4,1013.718,1013.718,0.0,0.0,0.0,280.807,0.0,0.0,0.0,0.0,0.0,200.0,0.2,1.0,0.0,0.0,10.98,0.0,0.0,10.98,0.783,1.0,0.783,minimize_generator,full_grid,False,1884.705,0.0,5000,inf
2010-03-11,657.25,661.969,1319.219,933.728,53.12,986.848,986.848,0.0,0.0,0.0,332.371,0.0,0.0,0.0,0.0,0.0,200.0,0.2,1.0,0.0,0.0,12.975,0.0,0.0,12.975,0.748,1.0,0.748,minimize_generator,full_grid,False,2217.076,0.0,5000,inf
2010-03-12,658.555,624.447,1283.002,945.927,52.0,997.927,997.927,0.0,0.0,0.0,285.075,0.0,0.0,0.0,0.0,0.0,200.0,0.2,1.0,0.0,0.0,11.155,0.0,0.0,11.155,0.778,1.0,0.778,minimize_generator,full_grid,False,2502.151,0.0,5000,inf
2010-03-13,664.55,640.41,1304.96,938.931,197.76,1136.691,1136.691,0.0,0.0,0.0,168.269,0.0,0.0,0.0,0.0,0.0,200.0,0.2,1.0,0.0,0.0,6.58,0.0,0.0,6.58,0.871,1.0,0.871,minimize_generator,full_grid,False,2670.421,0.0,5000,inf
2010-03-14,662.685,617.106,1279.791,781.599,298.12,1079.719,1079.719,0.0,0.0,0.0,200.072,0.0,0.0,0.0,0.0,0.0,200.0,0.2,1.0,0.0,0.0,7.835,0.0,0.0,7.835,0.844,1.0,0.844,minimize_generator,full_grid,False,2870.492,0.0,5000,inf
2010-03-15,659.3,603.12,1262.42,706.065,258.44,964.505,964.505,0.0,0.0,0.0,297.915,0.0,0.0,0.0,0.0,0.0,200.0,0.2,1.0,0.0,0.0,11.674,0.0,0.0,11.674,0.764,1.0,0.764,minimize_generator,full_grid,False,3168.407,0.0,5000,inf
2010-03-16,663.805,674.224,1338.029,844.022,519.12,1363.142,1338.029,25.113,25.113,0.0,0.0,0.0,0.0,0.0,0.0,0.0,223.858,0.224,1.0,0.0,0.0,0.0,0.0,0.0,0.0,1.0,1.0,1.0,minimize_generator,full_grid,False,3168.407,0.0,5000,inf
2010-03-17,662.685,589.2,1251.885,859.369,470.8,1330.169,1251.885,78.284,78.284,0.0,0.0,0.0,0.0,0.0,0.0,0.0,298.227,0.298,1.0,0.0,0.0,0.0,0.0,0.0,0.0,1.0,1.0,1.0,minimize_generator,full_grid,False,3168.407,0.0,5000,inf
2010-03-18,666.24,639.556,1305.796,987.263,560.64,1547.903,1305.796,242.107,242.107,0.0,0.0,0.0,0.0,0.0,0.0,0.0,528.229,0.528,1.0,0.0,0.0,0.0,0.0,0.0,0.0,1.0,1.0,1.0,minimize_generator,full_grid,False,3168.407,0.0,5000,inf
2010-03-19,659.86,696.324,1356.184,1053.671,368.36,1422.031,1356.184,65.847,65.847,0.0,0.0,0.0,0.0,0.0,0.0,0.0,590.783,0.591,1.0,0.0,0.0,0.0,0.0,0.0,0.0,1.0,1.0,1.0,minimize_generator,full_grid,False,3168.407,0.0,5000,inf
2010-03-20,661.54,736.594,1398.134,1019.277,338.56,1357.837,1357.837,0.0,0.0,40.297,0.0,0.0,0.0,0.0,0.0,0.0,548.366,0.548,1.0,0.0,0.0,0.0,0.0,0.0,0.0,1.0,1.0,1.0,minimize_generator,full_grid,False,3168.407,0.0,5000,inf
2010-03-21,661.54,708.647,1370.187,948.878,151.32,1100.198,1100.198,0.0,0.0,269.989,0.0,0.0,0.0,0.0,0.0,0.0,264.167,0.264,1.0,0.0,0.0,0.0,0.0,0.0,0.0,1.0,1.0,1.0,minimize_generator,full_grid,False,3168.407,0.0,5000,inf
2010-03-22,657.81,736.975,1394.785,952.77,144.16,1096.93,1096.93,0.0,0.0,60.959,236.896,0.0,0.0,0.0,0.0,0.0,200.0,0.2,1.0,0.0,0.0,9.21,0.0,0.0,9.21,0.83,1.0,0.83,minimize_generator,full_grid,False,3405.303,0.0,5000,inf
2010-03-23,665.11,723.097,1388.207,974.102,224.36,1198.462,1198.462,0.0,0.0,0.0,189.745,0.0,0.0,0.0,0.0,0.0,200.0,0.2,1.0,0.0,0.0,7.385,0.0,0.0,7.385,0.863,1.0,0.863,minimize_generator,full_grid,False,3595.048,0.0,5000,inf
2010-03-24,665.295,669.41,1334.705,983.103,19.92,1003.023,1003.023,0.0,0.0,0.0,331.682,0.0,0.0,0.0,0.0,0.0,200.0,0.2,1.0,0.0,0.0,12.949,0.0,0.0,12.949,0.751,1.0,0.751,minimize_generator,full_grid,False,3926.73,0.0,5000,inf
2010-03-25,664.55,796.824,1461.374,951.862,467.4,1419.262,1419.262,0.0,0.0,0.0,42.112,0.0,0.0,0.0,0.0,0.0,200.0,0.2,1.0,0.0,0.0,1.633,0.0,0.0,1.633,0.971,1.0,0.971,minimize_generator,full_grid,False,3968.842,0.0,5000,inf
2010-03-26,663.99,691.276,1355.266,983.782,369.16,1352.942,1352.942,0.0,0.0,0.0,2.324,0.0,0.0,0.0,0.0,0.0,200.0,0.2,1.0,0.0,0.0,0.091,0.0,0.0,0.091,0.998,1.0,0.998,minimize_generator,full_grid,False,3971.165,0.0,5000,inf
2010-03-27,659.475,680.463,1339.938,897.135,361.92,1259.055,1259.055,0.0,0.0,0.0,80.883,0.0,0.0,0.0,0.0,0.0,200.0,0.2,1.0,0.0,0.0,3.155,0.0,0.0,3.155,0.94,1.0,0.94,minimize_generator,full_grid,False,4052.049,0.0,5000,inf
2010-03-28,663.805,690.54,1354.345,1001.636,12.92,1014.556,1014.556,0.0,0.0,0.0,339.789,0.0,0.0,0.0,0.0,0.0,200.0,0.2,1.0,0.0,0.0,13.248,0.0,0.0,13.248,0.749,1.0,0.749,minimize_generator,full_grid,False,4391.838,0.0,5000,inf
2010-03-29,664.55,704.069,1368.619,991.939,29.56,1021.499,1021.499,0.0,0.0,0.0,347.12,0.0,0.0,0.0,0.0,0.0,200.0,0.2,1.0,0.0,0.0,13.524,0.0,0.0,13.524,0.746,1.0,0.746,minimize_generator,full_grid,False,4738.958,0.0,5000,inf
2010-03-30,663.07,642.789,1305.859,1088.685,417.28,1505.965,1305.859,200.106,200.106,0.0,0.0,0.0,0.0,0.0,0.0,0.0,390.101,0.39,1.0,0.0,0.0,0.0,0.0,0.0,0.0,1.0,1.0,1.0,minimize_generator,full_grid,False,4738.958,0.0,5000,inf
2010-03-31,665.855,377.017,1042.872,1135.375,142.4,1277.775,1042.872,234.903,234.903,0.0,0.0,0.0,0.0,0.0,0.0,0.0,613.258,0.613,1.0,0.0,0.0,0.0,0.0,0.0,0.0,1.0,1.0,1.0,minimize_generator,full_grid,False,4738.958,0.0,5000,inf
2010-04-01,731.14,1030.309,1761.449,1119.118,72.84,1191.958,1191.958,0.0,0.0,392.595,176.896,0.0,0.0,0.0,0.0,0.0,200.0,0.2,1.0,0.0,0.0,6.921,0.0,0.0,6.921,0.9,1.0,0.9,minimize_generator,full_grid,False,176.896,0.0,5000,inf
2010-04-02,737.085,1113.878,1850.963,1072.18,44.52,1116.7,1116.7,0.0,0.0,0.0,734.263,0.0,0.0,0.0,0.0,0.0,200.0,0.2,1.0,0.0,0.0,28.658,0.0,0.0,28.658,0.603,1.0,0.603,minimize_generator,full_grid,False,911.159,0.0,5000,inf
2010-04-03,730.93,1096.888,1827.818,978.359,57.72,1036.079,1036.079,0.0,0.0,0.0,791.739,0.0,0.0,0.0,0.0,0.0,200.0,0.2,1.0,0.0,0.0,30.909,0.0,0.0,30.909,0.567,1.0,0.567,minimize_generator,full_grid,False,1702.898,0.0,5000,inf
2010-04-04,731.7,1006.048,1737.748,939.69,137.08,1076.77,1076.77,0.0,0.0,0.0,660.978,0.0,0.0,0.0,0.0,0.0,200.0,0.2,1.0,0.0,0.0,25.883,0.0,0.0,25.883,0.62,1.0,0.62,minimize_generator,full_grid,False,2363.876,0.0,5000,inf
2010-04-05,730.755,1084.421,1815.176,1061.638,347.88,1409.518,1409.518,0.0,0.0,0.0,405.658,0.0,0.0,0.0,0.0,0.0,200.0,0.2,1.0,0.0,0.0,15.843,0.0,0.0,15.843,0.777,1.0,0.777,minimize_generator,full_grid,False,2769.533,0.0,5000,inf
2010-04-06,660.595,1029.872,1690.467,1098.377,403.68,1502.057,1502.057,0.0,0.0,0.0,188.41,0.0,0.0,0.0,0.0,0.0,200.0,0.2,1.0,0.0,0.0,7.346,0.0,0.0,7.346,0.889,1.0,0.889,minimize_generator,full_grid,False,2957.943,0.0,5000,inf
2010-04-07,731.49,1010.533,1742.023,1092.447,484.12,1576.567,1576.567,0.0,0.0,0.0,165.456,0.0,0.0,0.0,0.0,0.0,200.0,0.2,1.0,0.0,0.0,6.478,0.0,0.0,6.478,0.905,1.0,0.905,minimize_generator,full_grid,False,3123.399,0.0,5000,inf
2010-04-08,732.06,950.375,1682.435,1092.42,481.04,1573.46,1573.46,0.0,0.0,0.0,108.975,0.0,0.0,0.0,0.0,0.0,200.0,0.2,1.0,0.0,0.0,4.276,0.0,0.0,4.276,0.935,1.0,0.935,minimize_generator,full_grid,False,3232.374,0.0,5000,inf
2010-04-09,812.34,950.173,1762.513,1082.446,328.24,1410.686,1410.686,0.0,0.0,0.0,351.827,0.0,0.0,0.0,0.0,0.0,200.0,0.2,1.0,0.0,0.0,13.855,0.0,0.0,13.855,0.8,1.0,0.8,minimize_generator,full_grid,False,3584.201,0.0,5000,inf
2010-04-10,731.875,885.829,1617.704,998.421,13.68,1012.101,1012.101,0.0,0.0,0.0,605.603,0.0,0.0,0.0,0.0,0.0,200.0,0.2,1.0,0.0,0.0,23.82,0.0,0.0,23.82,0.626,1.0,0.626,minimize_generator,full_grid,False,4189.804,0.0,5000,inf
2010-04-11,733.925,872.622,1606.547,950.081,103.6,1053.681,1053.681,0.0,0.0,0.0,552.866,0.0,0.0,0.0,0.0,0.0,200.0,0.2,1.0,0.0,0.0,21.76,0.0,0.0,21.76,0.656,1.0,0.656,minimize_generator,full_grid,False,4742.669,0.0,5000,inf
2010-04-12,733.005,821.721,1554.726,1068.067,487.16,1555.227,1554.726,0.501,0.501,0.0,0.0,0.0,0.0,0.0,0.0,0.0,200.476,0.2,1.0,0.0,0.0,0.0,0.0,0.0,0.0,1.0,1.0,1.0,minimize_generator,full_grid,False,4742.669,0.0,5000,inf
2010-04-13,666.03,780.462,1446.492,1159.879,299.04,1458.919,1446.492,12.427,12.427,0.0,0.0,0.0,0.0,0.0,0.0,0.0,212.282,0.212,1.0,0.0,0.0,0.0,0.0,0.0,0.0,1.0,1.0,1.0,minimize_generator,full_grid,False,4742.669,0.0,5000,inf
2010-04-14,738.03,806.88,1544.91,1131.325,293.6,1424.925,1424.925,0.0,0.0,11.668,108.318,0.0,0.0,0.0,0.0,0.0,200.0,0.2,1.0,0.0,0.0,4.276,0.0,0.0,4.276,0.93,1.0,0.93,minimize_generator,full_grid,False,4850.987,0.0,5000,inf
2010-04-15,736.91,688.3,1425.21,1091.165,22.88,1114.045,1114.045,0.0,0.0,0.0,149.013,0.0,162.152,0.0,0.0,0.0,200.0,0.2,1.0,97.291,10.81,5.915,0.0,21.55,27.465,0.895,1.0,0.782,minimize_generator,full_grid,False,5000.0,0.0,5000,inf
2010-04-16,737.47,682.75,1420.22,1111.332,12.2,1123.532,1123.532,0.0,0.0,0.0,0.0,0.0,296.688,0.0,0.0,0.0,200.0,0.2,1.0,178.013,19.779,0.0,0.0,39.43,39.43,1.0,1.0,0.791,minimize_generator,full_grid,False,5000.0,0.0,5000,inf
2010-04-17,731.315,793.841,1525.156,1153.725,344.52,1498.245,1498.245,0.0,63.089,0.0,0.0,0.0,26.911,63.089,0.0,0.0,259.934,0.26,0.769,54.0,6.0,0.0,0.0,11.961,11.961,1.0,1.0,0.982,minimize_generator,full_grid,False,5000.0,0.0,5000,inf
2010-04-18,811.21,727.374,1538.584,1106.025,175.2,1281.225,1281.225,0.0,0.0,56.938,0.0,0.0,200.421,0.0,0.0,0.0,200.0,0.2,0.769,120.253,13.361,0.0,0.0,26.636,26.636,1.0,1.0,0.861,minimize_generator,full_grid,False,5000.0,0.0,5000,inf
2010-04-19,730.195,655.411,1385.606,1108.084,87.56,1195.644,1195.644,0.0,0.0,0.0,0.0,0.0,189.962,0.0,0.0,0.0,200.0,0.2,0.769,113.977,12.664,0.0,0.0,25.246,25.246,1.0,1.0,0.863,minimize_generator,full_grid,False,5000.0,0.0,5000,inf
2010-04-20,738.03,599.318,1337.348,1078.165,95.04,1173.205,1173.205,0.0,0.0,0.0,0.0,0.0,164.143,0.0,0.0,0.0,200.0,0.2,0.769,98.486,10.943,0.0,0.0,21.815,21.815,1.0,1.0,0.877,minimize_generator,full_grid,False,5000.0,0.0,5000,inf
2010-04-21,815.15,462.961,1278.111,971.275,430.32,1401.595,1278.111,123.484,123.484,0.0,0.0,0.0,0.0,0.0,0.0,0.0,317.31,0.317,0.855,0.0,0.0,0.0,0.0,0.0,0.0,1.0,1.0,1.0,minimize_generator,full_grid,False,5000.0,0.0,5000,inf
2010-04-22,732.62,300.536,1033.156,1199.247,490.16,1689.407,1033.156,656.251,508.095,0.0,0.0,148.156,0.0,0.0,0.0,0.0,800.0,0.8,0.942,0.0,0.0,0.0,0.0,0.0,0.0,1.0,0.912,1.0,minimize_generator,full_grid,False,5000.0,148.156,5000,inf
2010-04-23,734.66,311.74,1046.4,1115.912,269.64,1385.552,1046.4,339.152,0.0,0.0,0.0,339.152,0.0,0.0,0.0,0.0,800.0,0.8,0.942,0.0,0.0,0.0,0.0,0.0,0.0,1.0,0.755,1.0,minimize_generator,full_grid,False,5000.0,487.308,5000,inf
2010-04-24,737.47,307.285,1044.755,1196.11,51.44,1247.55,1044.755,202.795,0.0,0.0,0.0,202.795,0.0,0.0,0.0,0.0,800.0,0.8,0.942,0.0,0.0,0.0,0.0,0.0,0.0,1.0,0.837,1.0,minimize_generator,full_grid,False,5000.0,690.103,5000,inf
2010-04-25,735.43,233.146,968.576,1127.838,74.84,1202.678,968.576,234.102,0.0,0.0,0.0,234.102,0.0,0.0,0.0,0.0,800.0,0.8,0.942,0.0,0.0,0.0,0.0,0.0,0.0,1.0,0.805,1.0,minimize_generator,full_grid,False,5000.0,924.205,5000,inf
2010-04-26,731.875,175.525,907.4,1146.377,317.76,1464.137,907.4,556.737,0.0,0.0,0.0,556.737,0.0,0.0,0.0,0.0,800.0,0.8,0.942,0.0,0.0,0.0,0.0,0.0,0.0,1.0,0.62,1.0,minimize_generator,full_grid,False,5000.0,1480.942,5000,inf
2010-04-27,738.215,121.33,859.545,1155.305,20.24,1175.545,859.545,316.0,0.0,0.0,0.0,316.0,0.0,0.0,0.0,0.0,800.0,0.8,0.942,0.0,0.0,0.0,0.0,0.0,0.0,1.0,0.731,1.0,minimize_generator,full_grid,False,5000.0,1796.942,5000,inf
2010-04-28,734.3,80.269,814.569,1073.963,474.64,1548.603,814.569,734.034,0.0,0.0,0.0,734.034,0.0,0.0,0.0,0.0,800.0,0.8,0.942,0.0,0.0,0.0,0.0,0.0,0.0,1.0,0.526,1.0,minimize_generator,full_grid,False,5000.0,2530.976,5000,inf
2010-04-29,811.42,46.671,858.091,942.508,325.64,1268.148,858.091,410.057,0.0,0.0,0.0,410.057,0.0,0.0,0.0,0.0,800.0,0.8,0.942,0.0,0.0,0.0,0.0,0.0,0.0,1.0,0.677,1.0,minimize_generator,full_grid,False,5000.0,2941.033,5000,inf
2010-04-30,735.43,32.553,767.983,601.095,299.04,900.135,767.983,132.152,0.0,0.0,0.0,132.152,0.0,0.0,0.0,0.0,800.0,0.8,0.942,0.0,0.0,0.0,0.0,0.0,0.0,1.0,0.853,1.0,minimize_generator,full_grid,False,5000.0,3073.185,5000,inf
2010-05-01,815.885,974.342,1790.227,853.845,121.6,975.445,975.445,0.0,0.0,570.0,244.782,0.0,0.0,0.0,0.0,0.0,200.0,0.2,0.942,0.0,0.0,9.731,0.0,0.0,9.731,0.863,1.0,0.845,minimize_generator,full_grid,False,244.782,0.0,5000,inf
2010-05-02,736.525,1192.293,1928.818,1228.281,344.52,1572.801,1572.801,0.0,0.0,0.0,356.017,0.0,0.0,0.0,0.0,0.0,200.0,0.2,0.942,0.0,0.0,13.948,0.0,0.0,13.948,0.815,1.0,0.815,minimize_generator,full_grid,False,600.799,0.0,5000,inf
2010-05-03,738.6,1182.559,1921.159,1240.493,119.08,1359.573,1359.573,0.0,0.0,0.0,561.586,0.0,0.0,0.0,0.0,0.0,200.0,0.2,0.942,0.0,0.0,22.013,0.0,0.0,22.013,0.708,1.0,0.708,minimize_generator,full_grid,False,1162.385,0.0,5000,inf
2010-05-04,814.205,1197.45,2011.655,1229.996,72.84,1302.836,1302.836,0.0,0.0,0.0,708.819,0.0,0.0,0.0,0.0,0.0,200.0,0.2,0.942,0.0,0.0,27.897,0.0,0.0,27.897,0.648,1.0,0.648,minimize_generator,full_grid,False,1871.204,0.0,5000,inf
2010-05-05,735.79,1234.914,1970.704,1237.168,123.28,1360.448,1360.448,0.0,0.0,0.0,610.256,0.0,0.0,0.0,0.0,0.0,200.0,0.2,0.942,0.0,0.0,23.868,0.0,0.0,23.868,0.69,1.0,0.69,minimize_generator,full_grid,False,2481.46,0.0,5000,inf
2010-05-06,812.54,1229.835,2042.375,1240.599,187.4,1427.999,1427.999,0.0,0.0,0.0,614.376,0.0,0.0,0.0,0.0,0.0,200.0,0.2,0.942,0.0,0.0,24.147,0.0,0.0,24.147,0.699,1.0,0.699,minimize_generator,full_grid,False,3095.836,0.0,5000,inf
2010-05-07,816.805,1207.804,2024.609,1199.787,24.28,1224.067,1224.067,0.0,0.0,0.0,800.542,0.0,0.0,0.0,0.0,0.0,200.0,0.2,0.942,0.0,0.0,31.499,0.0,0.0,31.499,0.605,1.0,0.605,minimize_generator,full_grid,False,3896.378,0.0,5000,inf
2010-05-08,735.43,1191.847,1927.277,1141.253,37.28,1178.533,1178.533,0.0,0.0,0.0,748.744,0.0,0.0,0.0,0.0,0.0,200.0,0.2,0.942,0.0,0.0,29.333,0.0,0.0,29.333,0.612,1.0,0.612,minimize_generator,full_grid,False,4645.123,0.0,5000,inf
2010-05-09,813.285,1062.898,1876.183,1028.647,30.36,1059.007,1059.007,0.0,0.0,0.0,354.877,0.0,462.298,0.0,0.0,0.0,200.0,0.2,0.942,236.46,24.0,14.046,0.0,54.811,68.858,0.811,1.0,0.564,minimize_generator,full_grid,False,5000.0,0.0,5000,inf
2010-05-10,813.845,1057.196,1871.041,1025.254,166.88,1192.134,1192.134,0.0,0.0,0.0,0.0,0.0,678.907,0.0,0.0,0.0,200.0,0.2,0.942,279.781,24.0,0.0,0.0,64.853,64.853,1.0,1.0,0.637,minimize_generator,full_grid,False,5000.0,0.0,5000,inf
2010-05-11,816.07,912.689,1728.759,1147.523,381.8,1529.323,1529.323,0.0,0.0,0.0,0.0,0.0,199.436,0.0,0.0,0.0,200.0,0.2,0.942,119.661,13.296,0.0,0.0,27.738,27.738,1.0,1.0,0.885,minimize_generator,full_grid,False,5000.0,0.0,5000,inf
2010-05-12,737.855,898.332,1636.187,1209.94,272.44,1482.38,1482.38,0.0,0.0,0.0,0.0,0.0,153.807,0.0,0.0,0.0,200.0,0.2,0.942,92.284,10.254,0.0,0.0,21.391,21.391,1.0,1.0,0.906,minimize_generator,full_grid,False,5000.0,0.0,5000,inf
2010-05-13,737.855,816.763,1554.618,1229.215,254.68,1483.895,1483.895,0.0,19.277,0.0,0.0,0.0,70.723,19.277,0.0,0.0,218.313,0.218,0.863,54.0,6.0,0.0,0.0,12.517,12.517,1.0,1.0,0.955,minimize_generator,full_grid,False,5000.0,0.0,5000,inf
2010-05-14,816.07,740.258,1556.328,1223.907,276.16,1500.067,1500.067,0.0,51.136,17.397,0.0,0.0,38.864,51.136,0.0,0.0,248.58,0.249,0.695,54.0,6.0,0.0,0.0,12.517,12.517,1.0,1.0,0.974,minimize_generator,full_grid,False,5000.0,0.0,5000,inf
2010-05-15,815.5,661.239,1476.739,1167.944,124.96,1292.904,1292.904,0.0,0.0,46.151,0.0,0.0,137.684,0.0,0.0,0.0,200.0,0.2,0.695,82.611,9.179,0.0,0.0,19.149,19.149,1.0,1.0,0.897,minimize_generator,full_grid,False,5000.0,0.0,5000,inf
2010-05-16,815.5,637.846,1453.346,1101.104,19.92,1121.024,1121.024,0.0,0.0,0.0,0.0,0.0,332.322,0.0,0.0,0.0,200.0,0.2,0.695,199.393,22.155,0.0,0.0,46.219,46.219,1.0,1.0,0.771,minimize_generator,full_grid,False,5000.0,0.0,5000,inf
2010-05-17,816.27,559.772,1376.042,956.944,98.12,1055.064,1055.064,0.0,0.0,0.0,0.0,0.0,320.978,0.0,0.0,0.0,200.0,0.2,0.695,192.587,21.399,0.0,0.0,44.642,44.642,1.0,1.0,0.767,minimize_generator,full_grid,False,5000.0,0.0,5000,inf
2010-05-18,812.715,487.962,1300.677,1030.49,460.48,1490.97,1300.677,190.293,190.293,0.0,0.0,0.0,0.0,0.0,0.0,0.0,380.778,0.381,0.84,0.0,0.0,0.0,0.0,0.0,0.0,1.0,1.0,1.0,minimize_generator,full_grid,False,5000.0,0.0,5000,inf
2010-05-19,816.27,428.389,1244.659,1173.193,551.16,1724.353,1244.659,479.694,441.286,0.0,0.0,38.407,0.0,0.0,0.0,0.0,800.0,0.8,0.924,0.0,0.0,0.0,0.0,0.0,0.0,1.0,0.978,1.0,minimize_generator,full_grid,False,5000.0,38.407,5000,inf
2010-05-20,816.805,272.122,1088.927,1191.419,500.08,1691.499,1088.927,602.572,0.0,0.0,0.0,602.572,0.0,0.0,0.0,0.0,800.0,0.8,0.924,0.0,0.0,0.0,0.0,0.0,0.0,1.0,0.644,1.0,minimize_generator,full_grid,False,5000.0,640.98,5000,inf
2010-05-21,813.285,261.014,1074.299,1217.15,231.96,1449.11,1074.299,374.811,0.0,0.0,0.0,374.811,0.0,0.0,0.0,0.0,800.0,0.8,0.924,0.0,0.0,0.0,0.0,0.0,0.0,1.0,0.741,1.0,minimize_generator,full_grid,False,5000.0,1015.791,5000,inf
2010-05-22,893.775,208.639,1102.414,1171.36,215.8,1387.16,1102.414,284.746,0.0,0.0,0.0,284.746,0.0,0.0,0.0,0.0,800.0,0.8,0.924,0.0,0.0,0.0,0.0,0.0,0.0,1.0,0.795,1.0,minimize_generator,full_grid,False,5000.0,1300.537,5000,inf
2010-05-23,818.31,254.393,1072.703,1216.427,529.6,1746.027,1072.703,673.324,0.0,0.0,0.0,673.324,0.0,0.0,0.0,0.0,800.0,0.8,0.924,0.0,0.0,0.0,0.0,0.0,0.0,1.0,0.614,1.0,minimize_generator,full_grid,False,5000.0,1973.861,5000,inf
2010-05-24,812.34,188.646,1000.986,1233.419,401.48,1634.899,1000.986,633.913,0.0,0.0,0.0,633.913,0.0,0.0,0.0,0.0,800.0,0.8,0.924,0.0,0.0,0.0,0.0,0.0,0.0,1.0,0.612,1.0,minimize_generator,full_grid,False,5000.0,2607.775,5000,inf
2010-05-25,890.045,127.387,1017.432,1220.759,335.16,1555.919,1017.432,538.487,0.0,0.0,0.0,538.487,0.0,0.0,0.0,0.0,800.0,0.8,0.924,0.0,0.0,0.0,0.0,0.0,0.0,1.0,0.654,1.0,minimize_generator,full_grid,False,5000.0,3146.262,5000,inf
2010-05-26,813.635,114.214,927.849,1205.169,124.96,1330.129,927.849,402.28,0.0,0.0,0.0,402.28,0.0,0.0,0.0,0.0,800.0,0.8,0.924,0.0,0.0,0.0,0.0,0.0,0.0,1.0,0.698,1.0,minimize_generator,full_grid,False,5000.0,3548.542,5000,inf
2010-05-27,891.14,95.88,987.02,1043.481,288.12,1331.601,987.02,344.581,0.0,0.0,0.0,344.581,0.0,0.0,0.0,0.0,800.0,0.8,0.924,0.0,0.0,0.0,0.0,0.0,0.0,1.0,0.741,1.0,minimize_generator,full_grid,False,5000.0,3893.124,5000,inf
2010-05-28,892.645,79.017,971.662,1178.705,498.24,1676.945,971.662,705.283,0.0,0.0,0.0,705.283,0.0,0.0,0.0,0.0,800.0,0.8,0.924,0.0,0.0,0.0,0.0,0.0,0.0,1.0,0.579,1.0,minimize_generator,full_grid,False,5000.0,4598.406,5000,inf
2010-05-29,814.94,66.365,881.305,1227.225,299.92,1527.145,881.305,645.84,0.0,0.0,0.0,645.84,0.0,0.0,0.0,0.0,800.0,0.8,0.924,0.0,0.0,0.0,0.0,0.0,0.0,1.0,0.577,1.0,minimize_generator,full_grid,False,5000.0,5244.246,5000,inf
2010-05-30,892.445,50.34,942.785,1218.535,125.84,1344.375,942.785,401.59,0.0,0.0,0.0,401.59,0.0,0.0,0.0,0.0,800.0,0.8,0.924,0.0,0.0,0.0,0.0,0.0,0.0,1.0,0.701,1.0,minimize_generator,full_grid,False,5000.0,5645.836,5000,inf
2010-05-31,890.58,35.161,925.741,1216.006,70.2,1286.206,925.741,360.465,0.0,0.0,0.0,360.465,0.0,0.0,0.0,0.0,800.0,0.8,0.924,0.0,0.0,0.0,0.0,0.0,0.0,1.0,0.72,1.0,minimize_generator,full_grid,False,5000.0,6006.301,5000,inf
2010-06-01,892.445,786.22,1678.665,1136.073,15.76,1151.833,1151.833,0.0,0.0,526.832,0.0,0.0,0.0,0.0,0.0,0.0,245.44,0.245,0.924,0.0,0.0,0.0,0.0,0.0,0.0,1.0,1.0,0.976,minimize_generator,full_grid,False,0.0,0.0,5000,inf
2010-06-02,896.56,803.135,1699.695,1167.394,270.56,1437.954,1437.954,0.0,0.0,43.168,218.573,0.0,0.0,0.0,0.0,0.0,200.0,0.2,0.924,0.0,0.0,8.934,0.0,0.0,8.934,0.871,1.0,0.869,minimize_generator,full_grid,False,218.573,0.0,5000,inf
2010-06-03,818.31,759.516,1577.826,1092.054,299.92,1391.974,1391.974,0.0,0.0,0.0,185.852,0.0,0.0,0.0,0.0,0.0,200.0,0.2,0.924,0.0,0.0,7.583,0.0,0.0,7.583,0.882,1.0,0.882,minimize_generator,full_grid,False,404.425,0.0,5000,inf
2010-06-04,816.63,816.844,1633.474,1190.474,357.0,1547.474,1547.474,0.0,0.0,0.0,86.0,0.0,0.0,0.0,0.0,0.0,200.0,0.2,0.924,0.0,0.0,3.496,0.0,0.0,3.496,0.947,1.0,0.947,minimize_generator,full_grid,False,490.425,0.0,5000,inf
2010-06-05,816.27,833.02,1649.29,1231.811,373.16,1604.971,1604.971,0.0,0.0,0.0,44.319,0.0,0.0,0.0,0.0,0.0,200.0,0.2,0.924,0.0,0.0,1.8,0.0,0.0,1.8,0.973,1.0,0.973,minimize_generator,full_grid,False,534.744,0.0,5000,inf
2010-06-06,816.805,909.989,1726.794,1178.248,149.52,1327.768,1327.768,0.0,0.0,0.0,399.026,0.0,0.0,0.0,0.0,0.0,200.0,0.2,0.924,0.0,0.0,16.133,0.0,0.0,16.133,0.769,1.0,0.769,minimize_generator,full_grid,False,933.77,0.0,5000,inf
2010-06-07,890.405,783.562,1673.967,1168.284,5.96,1174.244,1174.244,0.0,0.0,0.0,499.723,0.0,0.0,0.0,0.0,0.0,200.0,0.2,0.924,0.0,0.0,20.443,0.0,0.0,20.443,0.701,1.0,0.701,minimize_generator,full_grid,False,1433.493,0.0,5000,inf
2010-06-08,892.085,798.314,1690.399,1151.81,477.88,1629.69,1629.69,0.0,0.0,0.0,60.709,0.0,0.0,0.0,0.0,0.0,200.0,0.2,0.924,0.0,0.0,2.481,0.0,0.0,2.481,0.964,1.0,0.964,minimize_generator,full_grid,False,1494.202,0.0,5000,inf
2010-06-09,892.085,788.76,1680.845,1247.37,496.36,1743.73,1680.845,62.885,62.885,0.0,0.0,0.0,0.0,0.0,0.0,0.0,259.741,0.26,0.941,0.0,0.0,0.0,0.0,0.0,0.0,1.0,1.0,1.0,minimize_generator,full_grid,False,1494.202,0.0,5000,inf
2010-06-10,894.31,796.384,1690.694,1249.894,254.68,1504.574,1504.574,0.0,0.0,56.754,129.366,0.0,0.0,0.0,0.0,0.0,200.0,0.2,0.941,0.0,0.0,5.289,0.0,0.0,5.289,0.923,1.0,0.922,minimize_generator,full_grid,False,1623.567,0.0,5000,inf
2010-06-11,891.525,713.719,1605.244,1138.471,68.88,1207.351,1207.351,0.0,0.0,0.0,397.893,0.0,0.0,0.0,0.0,0.0,200.0,0.2,0.941,0.0,0.0,16.353,0.0,0.0,16.353,0.752,1.0,0.752,minimize_generator,full_grid,False,2021.46,0.0,5000,inf
2010-06-12,896.945,691.963,1588.908,1182.748,163.16,1345.908,1345.908,0.0,0.0,0.0,243.0,0.0,0.0,0.0,0.0,0.0,200.0,0.2,0.941,0.0,0.0,10.005,0.0,0.0,10.005,0.847,1.0,0.847,minimize_generator,full_grid,False,2264.46,0.0,5000,inf
2010-06-13,890.78,640.108,1530.888,1213.261,182.68,1395.941,1395.941,0.0,0.0,0.0,134.947,0.0,0.0,0.0,0.0,0.0,200.0,0.2,0.941,0.0,0.0,5.575,0.0,0.0,5.575,0.912,1.0,0.912,minimize_generator,full_grid,False,2399.407,0.0,5000,inf
2010-06-14,902.155,676.354,1578.509,1197.224,341.12,1538.344,1538.344,0.0,0.0,0.0,40.165,0.0,0.0,0.0,0.0,0.0,200.0,0.2,0.941,0.0,0.0,1.656,0.0,0.0,1.656,0.975,1.0,0.975,minimize_generator,full_grid,False,2439.572,0.0,5000,inf
2010-06-15,894.51,651.372,1545.882,1224.727,380.24,1604.967,1545.882,59.085,59.085,0.0,0.0,0.0,0.0,0.0,0.0,0.0,256.13,0.256,0.954,0.0,0.0,0.0,0.0,0.0,0.0,1.0,1.0,1.0,minimize_generator,full_grid,False,2439.572,0.0,5000,inf
2010-06-16,818.495,655.295,1473.79,1238.646,97.36,1336.006,1336.006,0.0,0.0,53.324,84.46,0.0,0.0,0.0,0.0,0.0,200.0,0.2,0.954,0.0,0.0,3.471,0.0,0.0,3.471,0.943,1.0,0.941,minimize_generator,full_grid,False,2524.032,0.0,5000,inf
2010-06-17,817.75,664.098,1481.848,1206.817,222.48,1429.297,1429.297,0.0,0.0,0.0,52.551,0.0,0.0,0.0,0.0,0.0,200.0,0.2,0.954,0.0,0.0,2.158,0.0,0.0,2.158,0.965,1.0,0.965,minimize_generator,full_grid,False,2576.583,0.0,5000,inf
2010-06-18,894.31,638.977,1533.287,1222.208,233.88,1456.088,1456.088,0.0,0.0,0.0,77.199,0.0,0.0,0.0,0.0,0.0,200.0,0.2,0.954,0.0,0.0,3.19,0.0,0.0,3.19,0.95,1.0,0.95,minimize_generator,full_grid,False,2653.782,0.0,5000,inf
2010-06-19,891.91,608.393,1500.303,1202.012,217.72,1419.732,1419.732,0.0,0.0,0.0,80.571,0.0,0.0,0.0,0.0,0.0,200.0,0.2,0.954,0.0,0.0,3.337,0.0,0.0,3.337,0.946,1.0,0.946,minimize_generator,full_grid,False,2734.352,0.0,5000,inf
2010-06-20,895.43,547.57,1443.0,1140.624,20.56,1161.184,1161.184,0.0,0.0,0.0,281.816,0.0,0.0,0.0,0.0,0.0,200.0,0.2,0.954,0.0,0.0,11.731,0.0,0.0,11.731,0.805,1.0,0.805,minimize_generator,full_grid,False,3016.169,0.0,5000,inf
2010-06-21,894.695,589.874,1484.569,1194.563,72.16,1266.723,1266.723,0.0,0.0,0.0,217.846,0.0,0.0,0.0,0.0,0.0,200.0,0.2,0.954,0.0,0.0,9.037,0.0,0.0,9.037,0.853,1.0,0.853,minimize_generator,full_grid,False,3234.014,0.0,5000,inf
2010-06-22,892.83,568.085,1460.915,1158.389,255.6,1413.989,1413.989,0.0,0.0,0.0,46.926,0.0,0.0,0.0,0.0,0.0,200.0,0.2,0.954,0.0,0.0,1.95,0.0,0.0,1.95,0.968,1.0,0.968,minimize_generator,full_grid,False,3280.94,0.0,5000,inf
2010-06-23,890.045,497.774,1387.819,1201.095,147.72,1348.815,1348.815,0.0,0.0,0.0,39.004,0.0,0.0,0.0,0.0,0.0,200.0,0.2,0.954,0.0,0.0,1.63,0.0,0.0,1.63,0.972,1.0,0.972,minimize_generator,full_grid,False,3319.944,0.0,5000,inf
2010-06-24,817.19,439.557,1256.747,1170.003,367.56,1537.563,1256.747,280.816,280.816,0.0,0.0,0.0,0.0,0.0,0.0,0.0,466.775,0.467,0.98,0.0,0.0,0.0,0.0,0.0,0.0,1.0,1.0,1.0,minimize_generator,full_grid,False,3319.944,0.0,5000,inf
2010-06-25,891.91,401.205,1293.115,1234.535,469.68,1704.215,1293.115,411.1,350.763,0.0,0.0,60.338,0.0,0.0,0.0,0.0,800.0,0.8,0.989,0.0,0.0,0.0,0.0,0.0,0.0,1.0,0.965,1.0,minimize_generator,full_grid,False,3319.944,60.338,5000,inf
2010-06-26,896.735,389.416,1286.151,1255.854,412.36,1668.214,1286.151,382.063,0.0,0.0,0.0,382.063,0.0,0.0,0.0,0.0,800.0,0.8,0.989,0.0,0.0,0.0,0.0,0.0,0.0,1.0,0.771,1.0,minimize_generator,full_grid,False,3319.944,442.4,5000,inf
2010-06-27,894.51,386.594,1281.104,1236.71,336.88,1573.59,1281.104,292.486,0.0,0.0,0.0,292.486,0.0,0.0,0.0,0.0,800.0,0.8,0.989,0.0,0.0,0.0,0.0,0.0,0.0,1.0,0.814,1.0,minimize_generator,full_grid,False,3319.944,734.887,5000,inf
2010-06-28,818.495,411.902,1230.397,1255.19,155.88,1411.07,1230.397,180.673,0.0,0.0,0.0,180.673,0.0,0.0,0.0,0.0,800.0,0.8,0.989,0.0,0.0,0.0,0.0,0.0,0.0,1.0,0.872,1.0,minimize_generator,full_grid,False,3319.944,915.56,5000,inf
2010-06-29,894.51,141.76,1036.27,1200.501,94.28,1294.781,1036.27,258.511,0.0,0.0,0.0,258.511,0.0,0.0,0.0,0.0,800.0,0.8,0.989,0.0,0.0,0.0,0.0,0.0,0.0,1.0,0.8,1.0,minimize_generator,full_grid,False,3319.944,1174.07,5000,inf
2010-06-30,895.43,13.603,909.033,1198.49,414.48,1612.97,909.033,703.937,0.0,0.0,0.0,703.937,0.0,0.0,0.0,0.0,800.0,0.8,0.989,0.0,0.0,0.0,0.0,0.0,0.0,1.0,0.564,1.0,minimize_generator,full_grid,False,3319.944,1878.007,5000,inf
2010-07-01,890.78,13.534,904.314,1239.206,445.92,1685.126,904.314,780.812,0.0,0.0,0.0,780.812,0.0,0.0,0.0,0.0,800.0,0.8,0.989,0.0,0.0,0.0,0.0,0.0,0.0,1.0,0.537,1.0,minimize_generator,full_grid,False,0.0,780.812,5000,inf
2010-07-02,894.695,13.169,907.864,1248.235,404.4,1652.635,907.864,744.771,0.0,0.0,0.0,744.771,0.0,0.0,0.0,0.0,800.0,0.8,0.989,0.0,0.0,0.0,0.0,0.0,0.0,1.0,0.549,1.0,minimize_generator,full_grid,False,0.0,1525.583,5000,inf
2010-07-03,894.51,13.166,907.676,1236.99,288.12,1525.11,907.676,617.434,0.0,0.0,0.0,617.434,0.0,0.0,0.0,0.0,800.0,0.8,0.989,0.0,0.0,0.0,0.0,0.0,0.0,1.0,0.595,1.0,minimize_generator,full_grid,False,0.0,2143.017,5000,inf
2010-07-04,890.045,14.265,904.31,1184.349,134.44,1318.789,904.31,414.479,0.0,0.0,0.0,414.479,0.0,0.0,0.0,0.0,800.0,0.8,0.989,0.0,0.0,0.0,0.0,0.0,0.0,1.0,0.686,1.0,minimize_generator,full_grid,False,0.0,2557.496,5000,inf
2010-07-05,895.815,19.149,914.964,1184.358,161.36,1345.718,914.964,430.754,0.0,0.0,0.0,430.754,0.0,0.0,0.0,0.0,800.0,0.8,0.989,0.0,0.0,0.0,0.0,0.0,0.0,1.0,0.68,1.0,minimize_generator,full_grid,False,0.0,2988.25,5000,inf
2010-07-06,896.56,32.538,929.098,1181.79,256.56,1438.35,929.098,509.252,0.0,0.0,0.0,509.252,0.0,0.0,0.0,0.0,800.0,0.8,0.989,0.0,0.0,0.0,0.0,0.0,0.0,1.0,0.646,1.0,minimize_generator,full_grid,False,0.0,3497.502,5000,inf
2010-07-07,898.6,39.672,938.272,1157.837,362.72,1520.557,938.272,582.285,0.0,0.0,0.0,582.285,0.0,0.0,0.0,0.0,800.0,0.8,0.989,0.0,0.0,0.0,0.0,0.0,0.0,1.0,0.617,1.0,minimize_generator,full_grid,False,0.0,4079.788,5000,inf
2010-07-08,898.425,40.173,938.598,1145.501,495.44,1640.941,938.598,702.343,0.0,0.0,0.0,702.343,0.0,0.0,0.0,0.0,800.0,0.8,0.989,0.0,0.0,0.0,0.0,0.0,0.0,1.0,0.572,1.0,minimize_generator,full_grid,False,0.0,4782.131,5000,inf
2010-07-09,818.88,39.917,858.797,1136.391,480.52,1616.911,858.797,758.114,0.0,0.0,0.0,758.114,0.0,0.0,0.0,0.0,800.0,0.8,0.989,0.0,0.0,0.0,0.0,0.0,0.0,1.0,0.531,1.0,minimize_generator,full_grid,False,0.0,5540.245,5000,inf
2010-07-10,891.14,40.864,932.004,1139.762,467.4,1607.162,932.004,675.158,0.0,0.0,0.0,675.158,0.0,0.0,0.0,0.0,800.0,0.8,0.989,0.0,0.0,0.0,0.0,0.0,0.0,1.0,0.58,1.0,minimize_generator,full_grid,False,0.0,6215.404,5000,inf
2010-07-11,896.56,41.415,937.975,1129.997,490.64,1620.637,937.975,682.662,0.0,0.0,0.0,682.662,0.0,0.0,0.0,0.0,800.0,0.8,0.989,0.0,0.0,0.0,0.0,0.0,0.0,1.0,0.579,1.0,minimize_generator,full_grid,False,0.0,6898.065,5000,inf
2010-07-12,896.56,41.314,937.874,1095.987,280.76,1376.747,937.874,438.873,0.0,0.0,0.0,438.873,0.0,0.0,0.0,0.0,800.0,0.8,0.989,0.0,0.0,0.0,0.0,0.0,0.0,1.0,0.681,1.0,minimize_generator,full_grid,False,0.0,7336.938,5000,inf
2010-07-13,896.735,37.951,934.686,1063.791,450.28,1514.071,934.686,579.385,0.0,0.0,0.0,579.385,0.0,0.0,0.0,0.0,800.0,0.8,0.989,0.0,0.0,0.0,0.0,0.0,0.0,1.0,0.617,1.0,minimize_generator,full_grid,False,0.0,7916.323,5000,inf
2010-07-14,909.055,35.757,944.812,1138.998,474.08,1613.078,944.812,668.266,0.0,0.0,0.0,668.266,0.0,0.0,0.0,0.0,800.0,0.8,0.989,0.0,0.0,0.0,0.0,0.0,0.0,1.0,0.586,1.0,minimize_generator,full_grid,False,0.0,8584.589,5000,inf
2010-07-15,896.945,35.498,932.443,1150.338,391.0,1541.338,932.443,608.895,0.0,0.0,0.0,608.895,0.0,0.0,0.0,0.0,800.0,0.8,0.989,0.0,0.0,0.0,0.0,0.0,0.0,1.0,0.605,1.0,minimize_generator,full_grid,False,0.0,9193.484,5000,inf
2010-07-16,898.985,38.262,937.247,997.327,68.88,1066.207,937.247,128.96,0.0,0.0,0.0,128.96,0.0,0.0,0.0,0.0,800.0,0.8,0.989,0.0,0.0,0.0,0.0,0.0,0.0,1.0,0.879,1.0,minimize_generator,full_grid,False,0.0,9322.444,5000,inf
2010-07-17,898.425,40.944,939.369,1021.532,265.92,1287.452,939.369,348.083,0.0,0.0,0.0,348.083,0.0,0.0,0.0,0.0,800.0,0.8,0.989,0.0,0.0,0.0,0.0,0.0,0.0,1.0,0.73,1.0,minimize_generator,full_grid,False,0.0,9670.527,5000,inf
2010-07-18,897.12,42.923,940.043,1140.033,325.64,1465.673,940.043,525.63,0.0,0.0,0.0,525.63,0.0,0.0,0.0,0.0,800.0,0.8,0.989,0.0,0.0,0.0,0.0,0.0,0.0,1.0,0.641,1.0,minimize_generator,full_grid,False,0.0,10196.157,5000,inf
2010-07-19,893.565,42.651,936.216,1160.874,415.2,1576.074,936.216,639.858,0.0,0.0,0.0,639.858,0.0,0.0,0.0,0.0,800.0,0.8,0.989,0.0,0.0,0.0,0.0,0.0,0.0,1.0,0.594,1.0,minimize_generator,full_grid,False,0.0,10836.014,5000,inf
2010-07-20,897.505,40.001,937.506,1187.752,420.8,1608.552,937.506,671.046,0.0,0.0,0.0,671.046,0.0,0.0,0.0,0.0,800.0,0.8,0.989,0.0,0.0,0.0,0.0,0.0,0.0,1.0,0.583,1.0,minimize_generator,full_grid,False,0.0,11507.06,5000,inf
2010-07-21,891.91,36.501,928.411,1204.431,455.76,1660.191,928.411,731.78,0.0,0.0,0.0,731.78,0.0,0.0,0.0,0.0,800.0,0.8,0.989,0.0,0.0,0.0,0.0,0.0,0.0,1.0,0.559,1.0,minimize_generator,full_grid,False,0.0,12238.84,5000,inf
2010-07-22,893.775,33.656,927.431,1187.322,293.6,1480.922,927.431,553.491,0.0,0.0,0.0,553.491,0.0,0.0,0.0,0.0,800.0,0.8,0.989,0.0,0.0,0.0,0.0,0.0,0.0,1.0,0.626,1.0,minimize_generator,full_grid,False,0.0,12792.331,5000,inf
2010-07-23,892.83,32.712,925.542,1162.223,269.64,1431.863,925.542,506.321,0.0,0.0,0.0,506.321,0.0,0.0,0.0,0.0,800.0,0.8,0.989,0.0,0.0,0.0,0.0,0.0,0.0,1.0,0.646,1.0,minimize_generator,full_grid,False,0.0,13298.652,5000,inf
2010-07-24,894.87,33.273,928.143,1160.685,203.48,1364.165,928.143,436.022,0.0,0.0,0.0,436.022,0.0,0.0,0.0,0.0,800.0,0.8,0.989,0.0,0.0,0.0,0.0,0.0,0.0,1.0,0.68,1.0,minimize_generator,full_grid,False,0.0,13734.674,5000,inf
2010-07-25,903.275,29.119,932.394,1145.492,50.32,1195.812,932.394,263.418,0.0,0.0,0.0,263.418,0.0,0.0,0.0,0.0,800.0,0.8,0.989,0.0,0.0,0.0,0.0,0.0,0.0,1.0,0.78,1.0,minimize_generator,full_grid,False,0.0,13998.092,5000,inf
2010-07-26,817.015,11.333,828.348,1143.762,72.16,1215.922,828.348,387.574,0.0,0.0,0.0,387.574,0.0,0.0,0.0,0.0,800.0,0.8,0.989,0.0,0.0,0.0,0.0,0.0,0.0,1.0,0.681,1.0,minimize_generator,full_grid,False,0.0,14385.666,5000,inf
2010-07-27,897.12,12.639,909.759,1130.888,204.4,1335.288,909.759,425.529,0.0,0.0,0.0,425.529,0.0,0.0,0.0,0.0,800.0,0.8,0.989,0.0,0.0,0.0,0.0,0.0,0.0,1.0,0.681,1.0,minimize_generator,full_grid,False,0.0,14811.195,5000,inf
2010-07-28,817.75,12.665,830.415,1166.727,420.8,1587.527,830.415,757.112,0.0,0.0,0.0,757.112,0.0,0.0,0.0,0.0,800.0,0.8,0.989,0.0,0.0,0.0,0.0,0.0,0.0,1.0,0.523,1.0,minimize_generator,full_grid,False,0.0,15568.306,5000,inf
2010-07-29,892.645,11.618,904.263,1179.814,228.16,1407.974,904.263,503.711,0.0,0.0,0.0,503.711,0.0,0.0,0.0,0.0,800.0,0.8,0.989,0.0,0.0,0.0,0.0,0.0,0.0,1.0,0.642,1.0,minimize_generator,full_grid,False,0.0,16072.018,5000,inf
2010-07-30,898.425,10.455,908.88,1148.451,79.68,1228.131,908.88,319.251,0.0,0.0,0.0,319.251,0.0,0.0,0.0,0.0,800.0,0.8,0.989,0.0,0.0,0.0,0.0,0.0,0.0,1.0,0.74,1.0,minimize_generator,full_grid,False,0.0,16391.269,5000,inf
2010-07-31,894.51,9.195,903.705,1063.526,23.56,1087.086,903.705,183.381,0.0,0.0,0.0,183.381,0.0,0.0,0.0,0.0,800.0,0.8,0.989,0.0,0.0,0.0,0.0,0.0,0.0,1.0,0.831,1.0,minimize_generator,full_grid,False,0.0,16574.65,5000,inf
2010-08-01,890.045,10.458,900.503,1020.244,241.44,1261.684,900.503,361.181,0.0,0.0,0.0,361.181,0.0,0.0,0.0,0.0,800.0,0.8,0.989,0.0,0.0,0.0,0.0,0.0,0.0,1.0,0.714,1.0,minimize_generator,full_grid,False,0.0,361.181,5000,inf
2010-08-02,891.35,12.03,903.38,1067.006,442.72,1509.726,903.38,606.346,0.0,0.0,0.0,606.346,0.0,0.0,0.0,0.0,800.0,0.8,0.989,0.0,0.0,0.0,0.0,0.0,0.0,1.0,0.598,1.0,minimize_generator,full_grid,False,0.0,967.527,5000,inf
2010-08-03,896.56,11.683,908.243,1084.033,407.32,1491.353,908.243,583.11,0.0,0.0,0.0,583.11,0.0,0.0,0.0,0.0,800.0,0.8,0.989,0.0,0.0,0.0,0.0,0.0,0.0,1.0,0.609,1.0,minimize_generator,full_grid,False,0.0,1550.637,5000,inf
2010-08-04,891.14,10.711,901.851,1117.59,268.72,1386.31,901.851,484.459,0.0,0.0,0.0,484.459,0.0,0.0,0.0,0.0,800.0,0.8,0.989,0.0,0.0,0.0,0.0,0.0,0.0,1.0,0.651,1.0,minimize_generator,full_grid,False,0.0,2035.096,5000,inf
2010-08-05,894.51,9.139,903.649,1128.855,11.72,1140.575,903.649,236.926,0.0,0.0,0.0,236.926,0.0,0.0,0.0,0.0,800.0,0.8,0.989,0.0,0.0,0.0,0.0,0.0,0.0,1.0,0.792,1.0,minimize_generator,full_grid,False,0.0,2272.022,5000,inf
2010-08-06,893.775,8.745,902.52,1110.085,7.12,1117.205,902.52,214.685,0.0,0.0,0.0,214.685,0.0,0.0,0.0,0.0,800.0,0.8,0.989,0.0,0.0,0.0,0.0,0.0,0.0,1.0,0.808,1.0,minimize_generator,full_grid,False,0.0,2486.706,5000,inf
2010-08-07,891.14,10.781,901.921,1059.206,265.92,1325.126,901.921,423.205,0.0,0.0,0.0,423.205,0.0,0.0,0.0,0.0,800.0,0.8,0.989,0.0,0.0,0.0,0.0,0.0,0.0,1.0,0.681,1.0,minimize_generator,full_grid,False,0.0,2909.912,5000,inf
2010-08-08,901.41,10.666,912.076,1070.022,361.92,1431.942,912.076,519.866,0.0,0.0,0.0,519.866,0.0,0.0,0.0,0.0,800.0,0.8,0.989,0.0,0.0,0.0,0.0,0.0,0.0,1.0,0.637,1.0,minimize_generator,full_grid,False,0.0,3429.777,5000,inf
2010-08-09,895.64,10.087,905.727,1097.523,415.2,1512.723,905.727,606.996,0.0,0.0,0.0,606.996,0.0,0.0,0.0,0.0,800.0,0.8,0.989,0.0,0.0,0.0,0.0,0.0,0.0,1.0,0.599,1.0,minimize_generator,full_grid,False,0.0,4036.773,5000,inf
2010-08-10,814.94,10.11,825.05,1135.094,415.2,1550.294,825.05,725.244,0.0,0.0,0.0,725.244,0.0,0.0,0.0,0.0,800.0,0.8,0.989,0.0,0.0,0.0,0.0,0.0,0.0,1.0,0.532,1.0,minimize_generator,full_grid,False,0.0,4762.017,5000,inf
2010-08-11,893.775,9.578,903.353,1109.723,315.12,1424.843,903.353,521.49,0.0,0.0,0.0,521.49,0.0,0.0,0.0,0.0,800.0,0.8,0.989,0.0,0.0,0.0,0.0,0.0,0.0,1.0,0.634,1.0,minimize_generator,full_grid,False,0.0,5283.507,5000,inf
2010-08-12,890.405,9.419,899.824,1071.027,375.52,1446.547,899.824,546.723,0.0,0.0,0.0,546.723,0.0,0.0,0.0,0.0,800.0,0.8,0.989,0.0,0.0,0.0,0.0,0.0,0.0,1.0,0.622,1.0,minimize_generator,full_grid,False,0.0,5830.23,5000,inf
2010-08-13,896.0,0.648,896.648,1052.6,407.32,1459.92,896.648,563.272,0.0,0.0,0.0,563.272,0.0,0.0,0.0,0.0,800.0,0.8,0.989,0.0,0.0,0.0,0.0,0.0,0.0,1.0,0.614,1.0,minimize_generator,full_grid,False,0.0,6393.502,5000,inf
2010-08-14,889.66,0.0,889.66,1058.12,391.76,1449.88,889.66,560.22,0.0,0.0,0.0,560.22,0.0,0.0,0.0,0.0,800.0,0.8,0.989,0.0,0.0,0.0,0.0,0.0,0.0,1.0,0.614,1.0,minimize_generator,full_grid,False,0.0,6953.723,5000,inf
2010-08-15,892.085,0.0,892.085,1061.068,276.16,1337.228,892.085,445.143,0.0,0.0,0.0,445.143,0.0,0.0,0.0,0.0,800.0,0.8,0.989,0.0,0.0,0.0,0.0,0.0,0.0,1.0,0.667,1.0,minimize_generator,full_grid,False,0.0,7398.866,5000,inf
2010-08-16,894.135,0.0,894.135,1062.966,283.52,1346.486,894.135,452.351,0.0,0.0,0.0,452.351,0.0,0.0,0.0,0.0,800.0,0.8,0.989,0.0,0.0,0.0,0.0,0.0,0.0,1.0,0.664,1.0,minimize_generator,full_grid,False,0.0,7851.216,5000,inf
2010-08-17,895.43,0.0,895.43,974.469,298.12,1272.589,895.43,377.159,0.0,0.0,0.0,377.159,0.0,0.0,0.0,0.0,800.0,0.8,0.989,0.0,0.0,0.0,0.0,0.0,0.0,1.0,0.704,1.0,minimize_generator,full_grid,False,0.0,8228.375,5000,inf
2010-08-18,816.805,0.0,816.805,1014.915,124.12,1139.035,816.805,322.23,0.0,0.0,0.0,322.23,0.0,0.0,0.0,0.0,800.0,0.8,0.989,0.0,0.0,0.0,0.0,0.0,0.0,1.0,0.717,1.0,minimize_generator,full_grid,False,0.0,8550.606,5000,inf
2010-08-19,890.58,0.0,890.58,1022.468,142.4,1164.868,890.58,274.288,0.0,0.0,0.0,274.288,0.0,0.0,0.0,0.0,800.0,0.8,0.989,0.0,0.0,0.0,0.0,0.0,0.0,1.0,0.765,1.0,minimize_generator,full_grid,False,0.0,8824.894,5000,inf
2010-08-20,889.835,0.0,889.835,999.269,322.16,1321.429,889.835,431.594,0.0,0.0,0.0,431.594,0.0,0.0,0.0,0.0,800.0,0.8,0.989,0.0,0.0,0.0,0.0,0.0,0.0,1.0,0.673,1.0,minimize_generator,full_grid,False,0.0,9256.488,5000,inf
2010-08-21,818.31,0.0,818.31,1038.03,470.24,1508.27,818.31,689.96,0.0,0.0,0.0,689.96,0.0,0.0,0.0,0.0,800.0,0.8,0.989,0.0,0.0,0.0,0.0,0.0,0.0,1.0,0.543,1.0,minimize_generator,full_grid,False,0.0,9946.449,5000,inf
2010-08-22,897.865,0.0,897.865,1072.175,427.64,1499.815,897.865,601.95,0.0,0.0,0.0,601.95,0.0,0.0,0.0,0.0,800.0,0.8,0.989,0.0,0.0,0.0,0.0,0.0,0.0,1.0,0.599,1.0,minimize_generator,full_grid,False,0.0,10548.399,5000,inf
2010-08-23,892.645,0.0,892.645,1054.067,333.44,1387.507,892.645,494.862,0.0,0.0,0.0,494.862,0.0,0.0,0.0,0.0,800.0,0.8,0.989,0.0,0.0,0.0,0.0,0.0,0.0,1.0,0.643,1.0,minimize_generator,full_grid,False,0.0,11043.26,5000,inf
2010-08-24,815.5,0.0,815.5,1047.066,318.64,1365.706,815.5,550.206,0.0,0.0,0.0,550.206,0.0,0.0,0.0,0.0,800.0,0.8,0.989,0.0,0.0,0.0,0.0,0.0,0.0,1.0,0.597,1.0,minimize_generator,full_grid,False,0.0,11593.466,5000,inf
2010-08-25,894.135,0.0,894.135,1057.862,403.68,1461.542,894.135,567.407,0.0,0.0,0.0,567.407,0.0,0.0,0.0,0.0,800.0,0.8,0.989,0.0,0.0,0.0,0.0,0.0,0.0,1.0,0.612,1.0,minimize_generator,full_grid,False,0.0,12160.873,5000,inf
2010-08-26,898.425,0.0,898.425,1061.471,394.8,1456.271,898.425,557.846,0.0,0.0,0.0,557.846,0.0,0.0,0.0,0.0,800.0,0.8,0.989,0.0,0.0,0.0,0.0,0.0,0.0,1.0,0.617,1.0,minimize_generator,full_grid,False,0.0,12718.719,5000,inf
2010-08-27,894.135,0.0,894.135,1081.635,123.28,1204.915,894.135,310.78,0.0,0.0,0.0,310.78,0.0,0.0,0.0,0.0,800.0,0.8,0.989,0.0,0.0,0.0,0.0,0.0,0.0,1.0,0.742,1.0,minimize_generator,full_grid,False,0.0,13029.499,5000,inf
2010-08-28,813.845,0.0,813.845,1050.057,190.2,1240.257,813.845,426.412,0.0,0.0,0.0,426.412,0.0,0.0,0.0,0.0,800.0,0.8,0.989,0.0,0.0,0.0,0.0,0.0,0.0,1.0,0.656,1.0,minimize_generator,full_grid,False,0.0,13455.911,5000,inf
2010-08-29,817.365,0.0,817.365,1046.456,334.28,1380.736,817.365,563.371,0.0,0.0,0.0,563.371,0.0,0.0,0.0,0.0,800.0,0.8,0.989,0.0,0.0,0.0,0.0,0.0,0.0,1.0,0.592,1.0,minimize_generator,full_grid,False,0.0,14019.282,5000,inf
2010-08-30,894.31,0.0,894.31,1081.17,383.36,1464.53,894.31,570.22,0.0,0.0,0.0,570.22,0.0,0.0,0.0,0.0,800.0,0.8,0.989,0.0,0.0,0.0,0.0,0.0,0.0,1.0,0.611,1.0,minimize_generator,full_grid,False,0.0,14589.502,5000,inf
2010-08-31,816.07,0.0,816.07,1106.804,436.28,1543.084,816.07,727.014,0.0,0.0,0.0,727.014,0.0,0.0,0.0,0.0,800.0,0.8,0.989,0.0,0.0,0.0,0.0,0.0,0.0,1.0,0.529,1.0,minimize_generator,full_grid,False,0.0,15316.516,5000,inf
2010-09-01,890.78,395.429,1286.209,1053.411,322.16,1375.571,1286.209,89.362,0.0,0.0,0.0,89.362,0.0,0.0,0.0,0.0,800.0,0.8,0.989,0.0,0.0,0.0,0.0,0.0,0.0,1.0,0.935,1.0,minimize_generator,full_grid,False,0.0,89.362,5000,inf
2010-09-02,891.91,370.27,1262.18,1056.754,381.8,1438.554,1262.18,176.374,0.0,0.0,0.0,176.374,0.0,0.0,0.0,0.0,800.0,0.8,0.989,0.0,0.0,0.0,0.0,0.0,0.0,1.0,0.877,1.0,minimize_generator,full_grid,False,0.0,265.736,5000,inf
2010-09-03,814.58,376.655,1191.235,1056.491,310.68,1367.171,1191.235,175.936,0.0,0.0,0.0,175.936,0.0,0.0,0.0,0.0,800.0,0.8,0.989,0.0,0.0,0.0,0.0,0.0,0.0,1.0,0.871,1.0,minimize_generator,full_grid,False,0.0,441.671,5000,inf
2010-09-04,817.575,383.951,1201.526,1027.049,341.12,1368.169,1201.526,166.643,0.0,0.0,0.0,166.643,0.0,0.0,0.0,0.0,800.0,0.8,0.989,0.0,0.0,0.0,0.0,0.0,0.0,1.0,0.878,1.0,minimize_generator,full_grid,False,0.0,608.314,5000,inf
2010-09-05,734.485,362.974,1097.459,1007.637,357.0,1364.637,1097.459,267.178,0.0,0.0,0.0,267.178,0.0,0.0,0.0,0.0,800.0,0.8,0.989,0.0,0.0,0.0,0.0,0.0,0.0,1.0,0.804,1.0,minimize_generator,full_grid,False,0.0,875.492,5000,inf
2010-09-06,813.46,404.926,1218.386,1059.091,339.44,1398.531,1218.386,180.145,0.0,0.0,0.0,180.145,0.0,0.0,0.0,0.0,800.0,0.8,0.989,0.0,0.0,0.0,0.0,0.0,0.0,1.0,0.871,1.0,minimize_generator,full_grid,False,0.0,1055.638,5000,inf
2010-09-07,816.07,419.518,1235.588,1012.788,299.04,1311.828,1235.588,76.24,0.0,0.0,0.0,76.24,0.0,0.0,0.0,0.0,800.0,0.8,0.989,0.0,0.0,0.0,0.0,0.0,0.0,1.0,0.942,1.0,minimize_generator,full_grid,False,0.0,1131.878,5000,inf
2010-09-08,812.155,377.567,1189.722,1002.465,329.12,1331.585,1189.722,141.863,0.0,0.0,0.0,141.863,0.0,0.0,0.0,0.0,800.0,0.8,0.989,0.0,0.0,0.0,0.0,0.0,0.0,1.0,0.893,1.0,minimize_generator,full_grid,False,0.0,1273.742,5000,inf
2010-09-09,893.215,361.151,1254.366,1005.962,376.32,1382.282,1254.366,127.916,0.0,0.0,0.0,127.916,0.0,0.0,0.0,0.0,800.0,0.8,0.989,0.0,0.0,0.0,0.0,0.0,0.0,1.0,0.907,1.0,minimize_generator,full_grid,False,0.0,1401.658,5000,inf
2010-09-10,811.035,365.711,1176.746,1006.801,320.4,1327.201,1176.746,150.455,0.0,0.0,0.0,150.455,0.0,0.0,0.0,0.0,800.0,0.8,0.989,0.0,0.0,0.0,0.0,0.0,0.0,1.0,0.887,1.0,minimize_generator,full_grid,False,0.0,1552.113,5000,inf
2010-09-11,814.405,358.415,1172.82,1013.723,381.8,1395.523,1172.82,222.703,0.0,0.0,0.0,222.703,0.0,0.0,0.0,0.0,800.0,0.8,0.989,0.0,0.0,0.0,0.0,0.0,0.0,1.0,0.84,1.0,minimize_generator,full_grid,False,0.0,1774.816,5000,inf
2010-09-12,816.27,411.993,1228.263,1002.698,234.8,1237.498,1228.263,9.235,0.0,0.0,0.0,9.235,0.0,0.0,0.0,0.0,800.0,0.8,0.989,0.0,0.0,0.0,0.0,0.0,0.0,1.0,0.993,1.0,minimize_generator,full_grid,False,0.0,1784.051,5000,inf
2010-09-13,891.525,414.999,1306.524,984.7,411.64,1396.34,1306.524,89.816,0.0,0.0,0.0,89.816,0.0,0.0,0.0,0.0,800.0,0.8,0.989,0.0,0.0,0.0,0.0,0.0,0.0,1.0,0.936,1.0,minimize_generator,full_grid,False,0.0,1873.867,5000,inf
2010-09-14,809.905,379.914,1189.819,1004.761,424.92,1429.681,1189.819,239.862,0.0,0.0,0.0,239.862,0.0,0.0,0.0,0.0,800.0,0.8,0.989,0.0,0.0,0.0,0.0,0.0,0.0,1.0,0.832,1.0,minimize_generator,full_grid,False,0.0,2113.729,5000,inf
2010-09-15,889.835,362.097,1251.932,1018.909,373.16,1392.069,1251.932,140.137,0.0,0.0,0.0,140.137,0.0,0.0,0.0,0.0,800.0,0.8,0.989,0.0,0.0,0.0,0.0,0.0,0.0,1.0,0.899,1.0,minimize_generator,full_grid,False,0.0,2253.866,5000,inf
2010-09-16,814.765,371.242,1186.007,979.8,343.68,1323.48,1186.007,137.473,0.0,0.0,0.0,137.473,0.0,0.0,0.0,0.0,800.0,0.8,0.989,0.0,0.0,0.0,0.0,0.0,0.0,1.0,0.896,1.0,minimize_generator,full_grid,False,0.0,2391.339,5000,inf
2010-09-17,810.85,363.402,1174.252,983.392,471.32,1454.712,1174.252,280.46,0.0,0.0,0.0,280.46,0.0,0.0,0.0,0.0,800.0,0.8,0.989,0.0,0.0,0.0,0.0,0.0,0.0,1.0,0.807,1.0,minimize_generator,full_grid,False,0.0,2671.799,5000,inf
2010-09-18,815.885,385.925,1201.81,999.901,405.88,1405.781,1201.81,203.971,0.0,0.0,0.0,203.971,0.0,0.0,0.0,0.0,800.0,0.8,0.989,0.0,0.0,0.0,0.0,0.0,0.0,1.0,0.855,1.0,minimize_generator,full_grid,False,0.0,2875.77,5000,inf
2010-09-19,814.58,326.482,1141.062,996.355,72.16,1068.515,1068.515,0.0,0.0,72.547,0.0,0.0,0.0,0.0,0.0,0.0,723.635,0.724,0.989,0.0,0.0,0.0,0.0,0.0,0.0,1.0,1.0,0.999,minimize_generator,full_grid,False,0.0,2875.77,5000,inf
2010-09-20,811.42,319.191,1130.611,970.358,12.92,983.278,983.278,0.0,0.0,147.333,0.0,0.0,0.0,0.0,0.0,0.0,568.547,0.569,0.989,0.0,0.0,0.0,0.0,0.0,0.0,1.0,1.0,0.999,minimize_generator,full_grid,False,0.0,2875.77,5000,inf
2010-09-21,813.46,337.761,1151.221,869.185,163.16,1032.345,1032.345,0.0,0.0,118.876,0.0,0.0,0.0,0.0,0.0,0.0,443.414,0.443,0.989,0.0,0.0,0.0,0.0,0.0,0.0,1.0,1.0,0.999,minimize_generator,full_grid,False,0.0,2875.77,5000,inf
2010-09-22,811.595,289.663,1101.258,518.062,234.8,752.862,752.862,0.0,0.0,231.243,117.153,0.0,0.0,0.0,0.0,0.0,200.0,0.2,0.989,0.0,0.0,5.058,0.0,0.0,5.058,0.894,1.0,0.891,minimize_generator,full_grid,False,117.153,2875.77,5000,inf
2010-09-23,813.075,366.347,1179.422,865.61,172.44,1038.05,1038.05,0.0,0.0,0.0,141.372,0.0,0.0,0.0,0.0,0.0,200.0,0.2,0.989,0.0,0.0,6.052,0.0,0.0,6.052,0.88,1.0,0.88,minimize_generator,full_grid,False,258.525,2875.77,5000,inf
2010-09-24,814.94,379.727,1194.667,794.876,275.2,1070.076,1070.076,0.0,0.0,0.0,124.591,0.0,0.0,0.0,0.0,0.0,200.0,0.2,0.989,0.0,0.0,5.327,0.0,0.0,5.327,0.896,1.0,0.896,minimize_generator,full_grid,False,383.116,2875.77,5000,inf
2010-09-25,817.935,400.172,1218.107,828.201,323.92,1152.121,1152.121,0.0,0.0,0.0,65.986,0.0,0.0,0.0,0.0,0.0,200.0,0.2,0.989,0.0,0.0,2.816,0.0,0.0,2.816,0.946,1.0,0.946,minimize_generator,full_grid,False,449.103,2875.77,5000,inf
2010-09-26,736.165,385.61,1121.775,840.089,122.44,962.529,962.529,0.0,0.0,0.0,159.246,0.0,0.0,0.0,0.0,0.0,200.0,0.2,0.989,0.0,0.0,6.776,0.0,0.0,6.776,0.858,1.0,0.858,minimize_generator,full_grid,False,608.349,2875.77,5000,inf
2010-09-27,890.045,416.309,1306.354,815.997,158.6,974.597,974.597,0.0,0.0,0.0,331.757,0.0,0.0,0.0,0.0,0.0,200.0,0.2,0.989,0.0,0.0,14.181,0.0,0.0,14.181,0.746,1.0,0.746,minimize_generator,full_grid,False,940.106,2875.77,5000,inf
2010-09-28,733.005,421.343,1154.348,801.607,125.84,927.447,927.447,0.0,0.0,0.0,226.901,0.0,0.0,0.0,0.0,0.0,200.0,0.2,0.989,0.0,0.0,9.618,0.0,0.0,9.618,0.803,1.0,0.803,minimize_generator,full_grid,False,1167.008,2875.77,5000,inf
2010-09-29,810.29,421.22,1231.51,835.954,98.12,934.074,934.074,0.0,0.0,0.0,297.436,0.0,0.0,0.0,0.0,0.0,200.0,0.2,0.989,0.0,0.0,12.661,0.0,0.0,12.661,0.758,1.0,0.758,minimize_generator,full_grid,False,1464.443,2875.77,5000,inf
2010-09-30,812.715,417.966,1230.681,855.239,36.36,891.599,891.599,0.0,0.0,0.0,339.082,0.0,0.0,0.0,0.0,0.0,200.0,0.2,0.989,0.0,0.0,14.44,0.0,0.0,14.44,0.724,1.0,0.724,minimize_generator,full_grid,False,1803.526,2875.77,5000,inf
2010-10-01,811.21,676.572,1487.782,824.477,24.64,849.117,849.117,0.0,0.0,0.0,638.665,0.0,0.0,0.0,0.0,0.0,200.0,0.2,0.989,0.0,0.0,26.794,0.0,0.0,26.794,0.571,1.0,0.571,minimize_generator,full_grid,False,638.665,0.0,5000,inf
2010-10-02,736.735,652.392,1389.127,791.438,4.04,795.478,795.478,0.0,0.0,0.0,593.649,0.0,0.0,0.0,0.0,0.0,200.0,0.2,0.989,0.0,0.0,24.846,0.0,0.0,24.846,0.573,1.0,0.573,minimize_generator,full_grid,False,1232.313,0.0,5000,inf
2010-10-03,737.855,651.527,1389.382,751.868,16.04,767.908,767.908,0.0,0.0,0.0,621.474,0.0,0.0,0.0,0.0,0.0,200.0,0.2,0.989,0.0,0.0,26.014,0.0,0.0,26.014,0.553,1.0,0.553,minimize_generator,full_grid,False,1853.788,0.0,5000,inf
2010-10-04,736.525,688.736,1425.261,695.477,208.2,903.677,903.677,0.0,0.0,0.0,521.584,0.0,0.0,0.0,0.0,0.0,200.0,0.2,0.989,0.0,0.0,21.783,0.0,0.0,21.783,0.634,1.0,0.634,minimize_generator,full_grid,False,2375.371,0.0,5000,inf
2010-10-05,735.79,702.613,1438.403,734.773,305.32,1040.093,1040.093,0.0,0.0,0.0,398.31,0.0,0.0,0.0,0.0,0.0,200.0,0.2,0.989,0.0,0.0,16.62,0.0,0.0,16.62,0.723,1.0,0.723,minimize_generator,full_grid,False,2773.681,0.0,5000,inf
2010-10-06,811.77,719.289,1531.059,819.039,434.32,1253.359,1253.359,0.0,0.0,0.0,277.7,0.0,0.0,0.0,0.0,0.0,200.0,0.2,0.989,0.0,0.0,11.622,0.0,0.0,11.622,0.819,1.0,0.819,minimize_generator,full_grid,False,3051.381,0.0,5000,inf
2010-10-07,809.73,728.521,1538.251,854.387,416.6,1270.987,1270.987,0.0,0.0,0.0,267.264,0.0,0.0,0.0,0.0,0.0,200.0,0.2,0.989,0.0,0.0,11.179,0.0,0.0,11.179,0.826,1.0,0.826,minimize_generator,full_grid,False,3318.645,0.0,5000,inf
2010-10-08,734.485,726.624,1461.109,877.986,360.28,1238.266,1238.266,0.0,0.0,0.0,222.843,0.0,0.0,0.0,0.0,0.0,200.0,0.2,0.989,0.0,0.0,9.285,0.0,0.0,9.285,0.847,1.0,0.847,minimize_generator,full_grid,False,3541.488,0.0,5000,inf
2010-10-09,811.035,697.763,1508.798,863.494,98.88,962.374,962.374,0.0,0.0,0.0,546.424,0.0,0.0,0.0,0.0,0.0,200.0,0.2,0.989,0.0,0.0,22.896,0.0,0.0,22.896,0.638,1.0,0.638,minimize_generator,full_grid,False,4087.912,0.0,5000,inf
2010-10-10,737.655,680.475,1418.13,808.12,14.96,823.08,823.08,0.0,0.0,0.0,595.05,0.0,0.0,0.0,0.0,0.0,200.0,0.2,0.989,0.0,0.0,24.864,0.0,0.0,24.864,0.58,1.0,0.58,minimize_generator,full_grid,False,4682.961,0.0,5000,inf
2010-10-11,810.115,752.625,1562.74,832.628,300.84,1133.468,1133.468,0.0,0.0,0.0,317.039,0.0,112.233,0.0,0.0,0.0,200.0,0.2,0.989,67.34,7.482,13.244,0.0,16.114,29.358,0.797,1.0,0.725,minimize_generator,full_grid,False,5000.0,0.0,5000,inf
2010-10-12,738.215,699.849,1438.064,847.301,178.96,1026.261,1026.261,0.0,0.0,0.0,0.0,0.0,411.803,0.0,0.0,0.0,200.0,0.2,0.989,226.361,24.0,0.0,0.0,54.168,54.168,1.0,1.0,0.714,minimize_generator,full_grid,False,5000.0,0.0,5000,inf
2010-10-13,732.435,729.592,1462.027,746.503,60.12,806.623,806.623,0.0,0.0,0.0,0.0,0.0,655.404,0.0,0.0,0.0,200.0,0.2,0.989,275.081,24.0,0.0,0.0,65.827,65.827,1.0,1.0,0.552,minimize_generator,full_grid,False,5000.0,0.0,5000,inf
2010-10-14,733.18,707.856,1441.036,805.743,39.6,845.343,845.343,0.0,0.0,0.0,0.0,0.0,595.693,0.0,0.0,0.0,200.0,0.2,0.989,263.139,24.0,0.0,0.0,62.969,62.969,1.0,1.0,0.587,minimize_generator,full_grid,False,5000.0,0.0,5000,inf
2010-10-15,737.655,652.477,1390.132,785.82,0.8,786.62,786.62,0.0,0.0,0.0,0.0,0.0,603.512,0.0,0.0,0.0,200.0,0.2,0.989,264.702,24.0,0.0,0.0,63.343,63.343,1.0,1.0,0.566,minimize_generator,full_grid,False,5000.0,0.0,5000,inf
2010-10-16,736.91,667.329,1404.239,735.629,0.92,736.549,736.549,0.0,0.0,0.0,0.0,0.0,667.69,0.0,0.0,0.0,200.0,0.2,0.989,277.538,24.0,0.0,0.0,66.415,66.415,1.0,1.0,0.525,minimize_generator,full_grid,False,5000.0,0.0,5000,inf
2010-10-17,734.125,672.227,1406.352,740.024,73.52,813.544,813.544,0.0,0.0,0.0,0.0,0.0,592.808,0.0,0.0,0.0,200.0,0.2,0.989,262.562,24.0,0.0,0.0,62.831,62.831,1.0,1.0,0.578,minimize_generator,full_grid,False,5000.0,0.0,5000,inf
2010-10-18,734.3,673.139,1407.439,758.456,4.04,762.496,762.496,0.0,0.0,0.0,0.0,0.0,644.943,0.0,0.0,0.0,200.0,0.2,0.989,272.989,24.0,0.0,0.0,65.326,65.326,1.0,1.0,0.542,minimize_generator,full_grid,False,5000.0,0.0,5000,inf
2010-10-19,738.39,667.285,1405.675,769.28,5.96,775.24,775.24,0.0,0.0,0.0,0.0,0.0,630.435,0.0,0.0,0.0,200.0,0.2,0.989,270.087,24.0,0.0,0.0,64.632,64.632,1.0,1.0,0.552,minimize_generator,full_grid,False,5000.0,0.0,5000,inf
2010-10-20,731.14,688.934,1420.074,777.099,67.6,844.699,844.699,0.0,0.0,0.0,0.0,0.0,575.375,0.0,0.0,0.0,200.0,0.2,0.989,259.075,24.0,0.0,0.0,61.997,61.997,1.0,1.0,0.595,minimize_generator,full_grid,False,5000.0,0.0,5000,inf
2010-10-21,735.045,660.087,1395.132,763.148,102.8,865.948,865.948,0.0,0.0,0.0,0.0,0.0,529.184,0.0,0.0,0.0,200.0,0.2,0.989,249.837,24.0,0.0,0.0,59.786,59.786,1.0,1.0,0.621,minimize_generator,full_grid,False,5000.0,0.0,5000,inf
2010-10-22,731.875,674.816,1406.691,746.025,241.44,987.465,987.465,0.0,0.0,0.0,0.0,0.0,419.226,0.0,0.0,0.0,200.0,0.2,0.989,227.845,24.0,0.0,0.0,54.523,54.523,1.0,1.0,0.702,minimize_generator,full_grid,False,5000.0,0.0,5000,inf
2010-10-23,731.49,673.422,1404.912,766.072,342.8,1108.872,1108.872,0.0,0.0,0.0,0.0,0.0,296.04,0.0,0.0,0.0,200.0,0.2,0.989,177.624,19.736,0.0,0.0,42.505,42.505,1.0,1.0,0.789,minimize_generator,full_grid,False,5000.0,0.0,5000,inf
2010-10-24,736.165,631.938,1368.103,759.974,356.16,1116.134,1116.134,0.0,0.0,0.0,0.0,0.0,251.969,0.0,0.0,0.0,200.0,0.2,0.989,151.181,16.798,0.0,0.0,36.178,36.178,1.0,1.0,0.816,minimize_generator,full_grid,False,5000.0,0.0,5000,inf
2010-10-25,734.66,622.156,1356.816,773.553,402.2,1175.753,1175.753,0.0,0.0,0.0,0.0,0.0,181.063,0.0,0.0,0.0,200.0,0.2,0.989,108.638,12.071,0.0,0.0,25.997,25.997,1.0,1.0,0.867,minimize_generator,full_grid,False,5000.0,0.0,5000,inf
2010-10-26,734.3,490.585,1224.885,780.932,138.84,919.772,919.772,0.0,0.0,0.0,0.0,0.0,305.113,0.0,0.0,0.0,200.0,0.2,0.989,183.068,20.341,0.0,0.0,43.808,43.808,1.0,1.0,0.751,minimize_generator,full_grid,False,5000.0,0.0,5000,inf
2010-10-27,735.99,450.211,1186.201,776.785,32.84,809.625,809.625,0.0,0.0,0.0,0.0,0.0,376.576,0.0,0.0,0.0,200.0,0.2,0.989,219.315,24.0,0.0,0.0,52.482,52.482,1.0,1.0,0.683,minimize_generator,full_grid,False,5000.0,0.0,5000,inf
2010-10-28,730.755,354.846,1085.601,748.497,16.6,765.097,765.097,0.0,0.0,0.0,0.0,0.0,320.504,0.0,0.0,0.0,200.0,0.2,0.989,192.303,21.367,0.0,0.0,46.018,46.018,1.0,1.0,0.705,minimize_generator,full_grid,False,5000.0,0.0,5000,inf
2010-10-29,733.005,260.953,993.958,713.911,445.28,1159.191,993.958,165.233,165.233,0.0,0.0,0.0,0.0,0.0,0.0,0.0,356.972,0.357,0.994,0.0,0.0,0.0,0.0,0.0,0.0,1.0,1.0,1.0,minimize_generator,full_grid,False,5000.0,0.0,5000,inf
2010-10-30,665.855,164.77,830.625,719.072,352.04,1071.112,830.625,240.487,240.487,0.0,0.0,0.0,0.0,0.0,0.0,0.0,585.435,0.585,0.996,0.0,0.0,0.0,0.0,0.0,0.0,1.0,1.0,1.0,minimize_generator,full_grid,False,5000.0,0.0,5000,inf
2010-10-31,730.93,70.198,801.128,726.174,245.24,971.414,801.128,170.286,170.286,0.0,0.0,0.0,0.0,0.0,0.0,0.0,747.207,0.747,0.997,0.0,0.0,0.0,0.0,0.0,0.0,1.0,1.0,1.0,minimize_generator,full_grid,False,5000.0,0.0,5000,inf
2010-11-01,666.03,713.255,1379.285,751.7,301.72,1053.42,1053.42,0.0,0.0,325.865,0.0,0.0,0.0,0.0,0.0,0.0,404.191,0.404,0.997,0.0,0.0,0.0,0.0,0.0,0.0,1.0,1.0,0.999,minimize_generator,full_grid,False,0.0,0.0,5000,inf
2010-11-02,729.45,674.147,1403.597,744.048,63.16,807.208,807.208,0.0,0.0,193.981,402.408,0.0,0.0,0.0,0.0,0.0,200.0,0.2,0.997,0.0,0.0,16.982,0.0,0.0,16.982,0.713,1.0,0.713,minimize_generator,full_grid,False,402.408,0.0,5000,inf
2010-11-03,731.14,734.669,1465.809,709.798,100.44,810.238,810.238,0.0,0.0,0.0,655.571,0.0,0.0,0.0,0.0,0.0,200.0,0.2,0.997,0.0,0.0,27.561,0.0,0.0,27.561,0.553,1.0,0.553,minimize_generator,full_grid,False,1057.979,0.0,5000,inf
2010-11-04,662.11,638.874,1300.984,671.745,15.52,687.265,687.265,0.0,0.0,0.0,613.719,0.0,0.0,0.0,0.0,0.0,200.0,0.2,0.997,0.0,0.0,25.849,0.0,0.0,25.849,0.528,1.0,0.528,minimize_generator,full_grid,False,1671.698,0.0,5000,inf
2010-11-05,735.99,713.367,1449.357,667.237,104.4,771.637,771.637,0.0,0.0,0.0,677.72,0.0,0.0,0.0,0.0,0.0,200.0,0.2,0.997,0.0,0.0,28.539,0.0,0.0,28.539,0.532,1.0,0.532,minimize_generator,full_grid,False,2349.418,0.0,5000,inf
2010-11-06,660.805,721.039,1381.844,638.439,199.68,838.119,838.119,0.0,0.0,0.0,543.725,0.0,0.0,0.0,0.0,0.0,200.0,0.2,0.997,0.0,0.0,22.772,0.0,0.0,22.772,0.607,1.0,0.607,minimize_generator,full_grid,False,2893.143,0.0,5000,inf
2010-11-07,659.675,690.542,1350.217,668.949,301.72,970.669,970.669,0.0,0.0,0.0,379.548,0.0,0.0,0.0,0.0,0.0,200.0,0.2,0.997,0.0,0.0,15.927,0.0,0.0,15.927,0.719,1.0,0.719,minimize_generator,full_grid,False,3272.691,0.0,5000,inf
2010-11-08,731.7,668.187,1399.887,697.538,136.2,833.738,833.738,0.0,0.0,0.0,566.149,0.0,0.0,0.0,0.0,0.0,200.0,0.2,0.997,0.0,0.0,23.905,0.0,0.0,23.905,0.596,1.0,0.596,minimize_generator,full_grid,False,3838.84,0.0,5000,inf
2010-11-09,730.01,646.086,1376.096,564.317,53.12,617.437,617.437,0.0,0.0,0.0,758.659,0.0,0.0,0.0,0.0,0.0,200.0,0.2,0.997,0.0,0.0,32.08,0.0,0.0,32.08,0.449,1.0,0.449,minimize_generator,full_grid,False,4597.499,0.0,5000,inf
2010-11-10,666.03,649.46,1315.49,651.164,48.72,699.884,699.884,0.0,0.0,0.0,402.501,0.0,213.105,0.0,0.0,0.0,200.0,0.2,0.997,127.863,14.207,16.945,0.0,30.367,47.312,0.694,1.0,0.532,minimize_generator,full_grid,False,5000.0,0.0,5000,inf
2010-11-11,665.855,677.344,1343.199,651.602,93.52,745.122,745.122,0.0,0.0,0.0,0.0,0.0,598.077,0.0,0.0,0.0,200.0,0.2,0.997,263.615,24.0,0.0,0.0,62.609,62.609,1.0,1.0,0.555,minimize_generator,full_grid,False,5000.0,0.0,5000,inf
2010-11-12,663.07,629.754,1292.824,652.145,23.56,675.705,675.705,0.0,0.0,0.0,0.0,0.0,617.119,0.0,0.0,0.0,200.0,0.2,0.997,267.424,24.0,0.0,0.0,63.513,63.513,1.0,1.0,0.523,minimize_generator,full_grid,False,5000.0,0.0,5000,inf
2010-11-13,659.115,574.056,1233.171,497.536,12.68,510.216,510.216,0.0,0.0,0.0,0.0,0.0,722.955,0.0,0.0,0.0,200.0,0.2,0.997,288.591,24.0,0.0,0.0,68.54,68.54,1.0,1.0,0.414,minimize_generator,full_grid,False,5000.0,0.0,5000,inf
2010-11-14,662.86,651.058,1313.918,632.672,22.2,654.872,654.872,0.0,0.0,0.0,0.0,0.0,659.046,0.0,0.0,0.0,200.0,0.2,0.997,275.809,24.0,0.0,0.0,65.505,65.505,1.0,1.0,0.498,minimize_generator,full_grid,False,5000.0,0.0,5000,inf
2010-11-15,659.3,591.26,1250.56,456.351,34.16,490.511,490.511,0.0,0.0,0.0,0.0,0.0,760.049,0.0,0.0,0.0,200.0,0.2,0.997,296.01,24.0,0.0,0.0,70.302,70.302,1.0,1.0,0.392,minimize_generator,full_grid,False,5000.0,0.0,5000,inf
2010-11-16,665.67,647.542,1313.212,579.548,202.52,782.068,782.068,0.0,0.0,0.0,0.0,0.0,531.144,0.0,0.0,0.0,200.0,0.2,0.997,250.229,24.0,0.0,0.0,59.429,59.429,1.0,1.0,0.596,minimize_generator,full_grid,False,5000.0,0.0,5000,inf
2010-11-17,660.805,677.101,1337.906,606.003,65.68,671.683,671.683,0.0,0.0,0.0,0.0,0.0,666.223,0.0,0.0,0.0,200.0,0.2,0.997,277.245,24.0,0.0,0.0,65.846,65.846,1.0,1.0,0.502,minimize_generator,full_grid,False,5000.0,0.0,5000,inf
2010-11-18,657.995,639.851,1297.846,624.156,23.24,647.396,647.396,0.0,0.0,0.0,0.0,0.0,650.45,0.0,0.0,0.0,200.0,0.2,0.997,274.09,24.0,0.0,0.0,65.096,65.096,1.0,1.0,0.499,minimize_generator,full_grid,False,5000.0,0.0,5000,inf
2010-11-19,659.675,687.27,1346.945,634.829,42.04,676.869,676.869,0.0,0.0,0.0,0.0,0.0,670.076,0.0,0.0,0.0,200.0,0.2,0.997,278.015,24.0,0.0,0.0,66.029,66.029,1.0,1.0,0.503,minimize_generator,full_grid,False,5000.0,0.0,5000,inf
2010-11-20,662.11,713.407,1375.517,624.398,89.04,713.438,713.438,0.0,0.0,0.0,0.0,0.0,662.079,0.0,0.0,0.0,200.0,0.2,0.997,276.416,24.0,0.0,0.0,65.649,65.649,1.0,1.0,0.519,minimize_generator,full_grid,False,5000.0,0.0,5000,inf
2010-11-21,658.17,682.736,1340.906,631.208,215.8,847.008,847.008,0.0,0.0,0.0,0.0,0.0,493.898,0.0,0.0,0.0,200.0,0.2,0.997,242.78,24.0,0.0,0.0,57.66,57.66,1.0,1.0,0.632,minimize_generator,full_grid,False,5000.0,0.0,5000,inf
2010-11-22,656.865,665.536,1322.401,642.472,278.92,921.392,921.392,0.0,0.0,0.0,0.0,0.0,401.009,0.0,0.0,0.0,200.0,0.2,0.997,224.202,24.0,0.0,0.0,53.248,53.248,1.0,1.0,0.697,minimize_generator,full_grid,False,5000.0,0.0,5000,inf
2010-11-23,660.595,615.696,1276.291,642.196,69.52,711.716,711.716,0.0,0.0,0.0,0.0,0.0,564.575,0.0,0.0,0.0,200.0,0.2,0.997,256.915,24.0,0.0,0.0,61.017,61.017,1.0,1.0,0.558,minimize_generator,full_grid,False,5000.0,0.0,5000,inf
2010-11-24,660.42,551.039,1211.459,539.882,42.04,581.922,581.922,0.0,0.0,0.0,0.0,0.0,629.537,0.0,0.0,0.0,200.0,0.2,0.997,269.907,24.0,0.0,0.0,64.103,64.103,1.0,1.0,0.48,minimize_generator,full_grid,False,5000.0,0.0,5000,inf
2010-11-25,657.435,604.707,1262.142,594.128,65.04,659.168,659.168,0.0,0.0,0.0,0.0,0.0,602.974,0.0,0.0,0.0,200.0,0.2,0.997,264.595,24.0,0.0,0.0,62.841,62.841,1.0,1.0,0.522,minimize_generator,full_grid,False,5000.0,0.0,5000,inf
2010-11-26,657.25,586.306,1243.556,594.942,64.4,659.342,659.342,0.0,0.0,0.0,0.0,0.0,584.214,0.0,0.0,0.0,200.0,0.2,0.997,260.843,24.0,0.0,0.0,61.95,61.95,1.0,1.0,0.53,minimize_generator,full_grid,False,5000.0,0.0,5000,inf
2010-11-27,659.675,570.565,1230.24,588.129,66.32,654.449,654.449,0.0,0.0,0.0,0.0,0.0,575.791,0.0,0.0,0.0,200.0,0.2,0.997,259.158,24.0,0.0,0.0,61.55,61.55,1.0,1.0,0.532,minimize_generator,full_grid,False,5000.0,0.0,5000,inf
2010-11-28,586.315,466.293,1052.608,597.811,11.72,609.531,609.531,0.0,0.0,0.0,0.0,0.0,443.077,0.0,0.0,0.0,200.0,0.2,0.997,232.615,24.0,0.0,0.0,55.246,55.246,1.0,1.0,0.579,minimize_generator,full_grid,False,5000.0,0.0,5000,inf
2010-11-29,586.315,447.028,1033.343,625.744,41.52,667.264,667.264,0.0,0.0,0.0,0.0,0.0,366.079,0.0,0.0,0.0,200.0,0.2,0.997,217.216,24.0,0.0,0.0,51.589,51.589,1.0,1.0,0.646,minimize_generator,full_grid,False,5000.0,0.0,5000,inf
2010-11-30,588.565,345.528,934.093,640.206,8.2,648.406,648.406,0.0,0.0,0.0,0.0,0.0,285.687,0.0,0.0,0.0,200.0,0.2,0.997,171.412,19.046,0.0,0.0,40.71,40.71,1.0,1.0,0.694,minimize_generator,full_grid,False,5000.0,0.0,5000,inf
2010-12-01,657.075,609.458,1266.533,646.449,19.6,666.049,666.049,0.0,0.0,0.0,600.484,0.0,0.0,0.0,0.0,0.0,200.0,0.2,0.997,0.0,0.0,25.767,0.0,0.0,25.767,0.526,1.0,0.526,minimize_generator,full_grid,False,600.484,0.0,5000,inf
2010-12-02,658.73,620.797,1279.527,649.498,25.36,674.858,674.858,0.0,0.0,0.0,604.669,0.0,0.0,0.0,0.0,0.0,200.0,0.2,0.997,0.0,0.0,25.926,0.0,0.0,25.926,0.527,1.0,0.527,minimize_generator,full_grid,False,1205.153,0.0,5000,inf
2010-12-03,663.245,581.166,1244.411,611.208,17.76,628.968,628.968,0.0,0.0,0.0,615.443,0.0,0.0,0.0,0.0,0.0,200.0,0.2,0.997,0.0,0.0,26.483,0.0,0.0,26.483,0.505,1.0,0.505,minimize_generator,full_grid,False,1820.596,0.0,5000,inf
2010-12-04,660.42,588.343,1248.763,611.447,18.96,630.407,630.407,0.0,0.0,0.0,618.356,0.0,0.0,0.0,0.0,0.0,200.0,0.2,0.997,0.0,0.0,26.586,0.0,0.0,26.586,0.505,1.0,0.505,minimize_generator,full_grid,False,2438.952,0.0,5000,inf
2010-12-05,589.485,329.719,919.204,613.859,34.6,648.459,648.459,0.0,0.0,0.0,270.745,0.0,0.0,0.0,0.0,0.0,200.0,0.2,0.997,0.0,0.0,11.9,0.0,0.0,11.9,0.705,1.0,0.705,minimize_generator,full_grid,False,2709.697,0.0,5000,inf
2010-12-06,656.69,393.429,1050.119,607.799,432.32,1040.119,1040.119,0.0,0.0,0.0,10.0,0.0,0.0,0.0,0.0,0.0,200.0,0.2,0.997,0.0,0.0,0.438,0.0,0.0,0.438,0.99,1.0,0.99,minimize_generator,full_grid,False,2719.697,0.0,5000,inf
2010-12-07,585.965,325.085,911.05,616.476,187.4,803.876,803.876,0.0,0.0,0.0,107.174,0.0,0.0,0.0,0.0,0.0,200.0,0.2,0.997,0.0,0.0,4.712,0.0,0.0,4.712,0.882,1.0,0.882,minimize_generator,full_grid,False,2826.872,0.0,5000,inf
2010-12-08,589.485,283.673,873.158,565.651,95.04,660.691,660.691,0.0,0.0,0.0,212.467,0.0,0.0,0.0,0.0,0.0,200.0,0.2,0.997,0.0,0.0,9.399,0.0,0.0,9.399,0.757,1.0,0.757,minimize_generator,full_grid,False,3039.338,0.0,5000,inf
2010-12-09,588.39,339.585,927.975,554.289,196.84,751.129,751.129,0.0,0.0,0.0,176.846,0.0,0.0,0.0,0.0,0.0,200.0,0.2,0.997,0.0,0.0,7.762,0.0,0.0,7.762,0.809,1.0,0.809,minimize_generator,full_grid,False,3216.184,0.0,5000,inf
2010-12-10,657.25,319.941,977.191,585.658,255.6,841.258,841.258,0.0,0.0,0.0,135.933,0.0,0.0,0.0,0.0,0.0,200.0,0.2,0.997,0.0,0.0,6.011,0.0,0.0,6.011,0.861,1.0,0.861,minimize_generator,full_grid,False,3352.117,0.0,5000,inf
2010-12-11,585.965,352.262,938.227,452.358,305.32,757.678,757.678,0.0,0.0,0.0,180.549,0.0,0.0,0.0,0.0,0.0,200.0,0.2,0.997,0.0,0.0,7.91,0.0,0.0,7.91,0.808,1.0,0.808,minimize_generator,full_grid,False,3532.666,0.0,5000,inf
2010-12-12,657.61,280.131,937.741,480.339,528.28,1008.619,937.741,70.878,70.878,0.0,0.0,0.0,0.0,0.0,0.0,0.0,267.334,0.267,0.998,0.0,0.0,0.0,0.0,0.0,0.0,1.0,1.0,1.0,minimize_generator,full_grid,False,3532.666,0.0,5000,inf
2010-12-13,661.165,254.066,915.231,546.278,269.64,815.918,815.918,0.0,0.0,63.967,35.346,0.0,0.0,0.0,0.0,0.0,200.0,0.2,0.998,0.0,0.0,1.578,0.0,0.0,1.578,0.961,1.0,0.961,minimize_generator,full_grid,False,3568.012,0.0,5000,inf
2010-12-14,588.005,183.269,771.274,557.477,0.08,557.557,557.557,0.0,0.0,0.0,213.717,0.0,0.0,0.0,0.0,0.0,200.0,0.2,0.998,0.0,0.0,9.613,0.0,0.0,9.613,0.723,1.0,0.723,minimize_generator,full_grid,False,3781.729,0.0,5000,inf
2010-12-15,656.69,220.763,877.453,454.693,11.04,465.733,465.733,0.0,0.0,0.0,411.72,0.0,0.0,0.0,0.0,0.0,200.0,0.2,0.998,0.0,0.0,18.47,0.0,0.0,18.47,0.531,1.0,0.531,minimize_generator,full_grid,False,4193.449,0.0,5000,inf
2010-12-16,657.435,251.259,908.694,581.407,5.08,586.487,586.487,0.0,0.0,0.0,322.207,0.0,0.0,0.0,0.0,0.0,200.0,0.2,0.998,0.0,0.0,14.386,0.0,0.0,14.386,0.645,1.0,0.645,minimize_generator,full_grid,False,4515.656,0.0,5000,inf
2010-12-17,586.525,261.64,848.165,584.013,6.76,590.773,590.773,0.0,0.0,0.0,257.392,0.0,0.0,0.0,0.0,0.0,200.0,0.2,0.998,0.0,0.0,11.423,0.0,0.0,11.423,0.697,1.0,0.697,minimize_generator,full_grid,False,4773.048,0.0,5000,inf
2010-12-18,588.75,309.275,898.025,576.659,384.12,960.779,898.025,62.754,62.754,0.0,0.0,0.0,0.0,0.0,0.0,0.0,259.616,0.26,0.998,0.0,0.0,0.0,0.0,0.0,0.0,1.0,1.0,1.0,minimize_generator,full_grid,False,4773.048,0.0,5000,inf
2010-12-19,587.62,309.237,896.857,598.931,266.84,865.771,865.771,0.0,0.0,31.086,0.0,0.0,0.0,0.0,0.0,0.0,226.893,0.227,0.998,0.0,0.0,0.0,0.0,0.0,0.0,1.0,1.0,1.0,minimize_generator,full_grid,False,4773.048,0.0,5000,inf
2010-12-20,587.83,321.472,909.302,563.208,83.24,646.448,646.448,0.0,79.647,25.549,226.952,0.0,10.353,79.647,0.0,0.0,275.665,0.276,0.724,54.0,6.0,9.985,0.0,13.306,23.29,0.75,1.0,0.739,minimize_generator,full_grid,False,5000.0,0.0,5000,inf
2010-12-21,584.45,306.693,891.143,556.921,81.8,638.721,638.721,0.0,0.0,71.882,0.0,0.0,180.54,0.0,0.0,0.0,200.0,0.2,0.724,108.324,12.036,0.0,0.0,26.691,26.691,1.0,1.0,0.775,minimize_generator,full_grid,False,5000.0,0.0,5000,inf
2010-12-22,587.445,315.768,903.213,526.166,161.36,687.526,687.526,0.0,0.0,0.0,0.0,0.0,215.687,0.0,0.0,0.0,200.0,0.2,0.724,129.412,14.379,0.0,0.0,31.887,31.887,1.0,1.0,0.761,minimize_generator,full_grid,False,5000.0,0.0,5000,inf
2010-12-23,588.95,356.57,945.52,519.019,257.48,776.499,776.499,0.0,0.0,0.0,0.0,0.0,169.021,0.0,0.0,0.0,200.0,0.2,0.724,101.413,11.268,0.0,0.0,24.988,24.988,1.0,1.0,0.821,minimize_generator,full_grid,False,5000.0,0.0,5000,inf
2010-12-24,659.3,34.869,694.169,604.41,74.84,679.25,679.25,0.0,75.081,0.0,0.0,0.0,14.919,75.081,0.0,0.0,271.326,0.271,0.534,54.0,6.0,0.0,0.0,13.306,13.306,1.0,1.0,0.979,minimize_generator,full_grid,False,5000.0,0.0,5000,inf
2010-12-25,657.25,25.902,683.152,612.471,37.28,649.751,649.751,0.0,0.0,33.401,0.0,0.0,0.0,0.0,0.0,0.0,236.168,0.236,0.534,0.0,0.0,0.0,0.0,0.0,0.0,1.0,1.0,0.977,minimize_generator,full_grid,False,5000.0,0.0,5000,inf
2010-12-26,661.725,27.911,689.636,609.242,6.76,616.002,616.002,0.0,50.726,34.359,0.0,0.0,39.274,50.726,0.0,0.0,248.189,0.248,0.43,54.0,6.0,0.0,0.0,13.306,13.306,1.0,1.0,0.92,minimize_generator,full_grid,False,5000.0,0.0,5000,inf
2010-12-27,583.89,27.274,611.164,603.263,56.56,659.823,611.164,48.659,48.659,0.0,0.0,0.0,0.0,0.0,0.0,0.0,294.415,0.294,0.52,0.0,0.0,0.0,0.0,0.0,0.0,1.0,1.0,1.0,minimize_generator,full_grid,False,5000.0,0.0,5000,inf
2010-12-28,656.69,25.564,682.254,597.74,131.84,729.58,682.254,47.326,47.326,0.0,0.0,0.0,0.0,0.0,0.0,0.0,339.375,0.339,0.583,0.0,0.0,0.0,0.0,0.0,0.0,1.0,1.0,1.0,minimize_generator,full_grid,False,5000.0,0.0,5000,inf
2010-12-29,587.085,23.367,610.452,212.688,259.36,472.048,472.048,0.0,84.002,132.406,0.0,0.0,5.998,84.002,0.0,0.0,279.802,0.28,0.417,54.0,6.0,0.0,0.0,13.306,13.306,1.0,1.0,0.9,minimize_generator,full_grid,False,5000.0,0.0,5000,inf
2010-12-30,661.34,21.271,682.611,336.265,428.32,764.585,682.611,81.974,81.974,0.0,0.0,0.0,0.0,0.0,0.0,0.0,357.677,0.358,0.544,0.0,0.0,0.0,0.0,0.0,0.0,1.0,1.0,1.0,minimize_generator,full_grid,False,5000.0,0.0,5000,inf
2010-12-31,583.355,18.852,602.207,530.85,381.0,911.85,602.207,309.643,309.643,0.0,0.0,0.0,0.0,0.0,0.0,0.0,651.838,0.652,0.75,0.0,0.0,0.0,0.0,0.0,0.0,1.0,1.0,1.0,minimize_generator,full_grid,False,5000.0,0.0,5000,inf
2011-01-01,582.025,20.076,602.101,592.452,110.8,703.252,602.101,101.151,101.151,0.0,0.0,0.0,0.0,0.0,0.0,0.0,747.931,0.748,0.782,0.0,0.0,0.0,0.0,0.0,0.0,1.0,1.0,1.0,minimize_generator,full_grid,False,0.0,0.0,5000,inf
2011-01-02,582.97,22.627,605.597,585.684,17.76,603.444,603.444,0.0,0.0,2.153,0.0,0.0,0.0,0.0,0.0,0.0,745.665,0.746,0.782,0.0,0.0,0.0,0.0,0.0,0.0,1.0,1.0,0.999,minimize_generator,full_grid,False,0.0,0.0,5000,inf
2011-01-03,571.505,25.709,597.214,444.439,16.04,460.479,460.479,0.0,0.0,136.735,0.0,0.0,0.0,0.0,0.0,0.0,601.733,0.602,0.782,0.0,0.0,0.0,0.0,0.0,0.0,1.0,1.0,0.95,minimize_generator,full_grid,False,0.0,0.0,5000,inf
2011-01-04,583.155,27.317,610.472,605.805,275.2,881.005,610.472,270.533,208.702,0.0,0.0,61.831,0.0,0.0,0.0,0.0,800.0,0.8,0.836,0.0,0.0,0.0,0.0,0.0,0.0,1.0,0.93,1.0,minimize_generator,full_grid,False,0.0,61.831,5000,inf
2011-01-05,582.235,27.655,609.89,625.998,252.8,878.798,609.89,268.908,0.0,0.0,0.0,268.908,0.0,0.0,0.0,0.0,800.0,0.8,0.836,0.0,0.0,0.0,0.0,0.0,0.0,1.0,0.694,1.0,minimize_generator,full_grid,False,0.0,330.738,5000,inf
2011-01-06,585.58,27.184,612.764,620.565,155.88,776.445,612.764,163.681,0.0,0.0,0.0,163.681,0.0,0.0,0.0,0.0,800.0,0.8,0.836,0.0,0.0,0.0,0.0,0.0,0.0,1.0,0.789,1.0,minimize_generator,full_grid,False,0.0,494.42,5000,inf
2011-01-07,586.14,24.974,611.114,613.857,338.56,952.417,611.114,341.303,0.0,0.0,0.0,341.303,0.0,0.0,0.0,0.0,800.0,0.8,0.836,0.0,0.0,0.0,0.0,0.0,0.0,1.0,0.642,1.0,minimize_generator,full_grid,False,0.0,835.723,5000,inf
2011-01-08,658.73,22.95,681.68,644.525,408.04,1052.565,681.68,370.885,0.0,0.0,0.0,370.885,0.0,0.0,0.0,0.0,800.0,0.8,0.836,0.0,0.0,0.0,0.0,0.0,0.0,1.0,0.648,1.0,minimize_generator,full_grid,False,0.0,1206.607,5000,inf
2011-01-09,588.39,21.001,609.391,651.57,210.12,861.69,609.391,252.299,0.0,0.0,0.0,252.299,0.0,0.0,0.0,0.0,800.0,0.8,0.836,0.0,0.0,0.0,0.0,0.0,0.0,1.0,0.707,1.0,minimize_generator,full_grid,False,0.0,1458.906,5000,inf
2011-01-10,582.585,17.603,600.188,664.053,128.4,792.453,600.188,192.265,0.0,0.0,0.0,192.265,0.0,0.0,0.0,0.0,800.0,0.8,0.836,0.0,0.0,0.0,0.0,0.0,0.0,1.0,0.757,1.0,minimize_generator,full_grid,False,0.0,1651.171,5000,inf
2011-01-11,581.465,15.531,596.996,624.364,41.04,665.404,596.996,68.408,0.0,0.0,0.0,68.408,0.0,0.0,0.0,0.0,800.0,0.8,0.836,0.0,0.0,0.0,0.0,0.0,0.0,1.0,0.897,1.0,minimize_generator,full_grid,False,0.0,1719.579,5000,inf
2011-01-12,586.525,17.675,604.2,606.584,8.36,614.944,604.2,10.744,0.0,0.0,0.0,10.744,0.0,0.0,0.0,0.0,800.0,0.8,0.836,0.0,0.0,0.0,0.0,0.0,0.0,1.0,0.983,1.0,minimize_generator,full_grid,False,0.0,1730.323,5000,inf
2011-01-13,572.255,21.495,593.75,653.089,28.36,681.449,593.75,87.699,0.0,0.0,0.0,87.699,0.0,0.0,0.0,0.0,800.0,0.8,0.836,0.0,0.0,0.0,0.0,0.0,0.0,1.0,0.871,1.0,minimize_generator,full_grid,False,0.0,1818.022,5000,inf
2011-01-14,658.38,33.992,692.372,631.941,281.68,913.621,692.372,221.249,0.0,0.0,0.0,221.249,0.0,0.0,0.0,0.0,800.0,0.8,0.836,0.0,0.0,0.0,0.0,0.0,0.0,1.0,0.758,1.0,minimize_generator,full_grid,False,0.0,2039.271,5000,inf
2011-01-15,589.125,8.268,597.393,560.527,270.56,831.087,597.393,233.694,0.0,0.0,0.0,233.694,0.0,0.0,0.0,0.0,800.0,0.8,0.836,0.0,0.0,0.0,0.0,0.0,0.0,1.0,0.719,1.0,minimize_generator,full_grid,False,0.0,2272.965,5000,inf
2011-01-16,582.97,8.722,591.692,653.999,145.04,799.039,591.692,207.347,0.0,0.0,0.0,207.347,0.0,0.0,0.0,0.0,800.0,0.8,0.836,0.0,0.0,0.0,0.0,0.0,0.0,1.0,0.741,1.0,minimize_generator,full_grid,False,0.0,2480.312,5000,inf
2011-01-17,571.825,6.719,578.544,570.456,29.16,599.616,578.544,21.072,0.0,0.0,0.0,21.072,0.0,0.0,0.0,0.0,800.0,0.8,0.836,0.0,0.0,0.0,0.0,0.0,0.0,1.0,0.965,1.0,minimize_generator,full_grid,False,0.0,2501.385,5000,inf
2011-01-18,656.69,7.071,663.761,393.327,248.08,641.407,641.407,0.0,0.0,22.354,0.0,0.0,0.0,0.0,0.0,0.0,776.469,0.776,0.836,0.0,0.0,0.0,0.0,0.0,0.0,1.0,1.0,0.994,minimize_generator,full_grid,False,0.0,2501.385,5000,inf
2011-01-19,584.275,7.371,591.646,622.152,23.92,646.072,591.646,54.426,24.769,0.0,0.0,29.657,0.0,0.0,0.0,0.0,800.0,0.8,0.841,0.0,0.0,0.0,0.0,0.0,0.0,1.0,0.954,1.0,minimize_generator,full_grid,False,0.0,2531.042,5000,inf
2011-01-20,589.485,7.276,596.761,633.639,22.2,655.839,596.761,59.078,0.0,0.0,0.0,59.078,0.0,0.0,0.0,0.0,800.0,0.8,0.841,0.0,0.0,0.0,0.0,0.0,0.0,1.0,0.91,1.0,minimize_generator,full_grid,False,0.0,2590.12,5000,inf
2011-01-21,571.985,8.193,580.178,663.279,41.52,704.799,580.178,124.621,0.0,0.0,0.0,124.621,0.0,0.0,0.0,0.0,800.0,0.8,0.841,0.0,0.0,0.0,0.0,0.0,0.0,1.0,0.823,1.0,minimize_generator,full_grid,False,0.0,2714.741,5000,inf
2011-01-22,582.585,8.814,591.399,676.764,79.68,756.444,591.399,165.045,0.0,0.0,0.0,165.045,0.0,0.0,0.0,0.0,800.0,0.8,0.841,0.0,0.0,0.0,0.0,0.0,0.0,1.0,0.782,1.0,minimize_generator,full_grid,False,0.0,2879.785,5000,inf
2011-01-23,584.835,8.488,593.323,686.561,68.88,755.441,593.323,162.118,0.0,0.0,0.0,162.118,0.0,0.0,0.0,0.0,800.0,0.8,0.841,0.0,0.0,0.0,0.0,0.0,0.0,1.0,0.785,1.0,minimize_generator,full_grid,False,0.0,3041.903,5000,inf
2011-01-24,585.22,9.729,594.949,699.584,155.88,855.464,594.949,260.515,0.0,0.0,0.0,260.515,0.0,0.0,0.0,0.0,800.0,0.8,0.841,0.0,0.0,0.0,0.0,0.0,0.0,1.0,0.695,1.0,minimize_generator,full_grid,False,0.0,3302.419,5000,inf
2011-01-25,583.355,8.516,591.871,564.477,213.92,778.397,591.871,186.526,0.0,0.0,0.0,186.526,0.0,0.0,0.0,0.0,800.0,0.8,0.841,0.0,0.0,0.0,0.0,0.0,0.0,1.0,0.76,1.0,minimize_generator,full_grid,False,0.0,3488.945,5000,inf
2011-01-26,587.445,9.359,596.804,688.606,96.6,785.206,596.804,188.402,0.0,0.0,0.0,188.402,0.0,0.0,0.0,0.0,800.0,0.8,0.841,0.0,0.0,0.0,0.0,0.0,0.0,1.0,0.76,1.0,minimize_generator,full_grid,False,0.0,3677.347,5000,inf
2011-01-27,581.105,7.744,588.849,681.234,2.64,683.874,588.849,95.025,0.0,0.0,0.0,95.025,0.0,0.0,0.0,0.0,800.0,0.8,0.841,0.0,0.0,0.0,0.0,0.0,0.0,1.0,0.861,1.0,minimize_generator,full_grid,False,0.0,3772.372,5000,inf
2011-01-28,584.66,8.118,592.778,642.195,14.44,656.635,592.778,63.857,0.0,0.0,0.0,63.857,0.0,0.0,0.0,0.0,800.0,0.8,0.841,0.0,0.0,0.0,0.0,0.0,0.0,1.0,0.903,1.0,minimize_generator,full_grid,False,0.0,3836.229,5000,inf
2011-01-29,585.755,10.38,596.135,631.773,39.12,670.893,596.135,74.758,0.0,0.0,0.0,74.758,0.0,0.0,0.0,0.0,800.0,0.8,0.841,0.0,0.0,0.0,0.0,0.0,0.0,1.0,0.889,1.0,minimize_generator,full_grid,False,0.0,3910.987,5000,inf
2011-01-30,587.26,10.08,597.34,705.183,393.28,1098.463,597.34,501.123,0.0,0.0,0.0,501.123,0.0,0.0,0.0,0.0,800.0,0.8,0.841,0.0,0.0,0.0,0.0,0.0,0.0,1.0,0.544,1.0,minimize_generator,full_grid,False,0.0,4412.11,5000,inf
2011-01-31,588.005,10.08,598.085,701.972,331.72,1033.692,598.085,435.607,0.0,0.0,0.0,435.607,0.0,0.0,0.0,0.0,800.0,0.8,0.841,0.0,0.0,0.0,0.0,0.0,0.0,1.0,0.579,1.0,minimize_generator,full_grid,False,0.0,4847.717,5000,inf
2011-02-01,581.29,8.086,589.376,571.937,38.68,610.617,589.376,21.241,0.0,0.0,0.0,21.241,0.0,0.0,0.0,0.0,800.0,0.8,0.841,0.0,0.0,0.0,0.0,0.0,0.0,1.0,0.965,1.0,minimize_generator,full_grid,False,0.0,21.241,5000,inf
2011-02-02,572.255,9.892,582.147,720.496,357.8,1078.296,582.147,496.149,0.0,0.0,0.0,496.149,0.0,0.0,0.0,0.0,800.0,0.8,0.841,0.0,0.0,0.0,0.0,0.0,0.0,1.0,0.54,1.0,minimize_generator,full_grid,False,0.0,517.39,5000,inf
2011-02-03,657.25,8.656,665.906,633.641,70.2,703.841,665.906,37.935,0.0,0.0,0.0,37.935,0.0,0.0,0.0,0.0,800.0,0.8,0.841,0.0,0.0,0.0,0.0,0.0,0.0,1.0,0.946,1.0,minimize_generator,full_grid,False,0.0,555.325,5000,inf
2011-02-04,587.085,9.322,596.407,592.711,64.4,657.111,596.407,60.704,0.0,0.0,0.0,60.704,0.0,0.0,0.0,0.0,800.0,0.8,0.841,0.0,0.0,0.0,0.0,0.0,0.0,1.0,0.908,1.0,minimize_generator,full_grid,False,0.0,616.029,5000,inf
2011-02-05,583.155,9.242,592.397,558.462,318.64,877.102,592.397,284.705,0.0,0.0,0.0,284.705,0.0,0.0,0.0,0.0,800.0,0.8,0.841,0.0,0.0,0.0,0.0,0.0,0.0,1.0,0.675,1.0,minimize_generator,full_grid,False,0.0,900.734,5000,inf
2011-02-06,658.555,7.85,666.405,540.628,29.56,570.188,570.188,0.0,0.0,96.217,0.0,0.0,0.0,0.0,0.0,0.0,698.719,0.699,0.841,0.0,0.0,0.0,0.0,0.0,0.0,1.0,1.0,0.977,minimize_generator,full_grid,False,0.0,900.734,5000,inf
2011-02-07,586.525,12.803,599.328,700.568,214.84,915.408,599.328,316.08,106.611,0.0,0.0,209.468,0.0,0.0,0.0,0.0,800.0,0.8,0.861,0.0,0.0,0.0,0.0,0.0,0.0,1.0,0.771,1.0,minimize_generator,full_grid,False,0.0,1110.202,5000,inf
2011-02-08,657.435,11.78,669.215,692.712,403.68,1096.392,669.215,427.177,0.0,0.0,0.0,427.177,0.0,0.0,0.0,0.0,800.0,0.8,0.861,0.0,0.0,0.0,0.0,0.0,0.0,1.0,0.61,1.0,minimize_generator,full_grid,False,0.0,1537.379,5000,inf
2011-02-09,586.7,10.127,596.827,724.466,245.24,969.706,596.827,372.879,0.0,0.0,0.0,372.879,0.0,0.0,0.0,0.0,800.0,0.8,0.861,0.0,0.0,0.0,0.0,0.0,0.0,1.0,0.615,1.0,minimize_generator,full_grid,False,0.0,1910.259,5000,inf
2011-02-10,660.98,9.168,670.148,538.044,387.96,926.004,670.148,255.856,0.0,0.0,0.0,255.856,0.0,0.0,0.0,0.0,800.0,0.8,0.861,0.0,0.0,0.0,0.0,0.0,0.0,1.0,0.724,1.0,minimize_generator,full_grid,False,0.0,2166.115,5000,inf
2011-02-11,660.035,11.612,671.647,751.074,392.52,1143.594,671.647,471.947,0.0,0.0,0.0,471.947,0.0,0.0,0.0,0.0,800.0,0.8,0.861,0.0,0.0,0.0,0.0,0.0,0.0,1.0,0.587,1.0,minimize_generator,full_grid,False,0.0,2638.062,5000,inf
2011-02-12,585.965,10.327,596.292,813.388,155.88,969.268,596.292,372.976,0.0,0.0,0.0,372.976,0.0,0.0,0.0,0.0,800.0,0.8,0.861,0.0,0.0,0.0,0.0,0.0,0.0,1.0,0.615,1.0,minimize_generator,full_grid,False,0.0,3011.038,5000,inf
2011-02-13,657.435,11.781,669.216,805.415,365.96,1171.375,669.216,502.159,0.0,0.0,0.0,502.159,0.0,0.0,0.0,0.0,800.0,0.8,0.861,0.0,0.0,0.0,0.0,0.0,0.0,1.0,0.571,1.0,minimize_generator,full_grid,False,0.0,3513.196,5000,inf
2011-02-14,589.485,11.549,601.034,820.868,169.64,990.508,601.034,389.474,0.0,0.0,0.0,389.474,0.0,0.0,0.0,0.0,800.0,0.8,0.861,0.0,0.0,0.0,0.0,0.0,0.0,1.0,0.607,1.0,minimize_generator,full_grid,False,0.0,3902.67,5000,inf
2011-02-15,659.3,491.971,1151.271,702.575,89.8,792.375,792.375,0.0,0.0,358.896,0.0,0.0,0.0,0.0,0.0,0.0,422.215,0.422,0.861,0.0,0.0,0.0,0.0,0.0,0.0,1.0,1.0,0.957,minimize_generator,full_grid,False,0.0,3902.67,5000,inf
2011-02-16,583.89,470.637,1054.527,673.62,433.64,1107.26,1054.527,52.733,52.733,0.0,0.0,0.0,0.0,0.0,0.0,0.0,472.311,0.472,0.876,0.0,0.0,0.0,0.0,0.0,0.0,1.0,1.0,1.0,minimize_generator,full_grid,False,0.0,3902.67,5000,inf
2011-02-17,657.075,432.89,1089.965,815.323,141.48,956.803,956.803,0.0,0.0,133.162,0.0,0.0,0.0,0.0,0.0,0.0,332.141,0.332,0.876,0.0,0.0,0.0,0.0,0.0,0.0,1.0,1.0,0.985,minimize_generator,full_grid,False,0.0,3902.67,5000,inf
2011-02-18,658.555,416.838,1075.393,840.723,3.92,844.643,844.643,0.0,0.0,125.534,105.216,0.0,0.0,0.0,0.0,0.0,200.0,0.2,0.876,0.0,0.0,4.65,0.0,0.0,4.65,0.902,1.0,0.888,minimize_generator,full_grid,False,105.216,3902.67,5000,inf
2011-02-19,581.465,489.265,1070.73,839.257,19.92,859.177,859.177,0.0,0.0,0.0,211.553,0.0,0.0,0.0,0.0,0.0,200.0,0.2,0.876,0.0,0.0,9.213,0.0,0.0,9.213,0.802,1.0,0.802,minimize_generator,full_grid,False,316.769,3902.67,5000,inf
2011-02-20,583.715,492.633,1076.348,736.968,410.2,1147.168,1076.348,70.82,70.82,0.0,0.0,0.0,0.0,0.0,0.0,0.0,267.279,0.267,0.907,0.0,0.0,0.0,0.0,0.0,0.0,1.0,1.0,1.0,minimize_generator,full_grid,False,316.769,3902.67,5000,inf
2011-02-21,580.72,457.188,1037.908,833.271,254.68,1087.951,1037.908,50.043,50.043,0.0,0.0,0.0,0.0,0.0,0.0,0.0,314.82,0.315,0.921,0.0,0.0,0.0,0.0,0.0,0.0,1.0,1.0,1.0,minimize_generator,full_grid,False,316.769,3902.67,5000,inf
2011-02-22,587.62,443.461,1031.081,844.362,35.92,880.282,880.282,0.0,0.0,109.079,41.72,0.0,0.0,0.0,0.0,0.0,200.0,0.2,0.921,0.0,0.0,1.827,0.0,0.0,1.827,0.96,1.0,0.951,minimize_generator,full_grid,False,358.49,3902.67,5000,inf
2011-02-23,658.17,493.791,1151.961,858.501,21.88,880.381,880.381,0.0,0.0,0.0,271.58,0.0,0.0,0.0,0.0,0.0,200.0,0.2,0.921,0.0,0.0,11.899,0.0,0.0,11.899,0.764,1.0,0.764,minimize_generator,full_grid,False,630.069,3902.67,5000,inf
2011-02-24,661.34,435.022,1096.362,734.422,22.2,756.622,756.622,0.0,0.0,0.0,339.74,0.0,0.0,0.0,0.0,0.0,200.0,0.2,0.921,0.0,0.0,14.986,0.0,0.0,14.986,0.69,1.0,0.69,minimize_generator,full_grid,False,969.81,3902.67,5000,inf
2011-02-25,589.485,538.901,1128.386,828.844,298.12,1126.964,1126.964,0.0,0.0,0.0,1.422,0.0,0.0,0.0,0.0,0.0,200.0,0.2,0.921,0.0,0.0,0.062,0.0,0.0,0.062,0.999,1.0,0.999,minimize_generator,full_grid,False,971.231,3902.67,5000,inf
2011-02-26,662.685,474.344,1137.029,826.709,390.24,1216.949,1137.029,79.92,79.92,0.0,0.0,0.0,0.0,0.0,0.0,0.0,275.924,0.276,0.943,0.0,0.0,0.0,0.0,0.0,0.0,1.0,1.0,1.0,minimize_generator,full_grid,False,971.231,3902.67,5000,inf
2011-02-27,584.45,495.838,1080.288,876.315,239.56,1115.875,1080.288,35.587,35.587,0.0,0.0,0.0,0.0,0.0,0.0,0.0,309.732,0.31,0.949,0.0,0.0,0.0,0.0,0.0,0.0,1.0,1.0,1.0,minimize_generator,full_grid,False,971.231,3902.67,5000,inf
2011-02-28,583.53,515.337,1098.867,890.563,308.0,1198.563,1098.867,99.696,99.696,0.0,0.0,0.0,0.0,0.0,0.0,0.0,404.443,0.404,0.961,0.0,0.0,0.0,0.0,0.0,0.0,1.0,1.0,1.0,minimize_generator,full_grid,False,971.231,3902.67,5000,inf
2011-03-01,656.69,500.234,1156.924,880.583,100.44,981.023,981.023,0.0,0.0,175.901,0.0,0.0,0.0,0.0,0.0,0.0,219.285,0.219,0.961,0.0,0.0,0.0,0.0,0.0,0.0,1.0,1.0,0.994,minimize_generator,full_grid,False,0.0,0.0,5000,inf
2011-03-02,658.555,539.098,1197.653,870.914,108.4,979.314,979.314,0.0,0.0,18.32,200.018,0.0,0.0,0.0,0.0,0.0,200.0,0.2,0.961,0.0,0.0,8.518,0.0,0.0,8.518,0.833,1.0,0.832,minimize_generator,full_grid,False,200.018,0.0,5000,inf
2011-03-03,657.25,605.825,1263.075,906.934,131.84,1038.774,1038.774,0.0,0.0,0.0,224.301,0.0,0.0,0.0,0.0,0.0,200.0,0.2,0.961,0.0,0.0,9.507,0.0,0.0,9.507,0.822,1.0,0.822,minimize_generator,full_grid,False,424.319,0.0,5000,inf
2011-03-04,582.97,627.394,1210.364,921.013,137.08,1058.093,1058.093,0.0,0.0,0.0,152.271,0.0,0.0,0.0,0.0,0.0,200.0,0.2,0.961,0.0,0.0,6.415,0.0,0.0,6.415,0.874,1.0,0.874,minimize_generator,full_grid,False,576.59,0.0,5000,inf
2011-03-05,657.435,625.29,1282.725,918.465,158.6,1077.065,1077.065,0.0,0.0,0.0,205.66,0.0,0.0,0.0,0.0,0.0,200.0,0.2,0.961,0.0,0.0,8.706,0.0,0.0,8.706,0.84,1.0,0.84,minimize_generator,full_grid,False,782.25,0.0,5000,inf
2011-03-06,586.315,515.197,1101.512,900.998,4.4,905.398,905.398,0.0,0.0,0.0,196.114,0.0,0.0,0.0,0.0,0.0,200.0,0.2,0.961,0.0,0.0,8.328,0.0,0.0,8.328,0.822,1.0,0.822,minimize_generator,full_grid,False,978.363,0.0,5000,inf
2011-03-07,660.805,535.073,1195.878,879.767,308.92,1188.687,1188.687,0.0,0.0,0.0,7.191,0.0,0.0,0.0,0.0,0.0,200.0,0.2,0.961,0.0,0.0,0.306,0.0,0.0,0.306,0.994,1.0,0.994,minimize_generator,full_grid,False,985.554,0.0,5000,inf
2011-03-08,659.86,527.405,1187.265,952.075,213.92,1165.995,1165.995,0.0,0.0,0.0,21.27,0.0,0.0,0.0,0.0,0.0,200.0,0.2,0.961,0.0,0.0,0.907,0.0,0.0,0.907,0.982,1.0,0.982,minimize_generator,full_grid,False,1006.824,0.0,5000,inf
2011-03-09,588.39,554.426,1142.816,912.857,394.8,1307.657,1142.816,164.841,164.841,0.0,0.0,0.0,0.0,0.0,0.0,0.0,356.599,0.357,0.978,0.0,0.0,0.0,0.0,0.0,0.0,1.0,1.0,1.0,minimize_generator,full_grid,False,1006.824,0.0,5000,inf
2011-03-10,657.075,432.964,1090.039,913.938,481.56,1395.498,1090.039,305.459,305.459,0.0,0.0,0.0,0.0,0.0,0.0,0.0,646.785,0.647,0.988,0.0,0.0,0.0,0.0,0.0,0.0,1.0,1.0,1.0,minimize_generator,full_grid,False,1006.824,0.0,5000,inf
2011-03-11,588.565,467.214,1055.779,971.177,369.96,1341.137,1055.779,285.358,161.279,0.0,0.0,124.079,0.0,0.0,0.0,0.0,800.0,0.8,0.99,0.0,0.0,0.0,0.0,0.0,0.0,1.0,0.907,1.0,minimize_generator,full_grid,False,1006.824,124.079,5000,inf
2011-03-12,659.3,546.763,1206.063,910.841,436.28,1347.121,1206.063,141.058,0.0,0.0,0.0,141.058,0.0,0.0,0.0,0.0,800.0,0.8,0.99,0.0,0.0,0.0,0.0,0.0,0.0,1.0,0.895,1.0,minimize_generator,full_grid,False,1006.824,265.137,5000,inf
2011-03-13,663.805,571.099,1234.904,961.135,148.64,1109.775,1109.775,0.0,0.0,125.129,0.0,0.0,0.0,0.0,0.0,0.0,668.285,0.668,0.99,0.0,0.0,0.0,0.0,0.0,0.0,1.0,1.0,0.999,minimize_generator,full_grid,False,1006.824,265.137,5000,inf
2011-03-14,589.485,602.947,1192.432,1016.935,55.96,1072.895,1072.895,0.0,0.0,119.537,0.0,0.0,0.0,0.0,0.0,0.0,542.457,0.542,0.99,0.0,0.0,0.0,0.0,0.0,0.0,1.0,1.0,0.999,minimize_generator,full_grid,False,1006.824,265.137,5000,inf
2011-03-15,662.685,668.204,1330.889,1042.376,42.52,1084.896,1084.896,0.0,0.0,245.993,0.0,0.0,0.0,0.0,0.0,0.0,283.517,0.284,0.99,0.0,0.0,0.0,0.0,0.0,0.0,1.0,1.0,0.998,minimize_generator,full_grid,False,1006.824,265.137,5000,inf
2011-03-16,658.555,662.77,1321.325,1036.545,48.16,1084.705,1084.705,0.0,0.0,79.341,157.279,0.0,0.0,0.0,0.0,0.0,200.0,0.2,0.99,0.0,0.0,6.643,0.0,0.0,6.643,0.881,1.0,0.88,minimize_generator,full_grid,False,1164.104,265.137,5000,inf
2011-03-17,657.995,645.536,1303.531,1013.535,32.84,1046.375,1046.375,0.0,0.0,0.0,257.156,0.0,0.0,0.0,0.0,0.0,200.0,0.2,0.99,0.0,0.0,10.873,0.0,0.0,10.873,0.803,1.0,0.803,minimize_generator,full_grid,False,1421.26,265.137,5000,inf
2011-03-18,660.805,670.067,1330.872,1005.846,39.12,1044.966,1044.966,0.0,0.0,0.0,285.906,0.0,0.0,0.0,0.0,0.0,200.0,0.2,0.99,0.0,0.0,12.073,0.0,0.0,12.073,0.785,1.0,0.785,minimize_generator,full_grid,False,1707.165,265.137,5000,inf
2011-03-19,657.61,643.805,1301.415,970.339,2.12,972.459,972.459,0.0,0.0,0.0,328.956,0.0,0.0,0.0,0.0,0.0,200.0,0.2,0.99,0.0,0.0,13.91,0.0,0.0,13.91,0.747,1.0,0.747,minimize_generator,full_grid,False,2036.121,265.137,5000,inf
2011-03-20,659.675,673.963,1333.638,913.325,19.92,933.245,933.245,0.0,0.0,0.0,400.393,0.0,0.0,0.0,0.0,0.0,200.0,0.2,0.99,0.0,0.0,16.902,0.0,0.0,16.902,0.7,1.0,0.7,minimize_generator,full_grid,False,2436.514,265.137,5000,inf
2011-03-21,657.61,662.175,1319.785,868.469,165.96,1034.429,1034.429,0.0,0.0,0.0,285.356,0.0,0.0,0.0,0.0,0.0,200.0,0.2,0.99,0.0,0.0,12.053,0.0,0.0,12.053,0.784,1.0,0.784,minimize_generator,full_grid,False,2721.87,265.137,5000,inf
2011-03-22,733.18,684.973,1418.153,1026.753,491.12,1517.873,1418.153,99.72,99.72,0.0,0.0,0.0,0.0,0.0,0.0,0.0,294.734,0.295,0.993,0.0,0.0,0.0,0.0,0.0,0.0,1.0,1.0,1.0,minimize_generator,full_grid,False,2721.87,265.137,5000,inf
2011-03-23,663.07,668.037,1331.107,1055.523,381.0,1436.523,1331.107,105.416,105.416,0.0,0.0,0.0,0.0,0.0,0.0,0.0,394.879,0.395,0.995,0.0,0.0,0.0,0.0,0.0,0.0,1.0,1.0,1.0,minimize_generator,full_grid,False,2721.87,265.137,5000,inf
2011-03-24,660.245,636.512,1296.757,1042.174,468.56,1510.734,1296.757,213.977,213.977,0.0,0.0,0.0,0.0,0.0,0.0,0.0,598.157,0.598,0.997,0.0,0.0,0.0,0.0,0.0,0.0,1.0,1.0,1.0,minimize_generator,full_grid,False,2721.87,265.137,5000,inf
2011-03-25,664.375,656.946,1321.321,845.908,422.84,1268.748,1268.748,0.0,0.0,52.573,0.0,0.0,0.0,0.0,0.0,0.0,542.817,0.543,0.997,0.0,0.0,0.0,0.0,0.0,0.0,1.0,1.0,1.0,minimize_generator,full_grid,False,2721.87,265.137,5000,inf
2011-03-26,663.43,691.972,1355.402,1090.553,94.28,1184.833,1184.833,0.0,0.0,170.569,0.0,0.0,0.0,0.0,0.0,0.0,363.27,0.363,0.997,0.0,0.0,0.0,0.0,0.0,0.0,1.0,1.0,1.0,minimize_generator,full_grid,False,2721.87,265.137,5000,inf
2011-03-27,663.43,783.367,1446.797,1096.297,183.64,1279.937,1279.937,0.0,0.0,155.107,11.753,0.0,0.0,0.0,0.0,0.0,200.0,0.2,0.997,0.0,0.0,0.493,0.0,0.0,0.493,0.992,1.0,0.992,minimize_generator,full_grid,False,2733.624,265.137,5000,inf
2011-03-28,729.835,867.169,1597.004,1065.579,394.8,1460.379,1460.379,0.0,0.0,0.0,136.625,0.0,0.0,0.0,0.0,0.0,200.0,0.2,0.997,0.0,0.0,5.733,0.0,0.0,5.733,0.914,1.0,0.914,minimize_generator,full_grid,False,2870.248,265.137,5000,inf
2011-03-29,730.755,872.596,1603.351,1097.259,199.68,1296.939,1296.939,0.0,0.0,0.0,306.412,0.0,0.0,0.0,0.0,0.0,200.0,0.2,0.997,0.0,0.0,12.855,0.0,0.0,12.855,0.809,1.0,0.809,minimize_generator,full_grid,False,3176.66,265.137,5000,inf
2011-03-30,663.07,918.832,1581.902,1081.095,212.0,1293.095,1293.095,0.0,0.0,0.0,288.807,0.0,0.0,0.0,0.0,0.0,200.0,0.2,0.997,0.0,0.0,12.046,0.0,0.0,12.046,0.817,1.0,0.817,minimize_generator,full_grid,False,3465.467,265.137,5000,inf
2011-03-31,663.245,884.03,1547.275,1064.745,58.32,1123.065,1123.065,0.0,0.0,0.0,424.21,0.0,0.0,0.0,0.0,0.0,200.0,0.2,0.997,0.0,0.0,17.72,0.0,0.0,17.72,0.726,1.0,0.726,minimize_generator,full_grid,False,3889.676,265.137,5000,inf
2011-04-01,664.725,891.336,1556.061,1012.92,8.2,1021.12,1021.12,0.0,0.0,0.0,534.941,0.0,0.0,0.0,0.0,0.0,200.0,0.2,0.997,0.0,0.0,23.187,0.0,0.0,23.187,0.656,1.0,0.656,minimize_generator,full_grid,False,534.941,0.0,5000,inf
2011-04-02,657.075,922.113,1579.188,898.842,404.4,1303.242,1303.242,0.0,0.0,0.0,275.946,0.0,0.0,0.0,0.0,0.0,200.0,0.2,0.997,0.0,0.0,11.936,0.0,0.0,11.936,0.825,1.0,0.825,minimize_generator,full_grid,False,810.887,0.0,5000,inf
2011-04-03,660.245,896.011,1556.256,1000.658,354.52,1355.178,1355.178,0.0,0.0,0.0,201.078,0.0,0.0,0.0,0.0,0.0,200.0,0.2,0.997,0.0,0.0,8.711,0.0,0.0,8.711,0.871,1.0,0.871,minimize_generator,full_grid,False,1011.965,0.0,5000,inf
2011-04-04,734.87,808.874,1543.744,1031.571,391.76,1423.331,1423.331,0.0,0.0,0.0,120.413,0.0,0.0,0.0,0.0,0.0,200.0,0.2,0.997,0.0,0.0,5.268,0.0,0.0,5.268,0.922,1.0,0.922,minimize_generator,full_grid,False,1132.378,0.0,5000,inf
2011-04-05,736.165,812.512,1548.677,1021.383,249.0,1270.383,1270.383,0.0,0.0,0.0,278.294,0.0,0.0,0.0,0.0,0.0,200.0,0.2,0.997,0.0,0.0,12.174,0.0,0.0,12.174,0.82,1.0,0.82,minimize_generator,full_grid,False,1410.672,0.0,5000,inf
2011-04-06,729.45,843.764,1573.214,1102.688,179.88,1282.568,1282.568,0.0,0.0,0.0,290.646,0.0,0.0,0.0,0.0,0.0,200.0,0.2,0.997,0.0,0.0,12.686,0.0,0.0,12.686,0.815,1.0,0.815,minimize_generator,full_grid,False,1701.318,0.0,5000,inf
2011-04-07,732.795,851.207,1584.002,1060.431,25.36,1085.791,1085.791,0.0,0.0,0.0,498.211,0.0,0.0,0.0,0.0,0.0,200.0,0.2,0.997,0.0,0.0,21.742,0.0,0.0,21.742,0.685,1.0,0.685,minimize_generator,full_grid,False,2199.529,0.0,5000,inf
2011-04-08,732.06,902.441,1634.501,997.736,32.0,1029.736,1029.736,0.0,0.0,0.0,604.765,0.0,0.0,0.0,0.0,0.0,200.0,0.2,0.997,0.0,0.0,26.318,0.0,0.0,26.318,0.63,1.0,0.63,minimize_generator,full_grid,False,2804.294,0.0,5000,inf
2011-04-09,813.635,934.922,1748.557,1077.578,292.68,1370.258,1370.258,0.0,0.0,0.0,378.299,0.0,0.0,0.0,0.0,0.0,200.0,0.2,0.997,0.0,0.0,16.517,0.0,0.0,16.517,0.784,1.0,0.784,minimize_generator,full_grid,False,3182.594,0.0,5000,inf
2011-04-10,735.79,927.058,1662.848,1108.701,65.04,1173.741,1173.741,0.0,0.0,0.0,489.107,0.0,0.0,0.0,0.0,0.0,200.0,0.2,0.997,0.0,0.0,21.263,0.0,0.0,21.263,0.706,1.0,0.706,minimize_generator,full_grid,False,3671.701,0.0,5000,inf
2011-04-11,731.49,955.519,1687.009,1124.63,55.4,1180.03,1180.03,0.0,0.0,0.0,506.979,0.0,0.0,0.0,0.0,0.0,200.0,0.2,0.997,0.0,0.0,22.002,0.0,0.0,22.002,0.699,1.0,0.699,minimize_generator,full_grid,False,4178.679,0.0,5000,inf
2011-04-12,665.67,948.919,1614.589,1104.625,365.96,1470.585,1470.585,0.0,0.0,0.0,144.004,0.0,0.0,0.0,0.0,0.0,200.0,0.2,0.997,0.0,0.0,6.224,0.0,0.0,6.224,0.911,1.0,0.911,minimize_generator,full_grid,False,4322.683,0.0,5000,inf
2011-04-13,663.605,898.301,1561.906,1169.839,295.4,1465.239,1465.239,0.0,0.0,0.0,96.667,0.0,0.0,0.0,0.0,0.0,200.0,0.2,0.997,0.0,0.0,4.188,0.0,0.0,4.188,0.938,1.0,0.938,minimize_generator,full_grid,False,4419.35,0.0,5000,inf
2011-04-14,733.565,876.105,1609.67,1155.588,242.4,1397.988,1397.988,0.0,0.0,0.0,211.682,0.0,0.0,0.0,0.0,0.0,200.0,0.2,0.997,0.0,0.0,9.226,0.0,0.0,9.226,0.868,1.0,0.868,minimize_generator,full_grid,False,4631.032,0.0,5000,inf
2011-04-15,730.37,922.594,1652.964,1155.14,102.0,1257.14,1257.14,0.0,63.143,0.0,368.968,0.0,26.857,63.143,0.0,0.0,259.986,0.26,0.767,54.0,6.0,16.038,0.0,14.137,30.175,0.777,1.0,0.761,minimize_generator,full_grid,False,5000.0,0.0,5000,inf
2011-04-16,665.11,811.268,1476.378,949.749,78.28,1028.029,1028.029,0.0,0.0,56.987,0.0,0.0,391.362,0.0,0.0,0.0,200.0,0.2,0.767,222.272,24.0,0.0,0.0,58.191,58.191,1.0,1.0,0.726,minimize_generator,full_grid,False,5000.0,0.0,5000,inf
2011-04-17,731.49,738.311,1469.801,992.928,57.12,1050.048,1050.048,0.0,0.0,0.0,0.0,0.0,419.753,0.0,0.0,0.0,200.0,0.2,0.767,227.951,24.0,0.0,0.0,59.677,59.677,1.0,1.0,0.714,minimize_generator,full_grid,False,5000.0,0.0,5000,inf
2011-04-18,730.195,685.193,1415.388,993.611,63.16,1056.771,1056.771,0.0,0.0,0.0,0.0,0.0,358.617,0.0,0.0,0.0,200.0,0.2,0.767,215.17,23.908,0.0,0.0,56.331,56.331,1.0,1.0,0.747,minimize_generator,full_grid,False,5000.0,0.0,5000,inf
2011-04-19,811.77,622.02,1433.79,888.808,342.8,1231.608,1231.608,0.0,0.0,0.0,0.0,0.0,202.182,0.0,0.0,0.0,200.0,0.2,0.767,121.309,13.479,0.0,0.0,31.759,31.759,1.0,1.0,0.859,minimize_generator,full_grid,False,5000.0,0.0,5000,inf
2011-04-20,738.03,584.7,1322.73,1136.404,431.64,1568.044,1322.73,245.314,245.314,0.0,0.0,0.0,0.0,0.0,0.0,0.0,433.048,0.433,0.892,0.0,0.0,0.0,0.0,0.0,0.0,1.0,1.0,1.0,minimize_generator,full_grid,False,5000.0,0.0,5000,inf
2011-04-21,735.045,502.873,1237.918,1027.429,353.68,1381.109,1237.918,143.191,143.191,0.0,0.0,0.0,0.0,0.0,0.0,0.0,569.079,0.569,0.918,0.0,0.0,0.0,0.0,0.0,0.0,1.0,1.0,1.0,minimize_generator,full_grid,False,5000.0,0.0,5000,inf
2011-04-22,811.98,472.936,1284.916,1175.721,188.32,1364.041,1284.916,79.125,79.125,0.0,0.0,0.0,0.0,0.0,0.0,0.0,644.248,0.644,0.928,0.0,0.0,0.0,0.0,0.0,0.0,1.0,1.0,1.0,minimize_generator,full_grid,False,5000.0,0.0,5000,inf
2011-04-23,735.99,407.789,1143.779,1188.637,122.44,1311.077,1143.779,167.298,163.949,0.0,0.0,3.348,0.0,0.0,0.0,0.0,800.0,0.8,0.942,0.0,0.0,0.0,0.0,0.0,0.0,1.0,0.997,1.0,minimize_generator,full_grid,False,5000.0,3.348,5000,inf
2011-04-24,732.795,483.507,1216.302,1180.028,312.48,1492.508,1216.302,276.206,0.0,0.0,0.0,276.206,0.0,0.0,0.0,0.0,800.0,0.8,0.942,0.0,0.0,0.0,0.0,0.0,0.0,1.0,0.815,1.0,minimize_generator,full_grid,False,5000.0,279.554,5000,inf
2011-04-25,813.075,357.894,1170.969,1217.759,359.44,1577.199,1170.969,406.23,0.0,0.0,0.0,406.23,0.0,0.0,0.0,0.0,800.0,0.8,0.942,0.0,0.0,0.0,0.0,0.0,0.0,1.0,0.742,1.0,minimize_generator,full_grid,False,5000.0,685.784,5000,inf
2011-04-26,809.73,253.516,1063.246,1200.1,123.28,1323.38,1063.246,260.134,0.0,0.0,0.0,260.134,0.0,0.0,0.0,0.0,800.0,0.8,0.942,0.0,0.0,0.0,0.0,0.0,0.0,1.0,0.803,1.0,minimize_generator,full_grid,False,5000.0,945.918,5000,inf
2011-04-27,733.18,135.096,868.276,953.443,18.08,971.523,868.276,103.247,0.0,0.0,0.0,103.247,0.0,0.0,0.0,0.0,800.0,0.8,0.942,0.0,0.0,0.0,0.0,0.0,0.0,1.0,0.894,1.0,minimize_generator,full_grid,False,5000.0,1049.166,5000,inf
2011-04-28,736.735,103.909,840.644,758.491,52.0,810.491,810.491,0.0,0.0,30.153,0.0,0.0,0.0,0.0,0.0,0.0,768.261,0.768,0.942,0.0,0.0,0.0,0.0,0.0,0.0,1.0,1.0,0.998,minimize_generator,full_grid,False,5000.0,1049.166,5000,inf
2011-04-29,734.485,88.427,822.912,1081.363,334.28,1415.643,822.912,592.731,33.41,0.0,0.0,559.321,0.0,0.0,0.0,0.0,800.0,0.8,0.944,0.0,0.0,0.0,0.0,0.0,0.0,1.0,0.605,1.0,minimize_generator,full_grid,False,5000.0,1608.487,5000,inf
2011-04-30,732.795,44.697,777.492,1067.126,370.76,1437.886,777.492,660.394,0.0,0.0,0.0,660.394,0.0,0.0,0.0,0.0,800.0,0.8,0.944,0.0,0.0,0.0,0.0,0.0,0.0,1.0,0.541,1.0,minimize_generator,full_grid,False,5000.0,2268.881,5000,inf
2011-05-01,812.715,1152.728,1965.443,1192.844,219.6,1412.444,1412.444,0.0,0.0,552.999,0.0,0.0,0.0,0.0,0.0,0.0,217.896,0.218,0.944,0.0,0.0,0.0,0.0,0.0,0.0,1.0,1.0,0.984,minimize_generator,full_grid,False,0.0,0.0,5000,inf
2011-05-02,816.63,1227.876,2044.506,1124.601,14.72,1139.321,1139.321,0.0,0.0,17.001,888.184,0.0,0.0,0.0,0.0,0.0,200.0,0.2,0.944,0.0,0.0,38.312,0.0,0.0,38.312,0.566,1.0,0.565,minimize_generator,full_grid,False,888.184,0.0,5000,inf
2011-05-03,733.74,1255.511,1989.251,1153.033,219.6,1372.633,1372.633,0.0,0.0,0.0,616.618,0.0,0.0,0.0,0.0,0.0,200.0,0.2,0.944,0.0,0.0,26.445,0.0,0.0,26.445,0.69,1.0,0.69,minimize_generator,full_grid,False,1504.802,0.0,5000,inf
2011-05-04,812.34,1176.493,1988.833,961.402,11.72,973.122,973.122,0.0,0.0,0.0,1015.711,0.0,0.0,0.0,0.0,0.0,200.0,0.2,0.944,0.0,0.0,43.887,0.0,0.0,43.887,0.489,1.0,0.489,minimize_generator,full_grid,False,2520.513,0.0,5000,inf
2011-05-05,737.085,1087.119,1824.204,751.438,184.56,935.998,935.998,0.0,0.0,0.0,888.206,0.0,0.0,0.0,0.0,0.0,200.0,0.2,0.944,0.0,0.0,38.346,0.0,0.0,38.346,0.513,1.0,0.513,minimize_generator,full_grid,False,3408.719,0.0,5000,inf
2011-05-06,738.03,975.923,1713.953,858.652,393.28,1251.932,1251.932,0.0,0.0,0.0,462.021,0.0,0.0,0.0,0.0,0.0,200.0,0.2,0.944,0.0,0.0,20.046,0.0,0.0,20.046,0.73,1.0,0.73,minimize_generator,full_grid,False,3870.74,0.0,5000,inf
2011-05-07,737.855,1161.943,1899.798,1233.328,472.44,1705.768,1705.768,0.0,0.0,0.0,194.03,0.0,0.0,0.0,0.0,0.0,200.0,0.2,0.944,0.0,0.0,8.352,0.0,0.0,8.352,0.898,1.0,0.898,minimize_generator,full_grid,False,4064.769,0.0,5000,inf
2011-05-08,737.295,992.5,1729.795,1219.9,424.92,1644.82,1644.82,0.0,0.0,0.0,84.975,0.0,0.0,0.0,0.0,0.0,200.0,0.2,0.944,0.0,0.0,3.684,0.0,0.0,3.684,0.951,1.0,0.951,minimize_generator,full_grid,False,4149.744,0.0,5000,inf
2011-05-09,811.77,1051.133,1862.903,1238.558,235.76,1474.318,1474.318,0.0,0.0,0.0,388.585,0.0,0.0,0.0,0.0,0.0,200.0,0.2,0.944,0.0,0.0,16.876,0.0,0.0,16.876,0.791,1.0,0.791,minimize_generator,full_grid,False,4538.329,0.0,5000,inf
2011-05-10,737.855,990.56,1728.415,1228.228,367.56,1595.788,1595.788,0.0,0.0,0.0,132.627,0.0,0.0,0.0,0.0,0.0,200.0,0.2,0.944,0.0,0.0,5.75,0.0,0.0,5.75,0.923,1.0,0.923,minimize_generator,full_grid,False,4670.956,0.0,5000,inf
2011-05-11,813.285,975.348,1788.633,1216.264,231.0,1447.264,1447.264,0.0,77.675,0.0,329.044,0.0,12.325,77.675,0.0,0.0,273.792,0.274,0.69,54.0,6.0,14.341,0.0,13.759,28.1,0.816,1.0,0.809,minimize_generator,full_grid,False,5000.0,0.0,5000,inf
2011-05-12,812.34,747.288,1559.628,963.927,231.0,1194.927,1194.927,0.0,0.0,70.102,0.0,0.0,294.599,0.0,0.0,0.0,200.0,0.2,0.69,176.759,19.64,0.0,0.0,45.038,45.038,1.0,1.0,0.797,minimize_generator,full_grid,False,5000.0,0.0,5000,inf
2011-05-13,811.98,864.042,1676.022,1233.416,381.8,1615.216,1615.216,0.0,29.194,0.0,0.0,0.0,60.806,29.194,0.0,0.0,227.734,0.228,0.606,54.0,6.0,0.0,0.0,13.759,13.759,1.0,1.0,0.964,minimize_generator,full_grid,False,5000.0,0.0,5000,inf
2011-05-14,809.73,684.429,1494.159,1233.907,410.2,1644.107,1494.159,149.948,149.948,0.0,0.0,0.0,0.0,0.0,0.0,0.0,370.185,0.37,0.757,0.0,0.0,0.0,0.0,0.0,0.0,1.0,1.0,1.0,minimize_generator,full_grid,False,5000.0,0.0,5000,inf
2011-05-15,811.21,667.58,1478.79,1226.479,235.76,1462.239,1462.239,0.0,0.0,16.551,0.0,0.0,0.0,0.0,0.0,0.0,352.763,0.353,0.757,0.0,0.0,0.0,0.0,0.0,0.0,1.0,1.0,0.997,minimize_generator,full_grid,False,5000.0,0.0,5000,inf
2011-05-16,816.445,721.654,1538.099,1207.545,359.44,1566.985,1538.099,28.886,28.886,0.0,0.0,0.0,0.0,0.0,0.0,0.0,380.205,0.38,0.775,0.0,0.0,0.0,0.0,0.0,0.0,1.0,1.0,1.0,minimize_generator,full_grid,False,5000.0,0.0,5000,inf
2011-05-17,815.885,604.443,1420.328,1158.611,257.48,1416.091,1416.091,0.0,0.0,4.237,0.0,0.0,0.0,0.0,0.0,0.0,375.745,0.376,0.775,0.0,0.0,0.0,0.0,0.0,0.0,1.0,1.0,0.999,minimize_generator,full_grid,False,5000.0,0.0,5000,inf
2011-05-18,810.675,611.166,1421.841,1216.886,338.56,1555.446,1421.841,133.605,133.605,0.0,0.0,0.0,0.0,0.0,0.0,0.0,502.67,0.503,0.832,0.0,0.0,0.0,0.0,0.0,0.0,1.0,1.0,1.0,minimize_generator,full_grid,False,5000.0,0.0,5000,inf
2011-05-19,814.94,542.523,1357.463,1229.133,149.52,1378.653,1357.463,21.19,21.19,0.0,0.0,0.0,0.0,0.0,0.0,0.0,522.8,0.523,0.838,0.0,0.0,0.0,0.0,0.0,0.0,1.0,1.0,1.0,minimize_generator,full_grid,False,5000.0,0.0,5000,inf
2011-05-20,817.575,341.077,1158.652,1196.684,102.8,1299.484,1158.652,140.832,140.832,0.0,0.0,0.0,0.0,0.0,0.0,0.0,656.59,0.657,0.871,0.0,0.0,0.0,0.0,0.0,0.0,1.0,1.0,1.0,minimize_generator,full_grid,False,5000.0,0.0,5000,inf
2011-05-21,737.855,332.477,1070.332,1152.113,330.84,1482.953,1070.332,412.621,150.957,0.0,0.0,261.663,0.0,0.0,0.0,0.0,800.0,0.8,0.894,0.0,0.0,0.0,0.0,0.0,0.0,1.0,0.824,1.0,minimize_generator,full_grid,False,5000.0,261.663,5000,inf
2011-05-22,817.365,362.109,1179.474,1142.469,333.44,1475.909,1179.474,296.435,0.0,0.0,0.0,296.435,0.0,0.0,0.0,0.0,800.0,0.8,0.894,0.0,0.0,0.0,0.0,0.0,0.0,1.0,0.799,1.0,minimize_generator,full_grid,False,5000.0,558.098,5000,inf
2011-05-23,813.075,226.896,1039.971,1196.953,248.08,1445.033,1039.971,405.062,0.0,0.0,0.0,405.062,0.0,0.0,0.0,0.0,800.0,0.8,0.894,0.0,0.0,0.0,0.0,0.0,0.0,1.0,0.72,1.0,minimize_generator,full_grid,False,5000.0,963.16,5000,inf
2011-05-24,817.935,193.766,1011.701,1197.071,255.6,1452.671,1011.701,440.97,0.0,0.0,0.0,440.97,0.0,0.0,0.0,0.0,800.0,0.8,0.894,0.0,0.0,0.0,0.0,0.0,0.0,1.0,0.696,1.0,minimize_generator,full_grid,False,5000.0,1404.13,5000,inf
2011-05-25,813.285,172.594,985.879,1183.84,182.68,1366.52,985.879,380.641,0.0,0.0,0.0,380.641,0.0,0.0,0.0,0.0,800.0,0.8,0.894,0.0,0.0,0.0,0.0,0.0,0.0,1.0,0.721,1.0,minimize_generator,full_grid,False,5000.0,1784.771,5000,inf
2011-05-26,738.6,150.554,889.154,1181.255,121.6,1302.855,889.154,413.701,0.0,0.0,0.0,413.701,0.0,0.0,0.0,0.0,800.0,0.8,0.894,0.0,0.0,0.0,0.0,0.0,0.0,1.0,0.682,1.0,minimize_generator,full_grid,False,5000.0,2198.473,5000,inf
2011-05-27,810.475,125.946,936.421,1091.876,121.6,1213.476,936.421,277.055,0.0,0.0,0.0,277.055,0.0,0.0,0.0,0.0,800.0,0.8,0.894,0.0,0.0,0.0,0.0,0.0,0.0,1.0,0.772,1.0,minimize_generator,full_grid,False,5000.0,2475.528,5000,inf
2011-05-28,817.015,99.184,916.199,832.872,317.76,1150.632,916.199,234.433,0.0,0.0,0.0,234.433,0.0,0.0,0.0,0.0,800.0,0.8,0.894,0.0,0.0,0.0,0.0,0.0,0.0,1.0,0.796,1.0,minimize_generator,full_grid,False,5000.0,2709.961,5000,inf
2011-05-29,818.135,79.624,897.759,1195.357,362.72,1558.077,897.759,660.318,0.0,0.0,0.0,660.318,0.0,0.0,0.0,0.0,800.0,0.8,0.894,0.0,0.0,0.0,0.0,0.0,0.0,1.0,0.576,1.0,minimize_generator,full_grid,False,5000.0,3370.279,5000,inf
2011-05-30,814.02,58.171,872.191,1215.001,219.6,1434.601,872.191,562.41,0.0,0.0,0.0,562.41,0.0,0.0,0.0,0.0,800.0,0.8,0.894,0.0,0.0,0.0,0.0,0.0,0.0,1.0,0.608,1.0,minimize_generator,full_grid,False,5000.0,3932.688,5000,inf
2011-05-31,890.58,37.812,928.392,1222.027,356.16,1578.187,928.392,649.795,0.0,0.0,0.0,649.795,0.0,0.0,0.0,0.0,800.0,0.8,0.894,0.0,0.0,0.0,0.0,0.0,0.0,1.0,0.588,1.0,minimize_generator,full_grid,False,5000.0,4582.484,5000,inf
2011-06-01,811.595,846.717,1658.312,1243.274,340.28,1583.554,1583.554,0.0,0.0,74.758,0.0,0.0,0.0,0.0,0.0,0.0,721.308,0.721,0.894,0.0,0.0,0.0,0.0,0.0,0.0,1.0,1.0,0.995,minimize_generator,full_grid,False,0.0,0.0,5000,inf
2011-06-02,817.75,795.704,1613.454,1256.735,373.96,1630.695,1613.454,17.241,17.241,0.0,0.0,0.0,0.0,0.0,0.0,0.0,737.686,0.738,0.897,0.0,0.0,0.0,0.0,0.0,0.0,1.0,1.0,1.0,minimize_generator,full_grid,False,0.0,0.0,5000,inf
2011-06-03,813.635,826.511,1640.146,1261.016,253.72,1514.736,1514.736,0.0,0.0,125.41,0.0,0.0,0.0,0.0,0.0,0.0,605.676,0.606,0.897,0.0,0.0,0.0,0.0,0.0,0.0,1.0,1.0,0.992,minimize_generator,full_grid,False,0.0,0.0,5000,inf
2011-06-04,816.07,860.054,1676.124,1229.242,339.44,1568.682,1568.682,0.0,0.0,107.442,0.0,0.0,0.0,0.0,0.0,0.0,492.579,0.493,0.897,0.0,0.0,0.0,0.0,0.0,0.0,1.0,1.0,0.993,minimize_generator,full_grid,False,0.0,0.0,5000,inf
2011-06-05,818.88,906.559,1725.439,1226.79,415.2,1641.99,1641.99,0.0,0.0,83.449,0.0,0.0,0.0,0.0,0.0,0.0,404.739,0.405,0.897,0.0,0.0,0.0,0.0,0.0,0.0,1.0,1.0,0.995,minimize_generator,full_grid,False,0.0,0.0,5000,inf
2011-06-06,815.71,805.392,1621.102,1225.883,372.36,1598.243,1598.243,0.0,0.0,22.859,0.0,0.0,0.0,0.0,0.0,0.0,380.676,0.381,0.897,0.0,0.0,0.0,0.0,0.0,0.0,1.0,1.0,0.999,minimize_generator,full_grid,False,0.0,0.0,5000,inf
2011-06-07,817.575,809.271,1626.846,1209.863,190.2,1400.063,1400.063,0.0,0.0,171.642,55.141,0.0,0.0,0.0,0.0,0.0,200.0,0.2,0.897,0.0,0.0,2.458,0.0,0.0,2.458,0.966,1.0,0.955,minimize_generator,full_grid,False,55.141,0.0,5000,inf
2011-06-08,893.565,844.883,1738.448,1236.074,285.36,1521.434,1521.434,0.0,0.0,0.0,217.014,0.0,0.0,0.0,0.0,0.0,200.0,0.2,0.897,0.0,0.0,9.69,0.0,0.0,9.69,0.875,1.0,0.875,minimize_generator,full_grid,False,272.155,0.0,5000,inf
2011-06-09,817.365,892.306,1709.671,1225.889,214.84,1440.729,1440.729,0.0,0.0,0.0,268.942,0.0,0.0,0.0,0.0,0.0,200.0,0.2,0.897,0.0,0.0,11.938,0.0,0.0,11.938,0.843,1.0,0.843,minimize_generator,full_grid,False,541.097,0.0,5000,inf
2011-06-10,893.39,885.175,1778.565,1200.31,176.16,1376.47,1376.47,0.0,0.0,0.0,402.095,0.0,0.0,0.0,0.0,0.0,200.0,0.2,0.897,0.0,0.0,17.92,0.0,0.0,17.92,0.774,1.0,0.774,minimize_generator,full_grid,False,943.193,0.0,5000,inf
2011-06-11,815.71,755.464,1571.174,1195.496,397.04,1592.536,1571.174,21.362,21.362,0.0,0.0,0.0,0.0,0.0,0.0,0.0,220.294,0.22,0.906,0.0,0.0,0.0,0.0,0.0,0.0,1.0,1.0,1.0,minimize_generator,full_grid,False,943.193,0.0,5000,inf
2011-06-12,892.645,744.823,1637.468,1242.809,432.32,1675.129,1637.468,37.661,37.661,0.0,0.0,0.0,0.0,0.0,0.0,0.0,256.071,0.256,0.919,0.0,0.0,0.0,0.0,0.0,0.0,1.0,1.0,1.0,minimize_generator,full_grid,False,943.193,0.0,5000,inf
2011-06-13,896.175,690.041,1586.216,1225.529,299.92,1525.449,1525.449,0.0,0.0,53.268,7.499,0.0,0.0,0.0,0.0,0.0,200.0,0.2,0.919,0.0,0.0,0.338,0.0,0.0,0.338,0.995,1.0,0.993,minimize_generator,full_grid,False,950.692,0.0,5000,inf
2011-06-14,811.21,586.139,1397.349,1182.38,271.52,1453.9,1397.349,56.551,56.551,0.0,0.0,0.0,0.0,0.0,0.0,0.0,253.723,0.254,0.936,0.0,0.0,0.0,0.0,0.0,0.0,1.0,1.0,1.0,minimize_generator,full_grid,False,950.692,0.0,5000,inf
2011-06-15,817.575,609.539,1427.114,1223.117,268.72,1491.837,1427.114,64.723,64.723,0.0,0.0,0.0,0.0,0.0,0.0,0.0,315.21,0.315,0.949,0.0,0.0,0.0,0.0,0.0,0.0,1.0,1.0,1.0,minimize_generator,full_grid,False,950.692,0.0,5000,inf
2011-06-16,893.39,690.116,1583.506,1216.041,459.92,1675.961,1583.506,92.455,92.455,0.0,0.0,0.0,0.0,0.0,0.0,0.0,403.042,0.403,0.96,0.0,0.0,0.0,0.0,0.0,0.0,1.0,1.0,1.0,minimize_generator,full_grid,False,950.692,0.0,5000,inf
2011-06-17,890.78,689.874,1580.654,1218.859,489.64,1708.499,1580.654,127.845,127.845,0.0,0.0,0.0,0.0,0.0,0.0,0.0,524.494,0.524,0.969,0.0,0.0,0.0,0.0,0.0,0.0,1.0,1.0,1.0,minimize_generator,full_grid,False,950.692,0.0,5000,inf
2011-06-18,893.005,615.195,1508.2,1232.97,489.64,1722.61,1508.2,214.41,214.41,0.0,0.0,0.0,0.0,0.0,0.0,0.0,728.184,0.728,0.978,0.0,0.0,0.0,0.0,0.0,0.0,1.0,1.0,1.0,minimize_generator,full_grid,False,950.692,0.0,5000,inf
2011-06-19,818.88,516.35,1335.23,1232.831,380.24,1613.071,1335.23,277.841,75.596,0.0,0.0,202.245,0.0,0.0,0.0,0.0,800.0,0.8,0.98,0.0,0.0,0.0,0.0,0.0,0.0,1.0,0.875,1.0,minimize_generator,full_grid,False,950.692,202.245,5000,inf
2011-06-20,892.27,500.548,1392.818,1231.761,261.24,1493.001,1392.818,100.183,0.0,0.0,0.0,100.183,0.0,0.0,0.0,0.0,800.0,0.8,0.98,0.0,0.0,0.0,0.0,0.0,0.0,1.0,0.933,1.0,minimize_generator,full_grid,False,950.692,302.428,5000,inf
2011-06-21,891.525,505.718,1397.243,1212.101,161.36,1373.461,1373.461,0.0,0.0,23.782,0.0,0.0,0.0,0.0,0.0,0.0,774.966,0.775,0.98,0.0,0.0,0.0,0.0,0.0,0.0,1.0,1.0,1.0,minimize_generator,full_grid,False,950.692,302.428,5000,inf
2011-06-22,896.56,503.387,1399.947,1206.067,233.88,1439.947,1399.947,40.0,26.351,0.0,0.0,13.649,0.0,0.0,0.0,0.0,800.0,0.8,0.98,0.0,0.0,0.0,0.0,0.0,0.0,1.0,0.991,1.0,minimize_generator,full_grid,False,950.692,316.076,5000,inf
2011-06-23,893.215,472.586,1365.801,1181.372,291.76,1473.132,1365.801,107.331,0.0,0.0,0.0,107.331,0.0,0.0,0.0,0.0,800.0,0.8,0.98,0.0,0.0,0.0,0.0,0.0,0.0,1.0,0.927,1.0,minimize_generator,full_grid,False,950.692,423.407,5000,inf
2011-06-24,893.775,469.941,1363.716,1203.037,330.0,1533.037,1363.716,169.321,0.0,0.0,0.0,169.321,0.0,0.0,0.0,0.0,800.0,0.8,0.98,0.0,0.0,0.0,0.0,0.0,0.0,1.0,0.89,1.0,minimize_generator,full_grid,False,950.692,592.728,5000,inf
2011-06-25,890.965,415.258,1306.223,1224.833,326.52,1551.353,1306.223,245.13,0.0,0.0,0.0,245.13,0.0,0.0,0.0,0.0,800.0,0.8,0.98,0.0,0.0,0.0,0.0,0.0,0.0,1.0,0.842,1.0,minimize_generator,full_grid,False,950.692,837.858,5000,inf
2011-06-26,890.78,392.04,1282.82,1233.281,236.72,1470.001,1282.82,187.181,0.0,0.0,0.0,187.181,0.0,0.0,0.0,0.0,800.0,0.8,0.98,0.0,0.0,0.0,0.0,0.0,0.0,1.0,0.873,1.0,minimize_generator,full_grid,False,950.692,1025.039,5000,inf
2011-06-27,891.14,367.314,1258.454,1210.968,305.32,1516.288,1258.454,257.834,0.0,0.0,0.0,257.834,0.0,0.0,0.0,0.0,800.0,0.8,0.98,0.0,0.0,0.0,0.0,0.0,0.0,1.0,0.83,1.0,minimize_generator,full_grid,False,950.692,1282.872,5000,inf
2011-06-28,894.31,342.835,1237.145,1191.35,442.08,1633.43,1237.145,396.285,0.0,0.0,0.0,396.285,0.0,0.0,0.0,0.0,800.0,0.8,0.98,0.0,0.0,0.0,0.0,0.0,0.0,1.0,0.757,1.0,minimize_generator,full_grid,False,950.692,1679.158,5000,inf
2011-06-29,891.35,53.846,945.196,1202.688,465.72,1668.408,945.196,723.212,0.0,0.0,0.0,723.212,0.0,0.0,0.0,0.0,800.0,0.8,0.98,0.0,0.0,0.0,0.0,0.0,0.0,1.0,0.567,1.0,minimize_generator,full_grid,False,950.692,2402.37,5000,inf
2011-06-30,894.135,13.789,907.924,1232.441,418.68,1651.121,907.924,743.197,0.0,0.0,0.0,743.197,0.0,0.0,0.0,0.0,800.0,0.8,0.98,0.0,0.0,0.0,0.0,0.0,0.0,1.0,0.55,1.0,minimize_generator,full_grid,False,950.692,3145.567,5000,inf
2011-07-01,900.85,13.499,914.349,1193.494,283.52,1477.014,914.349,562.665,0.0,0.0,0.0,562.665,0.0,0.0,0.0,0.0,800.0,0.8,0.98,0.0,0.0,0.0,0.0,0.0,0.0,1.0,0.619,1.0,minimize_generator,full_grid,False,0.0,562.665,5000,inf
2011-07-02,896.56,17.357,913.917,1166.517,166.88,1333.397,913.917,419.48,0.0,0.0,0.0,419.48,0.0,0.0,0.0,0.0,800.0,0.8,0.98,0.0,0.0,0.0,0.0,0.0,0.0,1.0,0.685,1.0,minimize_generator,full_grid,False,0.0,982.144,5000,inf
2011-07-03,892.085,26.956,919.041,1167.996,229.12,1397.116,919.041,478.075,0.0,0.0,0.0,478.075,0.0,0.0,0.0,0.0,800.0,0.8,0.98,0.0,0.0,0.0,0.0,0.0,0.0,1.0,0.658,1.0,minimize_generator,full_grid,False,0.0,1460.219,5000,inf
2011-07-04,897.865,37.221,935.086,1179.057,394.04,1573.097,935.086,638.011,0.0,0.0,0.0,638.011,0.0,0.0,0.0,0.0,800.0,0.8,0.98,0.0,0.0,0.0,0.0,0.0,0.0,1.0,0.594,1.0,minimize_generator,full_grid,False,0.0,2098.231,5000,inf
2011-07-05,891.91,36.831,928.741,1167.027,300.84,1467.867,928.741,539.126,0.0,0.0,0.0,539.126,0.0,0.0,0.0,0.0,800.0,0.8,0.98,0.0,0.0,0.0,0.0,0.0,0.0,1.0,0.633,1.0,minimize_generator,full_grid,False,0.0,2637.357,5000,inf
2011-07-06,815.325,36.351,851.676,1168.661,201.56,1370.221,851.676,518.545,0.0,0.0,0.0,518.545,0.0,0.0,0.0,0.0,800.0,0.8,0.98,0.0,0.0,0.0,0.0,0.0,0.0,1.0,0.622,1.0,minimize_generator,full_grid,False,0.0,3155.902,5000,inf
2011-07-07,889.835,37.553,927.388,1168.623,183.64,1352.263,927.388,424.875,0.0,0.0,0.0,424.875,0.0,0.0,0.0,0.0,800.0,0.8,0.98,0.0,0.0,0.0,0.0,0.0,0.0,1.0,0.686,1.0,minimize_generator,full_grid,False,0.0,3580.777,5000,inf
2011-07-08,816.07,38.46,854.53,1145.891,129.24,1275.131,854.53,420.601,0.0,0.0,0.0,420.601,0.0,0.0,0.0,0.0,800.0,0.8,0.98,0.0,0.0,0.0,0.0,0.0,0.0,1.0,0.67,1.0,minimize_generator,full_grid,False,0.0,4001.378,5000,inf
2011-07-09,892.445,38.964,931.409,1111.589,149.52,1261.109,931.409,329.7,0.0,0.0,0.0,329.7,0.0,0.0,0.0,0.0,800.0,0.8,0.98,0.0,0.0,0.0,0.0,0.0,0.0,1.0,0.739,1.0,minimize_generator,full_grid,False,0.0,4331.078,5000,inf
2011-07-10,893.775,37.88,931.655,1134.27,263.12,1397.39,931.655,465.735,0.0,0.0,0.0,465.735,0.0,0.0,0.0,0.0,800.0,0.8,0.98,0.0,0.0,0.0,0.0,0.0,0.0,1.0,0.667,1.0,minimize_generator,full_grid,False,0.0,4796.813,5000,inf
2011-07-11,899.905,36.74,936.645,1154.515,357.8,1512.315,936.645,575.67,0.0,0.0,0.0,575.67,0.0,0.0,0.0,0.0,800.0,0.8,0.98,0.0,0.0,0.0,0.0,0.0,0.0,1.0,0.619,1.0,minimize_generator,full_grid,False,0.0,5372.483,5000,inf
2011-07-12,895.08,37.814,932.894,1157.93,367.56,1525.49,932.894,592.596,0.0,0.0,0.0,592.596,0.0,0.0,0.0,0.0,800.0,0.8,0.98,0.0,0.0,0.0,0.0,0.0,0.0,1.0,0.612,1.0,minimize_generator,full_grid,False,0.0,5965.078,5000,inf
2011-07-13,893.005,40.311,933.316,1175.337,274.28,1449.617,933.316,516.301,0.0,0.0,0.0,516.301,0.0,0.0,0.0,0.0,800.0,0.8,0.98,0.0,0.0,0.0,0.0,0.0,0.0,1.0,0.644,1.0,minimize_generator,full_grid,False,0.0,6481.379,5000,inf
2011-07-14,896.945,42.216,939.161,1150.565,219.6,1370.165,939.161,431.004,0.0,0.0,0.0,431.004,0.0,0.0,0.0,0.0,800.0,0.8,0.98,0.0,0.0,0.0,0.0,0.0,0.0,1.0,0.685,1.0,minimize_generator,full_grid,False,0.0,6912.384,5000,inf
2011-07-15,814.94,41.788,856.728,1157.861,320.4,1478.261,856.728,621.533,0.0,0.0,0.0,621.533,0.0,0.0,0.0,0.0,800.0,0.8,0.98,0.0,0.0,0.0,0.0,0.0,0.0,1.0,0.58,1.0,minimize_generator,full_grid,False,0.0,7533.916,5000,inf
2011-07-16,894.695,39.251,933.946,1205.828,405.16,1610.988,933.946,677.042,0.0,0.0,0.0,677.042,0.0,0.0,0.0,0.0,800.0,0.8,0.98,0.0,0.0,0.0,0.0,0.0,0.0,1.0,0.58,1.0,minimize_generator,full_grid,False,0.0,8210.958,5000,inf
2011-07-17,896.735,36.423,933.158,1208.876,336.0,1544.876,933.158,611.718,0.0,0.0,0.0,611.718,0.0,0.0,0.0,0.0,800.0,0.8,0.98,0.0,0.0,0.0,0.0,0.0,0.0,1.0,0.604,1.0,minimize_generator,full_grid,False,0.0,8822.676,5000,inf
2011-07-18,817.75,34.474,852.224,1201.444,238.6,1440.044,852.224,587.82,0.0,0.0,0.0,587.82,0.0,0.0,0.0,0.0,800.0,0.8,0.98,0.0,0.0,0.0,0.0,0.0,0.0,1.0,0.592,1.0,minimize_generator,full_grid,False,0.0,9410.496,5000,inf
2011-07-19,898.04,33.396,931.436,1201.928,131.84,1333.768,931.436,402.332,0.0,0.0,0.0,402.332,0.0,0.0,0.0,0.0,800.0,0.8,0.98,0.0,0.0,0.0,0.0,0.0,0.0,1.0,0.698,1.0,minimize_generator,full_grid,False,0.0,9812.828,5000,inf
2011-07-20,895.08,34.205,929.285,1169.476,37.28,1206.756,929.285,277.471,0.0,0.0,0.0,277.471,0.0,0.0,0.0,0.0,800.0,0.8,0.98,0.0,0.0,0.0,0.0,0.0,0.0,1.0,0.77,1.0,minimize_generator,full_grid,False,0.0,10090.299,5000,inf
2011-07-21,892.27,34.117,926.387,1165.695,43.0,1208.695,926.387,282.308,0.0,0.0,0.0,282.308,0.0,0.0,0.0,0.0,800.0,0.8,0.98,0.0,0.0,0.0,0.0,0.0,0.0,1.0,0.766,1.0,minimize_generator,full_grid,False,0.0,10372.607,5000,inf
2011-07-22,896.175,33.37,929.545,1159.732,15.24,1174.972,929.545,245.427,0.0,0.0,0.0,245.427,0.0,0.0,0.0,0.0,800.0,0.8,0.98,0.0,0.0,0.0,0.0,0.0,0.0,1.0,0.791,1.0,minimize_generator,full_grid,False,0.0,10618.033,5000,inf
2011-07-23,902.155,25.373,927.528,1152.22,312.48,1464.7,927.528,537.172,0.0,0.0,0.0,537.172,0.0,0.0,0.0,0.0,800.0,0.8,0.98,0.0,0.0,0.0,0.0,0.0,0.0,1.0,0.633,1.0,minimize_generator,full_grid,False,0.0,11155.206,5000,inf
2011-07-24,894.31,11.618,905.928,1197.038,85.4,1282.438,905.928,376.51,0.0,0.0,0.0,376.51,0.0,0.0,0.0,0.0,800.0,0.8,0.98,0.0,0.0,0.0,0.0,0.0,0.0,1.0,0.706,1.0,minimize_generator,full_grid,False,0.0,11531.716,5000,inf
2011-07-25,894.51,10.692,905.202,1162.48,2.56,1165.04,905.202,259.838,0.0,0.0,0.0,259.838,0.0,0.0,0.0,0.0,800.0,0.8,0.98,0.0,0.0,0.0,0.0,0.0,0.0,1.0,0.777,1.0,minimize_generator,full_grid,False,0.0,11791.554,5000,inf
2011-07-26,891.91,12.117,904.027,1125.326,100.44,1225.766,904.027,321.739,0.0,0.0,0.0,321.739,0.0,0.0,0.0,0.0,800.0,0.8,0.98,0.0,0.0,0.0,0.0,0.0,0.0,1.0,0.738,1.0,minimize_generator,full_grid,False,0.0,12113.293,5000,inf
2011-07-27,890.405,12.806,903.211,1064.838,233.88,1298.718,903.211,395.507,0.0,0.0,0.0,395.507,0.0,0.0,0.0,0.0,800.0,0.8,0.98,0.0,0.0,0.0,0.0,0.0,0.0,1.0,0.695,1.0,minimize_generator,full_grid,False,0.0,12508.801,5000,inf
2011-07-28,896.56,13.211,909.771,1114.895,366.76,1481.655,909.771,571.884,0.0,0.0,0.0,571.884,0.0,0.0,0.0,0.0,800.0,0.8,0.98,0.0,0.0,0.0,0.0,0.0,0.0,1.0,0.614,1.0,minimize_generator,full_grid,False,0.0,13080.684,5000,inf
2011-07-29,890.22,12.38,902.6,1132.888,321.28,1454.168,902.6,551.568,0.0,0.0,0.0,551.568,0.0,0.0,0.0,0.0,800.0,0.8,0.98,0.0,0.0,0.0,0.0,0.0,0.0,1.0,0.621,1.0,minimize_generator,full_grid,False,0.0,13632.252,5000,inf
2011-07-30,893.565,12.237,905.802,1108.009,288.12,1396.129,905.802,490.327,0.0,0.0,0.0,490.327,0.0,0.0,0.0,0.0,800.0,0.8,0.98,0.0,0.0,0.0,0.0,0.0,0.0,1.0,0.649,1.0,minimize_generator,full_grid,False,0.0,14122.579,5000,inf
2011-07-31,891.525,11.785,903.31,1070.636,397.76,1468.396,903.31,565.086,0.0,0.0,0.0,565.086,0.0,0.0,0.0,0.0,800.0,0.8,0.98,0.0,0.0,0.0,0.0,0.0,0.0,1.0,0.615,1.0,minimize_generator,full_grid,False,0.0,14687.664,5000,inf
2011-08-01,894.87,11.683,906.553,1101.444,430.32,1531.764,906.553,625.211,0.0,0.0,0.0,625.211,0.0,0.0,0.0,0.0,800.0,0.8,0.98,0.0,0.0,0.0,0.0,0.0,0.0,1.0,0.592,1.0,minimize_generator,full_grid,False,0.0,625.211,5000,inf
2011-08-02,894.31,11.707,906.017,1098.443,395.52,1493.963,906.017,587.946,0.0,0.0,0.0,587.946,0.0,0.0,0.0,0.0,800.0,0.8,0.98,0.0,0.0,0.0,0.0,0.0,0.0,1.0,0.606,1.0,minimize_generator,full_grid,False,0.0,1213.157,5000,inf
2011-08-03,896.945,12.307,909.252,1078.694,345.36,1424.054,909.252,514.802,0.0,0.0,0.0,514.802,0.0,0.0,0.0,0.0,800.0,0.8,0.98,0.0,0.0,0.0,0.0,0.0,0.0,1.0,0.638,1.0,minimize_generator,full_grid,False,0.0,1727.959,5000,inf
2011-08-04,890.965,12.77,903.735,1108.108,453.32,1561.428,903.735,657.693,0.0,0.0,0.0,657.693,0.0,0.0,0.0,0.0,800.0,0.8,0.98,0.0,0.0,0.0,0.0,0.0,0.0,1.0,0.579,1.0,minimize_generator,full_grid,False,0.0,2385.651,5000,inf
2011-08-05,891.7,10.458,902.158,1101.346,464.0,1565.346,902.158,663.188,0.0,0.0,0.0,663.188,0.0,0.0,0.0,0.0,800.0,0.8,0.98,0.0,0.0,0.0,0.0,0.0,0.0,1.0,0.576,1.0,minimize_generator,full_grid,False,0.0,3048.839,5000,inf
2011-08-06,818.495,10.55,829.045,1111.96,456.92,1568.88,829.045,739.835,0.0,0.0,0.0,739.835,0.0,0.0,0.0,0.0,800.0,0.8,0.98,0.0,0.0,0.0,0.0,0.0,0.0,1.0,0.528,1.0,minimize_generator,full_grid,False,0.0,3788.674,5000,inf
2011-08-07,890.965,10.619,901.584,1117.611,391.0,1508.611,901.584,607.027,0.0,0.0,0.0,607.027,0.0,0.0,0.0,0.0,800.0,0.8,0.98,0.0,0.0,0.0,0.0,0.0,0.0,1.0,0.598,1.0,minimize_generator,full_grid,False,0.0,4395.701,5000,inf
2011-08-08,893.95,10.016,903.966,1134.298,330.0,1464.298,903.966,560.332,0.0,0.0,0.0,560.332,0.0,0.0,0.0,0.0,800.0,0.8,0.98,0.0,0.0,0.0,0.0,0.0,0.0,1.0,0.617,1.0,minimize_generator,full_grid,False,0.0,4956.033,5000,inf
2011-08-09,895.255,10.319,905.574,1157.17,332.56,1489.73,905.574,584.156,0.0,0.0,0.0,584.156,0.0,0.0,0.0,0.0,800.0,0.8,0.98,0.0,0.0,0.0,0.0,0.0,0.0,1.0,0.608,1.0,minimize_generator,full_grid,False,0.0,5540.189,5000,inf
2011-08-10,818.135,9.878,828.013,1149.566,269.64,1419.206,828.013,591.193,0.0,0.0,0.0,591.193,0.0,0.0,0.0,0.0,800.0,0.8,0.98,0.0,0.0,0.0,0.0,0.0,0.0,1.0,0.583,1.0,minimize_generator,full_grid,False,0.0,6131.382,5000,inf
2011-08-11,895.255,8.906,904.161,1149.307,212.0,1361.307,904.161,457.146,0.0,0.0,0.0,457.146,0.0,0.0,0.0,0.0,800.0,0.8,0.98,0.0,0.0,0.0,0.0,0.0,0.0,1.0,0.664,1.0,minimize_generator,full_grid,False,0.0,6588.528,5000,inf
2011-08-12,896.945,8.656,905.601,1150.158,244.28,1394.438,905.601,488.837,0.0,0.0,0.0,488.837,0.0,0.0,0.0,0.0,800.0,0.8,0.98,0.0,0.0,0.0,0.0,0.0,0.0,1.0,0.649,1.0,minimize_generator,full_grid,False,0.0,7077.365,5000,inf
2011-08-13,893.39,0.595,893.985,1140.587,391.0,1531.587,893.985,637.602,0.0,0.0,0.0,637.602,0.0,0.0,0.0,0.0,800.0,0.8,0.98,0.0,0.0,0.0,0.0,0.0,0.0,1.0,0.584,1.0,minimize_generator,full_grid,False,0.0,7714.967,5000,inf
2011-08-14,898.6,0.0,898.6,1130.027,297.2,1427.227,898.6,528.627,0.0,0.0,0.0,528.627,0.0,0.0,0.0,0.0,800.0,0.8,0.98,0.0,0.0,0.0,0.0,0.0,0.0,1.0,0.63,1.0,minimize_generator,full_grid,False,0.0,8243.594,5000,inf
2011-08-15,817.935,0.0,817.935,1135.225,341.96,1477.185,817.935,659.25,0.0,0.0,0.0,659.25,0.0,0.0,0.0,0.0,800.0,0.8,0.98,0.0,0.0,0.0,0.0,0.0,0.0,1.0,0.554,1.0,minimize_generator,full_grid,False,0.0,8902.844,5000,inf
2011-08-16,816.07,0.0,816.07,1140.069,391.76,1531.829,816.07,715.759,0.0,0.0,0.0,715.759,0.0,0.0,0.0,0.0,800.0,0.8,0.98,0.0,0.0,0.0,0.0,0.0,0.0,1.0,0.533,1.0,minimize_generator,full_grid,False,0.0,9618.603,5000,inf
2011-08-17,814.02,0.0,814.02,1137.244,338.56,1475.804,814.02,661.784,0.0,0.0,0.0,661.784,0.0,0.0,0.0,0.0,800.0,0.8,0.98,0.0,0.0,0.0,0.0,0.0,0.0,1.0,0.552,1.0,minimize_generator,full_grid,False,0.0,10280.387,5000,inf
2011-08-18,896.56,0.0,896.56,1141.004,408.04,1549.044,896.56,652.484,0.0,0.0,0.0,652.484,0.0,0.0,0.0,0.0,800.0,0.8,0.98,0.0,0.0,0.0,0.0,0.0,0.0,1.0,0.579,1.0,minimize_generator,full_grid,False,0.0,10932.87,5000,inf
2011-08-19,893.215,0.0,893.215,1104.115,430.32,1534.435,893.215,641.22,0.0,0.0,0.0,641.22,0.0,0.0,0.0,0.0,800.0,0.8,0.98,0.0,0.0,0.0,0.0,0.0,0.0,1.0,0.582,1.0,minimize_generator,full_grid,False,0.0,11574.09,5000,inf
2011-08-20,890.405,0.0,890.405,1080.172,102.0,1182.172,890.405,291.767,0.0,0.0,0.0,291.767,0.0,0.0,0.0,0.0,800.0,0.8,0.98,0.0,0.0,0.0,0.0,0.0,0.0,1.0,0.753,1.0,minimize_generator,full_grid,False,0.0,11865.857,5000,inf
2011-08-21,891.525,0.0,891.525,1059.516,115.76,1175.276,891.525,283.751,0.0,0.0,0.0,283.751,0.0,0.0,0.0,0.0,800.0,0.8,0.98,0.0,0.0,0.0,0.0,0.0,0.0,1.0,0.759,1.0,minimize_generator,full_grid,False,0.0,12149.608,5000,inf
2011-08-22,815.5,0.0,815.5,1057.077,131.0,1188.077,815.5,372.577,0.0,0.0,0.0,372.577,0.0,0.0,0.0,0.0,800.0,0.8,0.98,0.0,0.0,0.0,0.0,0.0,0.0,1.0,0.686,1.0,minimize_generator,full_grid,False,0.0,12522.185,5000,inf
2011-08-23,899.16,0.0,899.16,1073.036,297.2,1370.236,899.16,471.076,0.0,0.0,0.0,471.076,0.0,0.0,0.0,0.0,800.0,0.8,0.98,0.0,0.0,0.0,0.0,0.0,0.0,1.0,0.656,1.0,minimize_generator,full_grid,False,0.0,12993.261,5000,inf
2011-08-24,890.405,0.0,890.405,1066.916,343.68,1410.596,890.405,520.191,0.0,0.0,0.0,520.191,0.0,0.0,0.0,0.0,800.0,0.8,0.98,0.0,0.0,0.0,0.0,0.0,0.0,1.0,0.631,1.0,minimize_generator,full_grid,False,0.0,13513.453,5000,inf
2011-08-25,890.22,0.0,890.22,1090.375,434.96,1525.335,890.22,635.115,0.0,0.0,0.0,635.115,0.0,0.0,0.0,0.0,800.0,0.8,0.98,0.0,0.0,0.0,0.0,0.0,0.0,1.0,0.584,1.0,minimize_generator,full_grid,False,0.0,14148.567,5000,inf
2011-08-26,892.27,0.0,892.27,1082.845,305.32,1388.165,892.27,495.895,0.0,0.0,0.0,495.895,0.0,0.0,0.0,0.0,800.0,0.8,0.98,0.0,0.0,0.0,0.0,0.0,0.0,1.0,0.643,1.0,minimize_generator,full_grid,False,0.0,14644.462,5000,inf
2011-08-27,891.14,0.0,891.14,1070.563,367.56,1438.123,891.14,546.983,0.0,0.0,0.0,546.983,0.0,0.0,0.0,0.0,800.0,0.8,0.98,0.0,0.0,0.0,0.0,0.0,0.0,1.0,0.62,1.0,minimize_generator,full_grid,False,0.0,15191.446,5000,inf
2011-08-28,889.835,0.0,889.835,1052.769,455.76,1508.529,889.835,618.694,0.0,0.0,0.0,618.694,0.0,0.0,0.0,0.0,800.0,0.8,0.98,0.0,0.0,0.0,0.0,0.0,0.0,1.0,0.59,1.0,minimize_generator,full_grid,False,0.0,15810.14,5000,inf
2011-08-29,815.325,0.0,815.325,1048.881,491.6,1540.481,815.325,725.156,0.0,0.0,0.0,725.156,0.0,0.0,0.0,0.0,800.0,0.8,0.98,0.0,0.0,0.0,0.0,0.0,0.0,1.0,0.529,1.0,minimize_generator,full_grid,False,0.0,16535.296,5000,inf
2011-08-30,890.405,0.0,890.405,1037.617,411.64,1449.257,890.405,558.852,0.0,0.0,0.0,558.852,0.0,0.0,0.0,0.0,800.0,0.8,0.98,0.0,0.0,0.0,0.0,0.0,0.0,1.0,0.614,1.0,minimize_generator,full_grid,False,0.0,17094.148,5000,inf
2011-08-31,895.43,0.0,895.43,1071.524,400.0,1471.524,895.43,576.094,0.0,0.0,0.0,576.094,0.0,0.0,0.0,0.0,800.0,0.8,0.98,0.0,0.0,0.0,0.0,0.0,0.0,1.0,0.609,1.0,minimize_generator,full_grid,False,0.0,17670.242,5000,inf
2011-09-01,893.215,391.136,1284.351,1067.956,330.0,1397.956,1284.351,113.605,0.0,0.0,0.0,113.605,0.0,0.0,0.0,0.0,800.0,0.8,0.98,0.0,0.0,0.0,0.0,0.0,0.0,1.0,0.919,1.0,minimize_generator,full_grid,False,0.0,113.605,5000,inf
2011-09-02,893.95,362.062,1256.012,1072.033,370.76,1442.793,1256.012,186.781,0.0,0.0,0.0,186.781,0.0,0.0,0.0,0.0,800.0,0.8,0.98,0.0,0.0,0.0,0.0,0.0,0.0,1.0,0.871,1.0,minimize_generator,full_grid,False,0.0,300.386,5000,inf
2011-09-03,815.15,330.142,1145.292,1061.542,123.28,1184.822,1145.292,39.53,0.0,0.0,0.0,39.53,0.0,0.0,0.0,0.0,800.0,0.8,0.98,0.0,0.0,0.0,0.0,0.0,0.0,1.0,0.967,1.0,minimize_generator,full_grid,False,0.0,339.916,5000,inf
2011-09-04,813.285,319.199,1132.484,1023.877,67.6,1091.477,1091.477,0.0,0.0,41.007,0.0,0.0,0.0,0.0,0.0,0.0,756.835,0.757,0.98,0.0,0.0,0.0,0.0,0.0,0.0,1.0,1.0,0.999,minimize_generator,full_grid,False,0.0,339.916,5000,inf
2011-09-05,816.27,333.792,1150.062,1021.755,146.84,1168.595,1150.062,18.533,18.533,0.0,0.0,0.0,0.0,0.0,0.0,0.0,774.441,0.774,0.981,0.0,0.0,0.0,0.0,0.0,0.0,1.0,1.0,1.0,minimize_generator,full_grid,False,0.0,339.916,5000,inf
2011-09-06,816.63,374.831,1191.461,1032.368,245.24,1277.608,1191.461,86.147,26.904,0.0,0.0,59.243,0.0,0.0,0.0,0.0,800.0,0.8,0.981,0.0,0.0,0.0,0.0,0.0,0.0,1.0,0.954,1.0,minimize_generator,full_grid,False,0.0,399.159,5000,inf
2011-09-07,890.78,351.119,1241.899,1017.386,268.72,1286.106,1241.899,44.207,0.0,0.0,0.0,44.207,0.0,0.0,0.0,0.0,800.0,0.8,0.981,0.0,0.0,0.0,0.0,0.0,0.0,1.0,0.966,1.0,minimize_generator,full_grid,False,0.0,443.366,5000,inf
2011-09-08,738.6,335.615,1074.215,1026.233,162.28,1188.513,1074.215,114.298,0.0,0.0,0.0,114.298,0.0,0.0,0.0,0.0,800.0,0.8,0.981,0.0,0.0,0.0,0.0,0.0,0.0,1.0,0.904,1.0,minimize_generator,full_grid,False,0.0,557.664,5000,inf
2011-09-09,891.91,332.879,1224.789,1007.802,221.52,1229.322,1224.789,4.533,0.0,0.0,0.0,4.533,0.0,0.0,0.0,0.0,800.0,0.8,0.981,0.0,0.0,0.0,0.0,0.0,0.0,1.0,0.996,1.0,minimize_generator,full_grid,False,0.0,562.197,5000,inf
2011-09-10,814.765,324.671,1139.436,990.585,267.8,1258.385,1139.436,118.949,0.0,0.0,0.0,118.949,0.0,0.0,0.0,0.0,800.0,0.8,0.981,0.0,0.0,0.0,0.0,0.0,0.0,1.0,0.905,1.0,minimize_generator,full_grid,False,0.0,681.145,5000,inf
2011-09-11,813.46,331.968,1145.428,980.747,194.92,1175.667,1145.428,30.239,0.0,0.0,0.0,30.239,0.0,0.0,0.0,0.0,800.0,0.8,0.981,0.0,0.0,0.0,0.0,0.0,0.0,1.0,0.974,1.0,minimize_generator,full_grid,False,0.0,711.385,5000,inf
2011-09-12,811.035,356.858,1167.893,956.362,95.04,1051.402,1051.402,0.0,0.0,116.491,0.0,0.0,0.0,0.0,0.0,0.0,677.378,0.677,0.981,0.0,0.0,0.0,0.0,0.0,0.0,1.0,1.0,0.998,minimize_generator,full_grid,False,0.0,711.385,5000,inf
2011-09-13,737.47,353.851,1091.321,954.08,114.08,1068.16,1068.16,0.0,0.0,23.161,0.0,0.0,0.0,0.0,0.0,0.0,652.997,0.653,0.981,0.0,0.0,0.0,0.0,0.0,0.0,1.0,1.0,1.0,minimize_generator,full_grid,False,0.0,711.385,5000,inf
2011-09-14,817.365,382.923,1200.288,954.672,274.28,1228.952,1200.288,28.664,28.664,0.0,0.0,0.0,0.0,0.0,0.0,0.0,680.228,0.68,0.982,0.0,0.0,0.0,0.0,0.0,0.0,1.0,1.0,1.0,minimize_generator,full_grid,False,0.0,711.385,5000,inf
2011-09-15,814.405,380.406,1194.811,967.784,452.12,1419.904,1194.811,225.093,126.076,0.0,0.0,99.017,0.0,0.0,0.0,0.0,800.0,0.8,0.985,0.0,0.0,0.0,0.0,0.0,0.0,1.0,0.93,1.0,minimize_generator,full_grid,False,0.0,810.402,5000,inf
2011-09-16,738.03,367.226,1105.256,967.169,257.48,1224.649,1105.256,119.393,0.0,0.0,0.0,119.393,0.0,0.0,0.0,0.0,800.0,0.8,0.985,0.0,0.0,0.0,0.0,0.0,0.0,1.0,0.903,1.0,minimize_generator,full_grid,False,0.0,929.795,5000,inf
2011-09-17,737.655,363.066,1100.721,950.43,104.4,1054.83,1054.83,0.0,0.0,45.891,0.0,0.0,0.0,0.0,0.0,0.0,751.694,0.752,0.985,0.0,0.0,0.0,0.0,0.0,0.0,1.0,1.0,0.999,minimize_generator,full_grid,False,0.0,929.795,5000,inf
2011-09-18,811.98,346.687,1158.667,922.717,64.4,987.117,987.117,0.0,0.0,171.55,0.0,0.0,0.0,0.0,0.0,0.0,571.114,0.571,0.985,0.0,0.0,0.0,0.0,0.0,0.0,1.0,1.0,0.998,minimize_generator,full_grid,False,0.0,929.795,5000,inf
2011-09-19,889.66,378.567,1268.227,936.332,307.12,1243.452,1243.452,0.0,0.0,24.775,0.0,0.0,0.0,0.0,0.0,0.0,545.035,0.545,0.985,0.0,0.0,0.0,0.0,0.0,0.0,1.0,1.0,1.0,minimize_generator,full_grid,False,0.0,929.795,5000,inf
2011-09-20,811.595,354.881,1166.476,951.687,294.48,1246.167,1166.476,79.691,79.691,0.0,0.0,0.0,0.0,0.0,0.0,0.0,620.741,0.621,0.987,0.0,0.0,0.0,0.0,0.0,0.0,1.0,1.0,1.0,minimize_generator,full_grid,False,0.0,929.795,5000,inf
2011-09-21,735.79,353.194,1088.984,950.467,135.32,1085.787,1085.787,0.0,0.0,3.197,0.0,0.0,0.0,0.0,0.0,0.0,617.376,0.617,0.987,0.0,0.0,0.0,0.0,0.0,0.0,1.0,1.0,1.0,minimize_generator,full_grid,False,0.0,929.795,5000,inf
2011-09-22,811.21,360.257,1171.467,953.007,124.12,1077.127,1077.127,0.0,0.0,94.34,0.0,0.0,0.0,0.0,0.0,0.0,518.071,0.518,0.987,0.0,0.0,0.0,0.0,0.0,0.0,1.0,1.0,0.999,minimize_generator,full_grid,False,0.0,929.795,5000,inf
2011-09-23,810.675,357.15,1167.825,926.204,225.32,1151.524,1151.524,0.0,0.0,16.301,0.0,0.0,0.0,0.0,0.0,0.0,500.912,0.501,0.987,0.0,0.0,0.0,0.0,0.0,0.0,1.0,1.0,1.0,minimize_generator,full_grid,False,0.0,929.795,5000,inf
2011-09-24,730.37,341.635,1072.005,926.359,208.2,1134.559,1072.005,62.554,62.554,0.0,0.0,0.0,0.0,0.0,0.0,0.0,560.338,0.56,0.988,0.0,0.0,0.0,0.0,0.0,0.0,1.0,1.0,1.0,minimize_generator,full_grid,False,0.0,929.795,5000,inf
2011-09-25,811.035,360.07,1171.105,898.194,236.72,1134.914,1134.914,0.0,0.0,36.191,0.0,0.0,0.0,0.0,0.0,0.0,522.243,0.522,0.988,0.0,0.0,0.0,0.0,0.0,0.0,1.0,1.0,1.0,minimize_generator,full_grid,False,0.0,929.795,5000,inf
2011-09-26,809.905,372.313,1182.218,910.223,213.92,1124.143,1124.143,0.0,0.0,58.075,0.0,0.0,0.0,0.0,0.0,0.0,461.112,0.461,0.988,0.0,0.0,0.0,0.0,0.0,0.0,1.0,1.0,0.999,minimize_generator,full_grid,False,0.0,929.795,5000,inf
2011-09-27,813.075,365.974,1179.049,924.613,144.16,1068.773,1068.773,0.0,0.0,110.276,0.0,0.0,0.0,0.0,0.0,0.0,345.032,0.345,0.988,0.0,0.0,0.0,0.0,0.0,0.0,1.0,1.0,0.999,minimize_generator,full_grid,False,0.0,929.795,5000,inf
2011-09-28,817.19,364.855,1182.045,909.766,83.24,993.006,993.006,0.0,0.0,137.78,51.259,0.0,0.0,0.0,0.0,0.0,200.0,0.2,0.988,0.0,0.0,2.419,0.0,0.0,2.419,0.957,1.0,0.955,minimize_generator,full_grid,False,51.259,929.795,5000,inf
2011-09-29,814.205,410.075,1224.28,911.074,299.04,1210.114,1210.114,0.0,0.0,0.0,14.166,0.0,0.0,0.0,0.0,0.0,200.0,0.2,0.988,0.0,0.0,0.666,0.0,0.0,0.666,0.988,1.0,0.988,minimize_generator,full_grid,False,65.425,929.795,5000,inf
2011-09-30,737.655,419.209,1156.864,914.144,259.36,1173.504,1156.864,16.64,16.64,0.0,0.0,0.0,0.0,0.0,0.0,0.0,215.808,0.216,0.989,0.0,0.0,0.0,0.0,0.0,0.0,1.0,1.0,1.0,minimize_generator,full_grid,False,65.425,929.795,5000,inf
2011-10-01,734.3,699.868,1434.168,880.519,178.96,1059.479,1059.479,0.0,0.0,15.017,359.671,0.0,0.0,0.0,0.0,0.0,200.0,0.2,0.989,0.0,0.0,16.579,0.0,0.0,16.579,0.749,1.0,0.749,minimize_generator,full_grid,False,359.671,0.0,5000,inf
2011-10-02,818.67,704.493,1523.163,882.832,229.12,1111.952,1111.952,0.0,0.0,0.0,411.211,0.0,0.0,0.0,0.0,0.0,200.0,0.2,0.989,0.0,0.0,19.039,0.0,0.0,19.039,0.73,1.0,0.73,minimize_generator,full_grid,False,770.883,0.0,5000,inf
2011-10-03,738.03,757.347,1495.377,888.695,369.96,1258.655,1258.655,0.0,0.0,0.0,236.722,0.0,0.0,0.0,0.0,0.0,200.0,0.2,0.989,0.0,0.0,10.877,0.0,0.0,10.877,0.842,1.0,0.842,minimize_generator,full_grid,False,1007.604,0.0,5000,inf
2011-10-04,737.47,727.658,1465.128,883.658,307.12,1190.778,1190.778,0.0,0.0,0.0,274.35,0.0,0.0,0.0,0.0,0.0,200.0,0.2,0.989,0.0,0.0,12.627,0.0,0.0,12.627,0.813,1.0,0.813,minimize_generator,full_grid,False,1281.955,0.0,5000,inf
2011-10-05,737.085,782.277,1519.362,863.66,276.16,1139.82,1139.82,0.0,0.0,0.0,379.542,0.0,0.0,0.0,0.0,0.0,200.0,0.2,0.989,0.0,0.0,17.414,0.0,0.0,17.414,0.75,1.0,0.75,minimize_generator,full_grid,False,1661.497,0.0,5000,inf
2011-10-06,737.47,823.022,1560.492,857.445,355.36,1212.805,1212.805,0.0,0.0,0.0,347.687,0.0,0.0,0.0,0.0,0.0,200.0,0.2,0.989,0.0,0.0,15.917,0.0,0.0,15.917,0.777,1.0,0.777,minimize_generator,full_grid,False,2009.184,0.0,5000,inf
2011-10-07,735.99,768.288,1504.278,868.943,189.28,1058.223,1058.223,0.0,0.0,0.0,446.055,0.0,0.0,0.0,0.0,0.0,200.0,0.2,0.989,0.0,0.0,20.48,0.0,0.0,20.48,0.703,1.0,0.703,minimize_generator,full_grid,False,2455.238,0.0,5000,inf
2011-10-08,734.125,757.121,1491.246,843.231,96.6,939.831,939.831,0.0,0.0,0.0,551.415,0.0,0.0,0.0,0.0,0.0,200.0,0.2,0.989,0.0,0.0,25.331,0.0,0.0,25.331,0.63,1.0,0.63,minimize_generator,full_grid,False,3006.653,0.0,5000,inf
2011-10-09,733.74,716.187,1449.927,841.476,21.52,862.996,862.996,0.0,0.0,0.0,586.931,0.0,0.0,0.0,0.0,0.0,200.0,0.2,0.989,0.0,0.0,27.027,0.0,0.0,27.027,0.595,1.0,0.595,minimize_generator,full_grid,False,3593.584,0.0,5000,inf
2011-10-10,735.43,696.652,1432.082,856.859,14.72,871.579,871.579,0.0,0.0,0.0,560.503,0.0,0.0,0.0,0.0,0.0,200.0,0.2,0.989,0.0,0.0,25.844,0.0,0.0,25.844,0.609,1.0,0.609,minimize_generator,full_grid,False,4154.087,0.0,5000,inf
2011-10-11,733.18,730.403,1463.583,830.982,127.52,958.502,958.502,0.0,0.0,0.0,505.081,0.0,0.0,0.0,0.0,0.0,200.0,0.2,0.989,0.0,0.0,23.238,0.0,0.0,23.238,0.655,1.0,0.655,minimize_generator,full_grid,False,4659.168,0.0,5000,inf
2011-10-12,732.235,716.403,1448.638,794.746,420.08,1214.826,1214.826,0.0,0.0,0.0,233.812,0.0,0.0,0.0,0.0,0.0,200.0,0.2,0.989,0.0,0.0,10.766,0.0,0.0,10.766,0.839,1.0,0.839,minimize_generator,full_grid,False,4892.981,0.0,5000,inf
2011-10-13,735.045,695.643,1430.688,836.565,316.88,1153.445,1153.445,0.0,0.0,0.0,107.019,0.0,170.223,0.0,0.0,0.0,200.0,0.2,0.989,102.134,11.348,4.935,0.0,28.097,33.032,0.925,1.0,0.806,minimize_generator,full_grid,False,5000.0,0.0,5000,inf
2011-10-14,733.355,691.526,1424.881,792.3,275.2,1067.5,1067.5,0.0,0.0,0.0,0.0,0.0,357.381,0.0,0.0,0.0,200.0,0.2,0.989,214.429,23.825,0.0,0.0,58.989,58.989,1.0,1.0,0.749,minimize_generator,full_grid,False,5000.0,0.0,5000,inf
2011-10-15,810.475,712.541,1523.016,790.85,420.8,1211.65,1211.65,0.0,0.0,0.0,0.0,0.0,311.366,0.0,0.0,0.0,200.0,0.2,0.989,186.819,20.758,0.0,0.0,51.394,51.394,1.0,1.0,0.796,minimize_generator,full_grid,False,5000.0,0.0,5000,inf
2011-10-16,660.245,706.959,1367.204,796.46,391.76,1188.22,1188.22,0.0,0.0,0.0,0.0,0.0,178.984,0.0,0.0,0.0,200.0,0.2,0.989,107.391,11.932,0.0,0.0,29.543,29.543,1.0,1.0,0.869,minimize_generator,full_grid,False,5000.0,0.0,5000,inf
2011-10-17,737.295,690.14,1427.435,793.844,294.48,1088.324,1088.324,0.0,0.0,0.0,0.0,0.0,339.111,0.0,0.0,0.0,200.0,0.2,0.989,203.466,22.607,0.0,0.0,55.974,55.974,1.0,1.0,0.762,minimize_generator,full_grid,False,5000.0,0.0,5000,inf
2011-10-18,737.655,682.871,1420.526,823.312,110.8,934.112,934.112,0.0,0.0,0.0,0.0,0.0,486.414,0.0,0.0,0.0,200.0,0.2,0.989,241.283,24.0,0.0,0.0,66.377,66.377,1.0,1.0,0.658,minimize_generator,full_grid,False,5000.0,0.0,5000,inf
2011-10-19,661.54,741.835,1403.375,787.042,352.04,1139.082,1139.082,0.0,0.0,0.0,0.0,0.0,264.293,0.0,0.0,0.0,200.0,0.2,0.989,158.576,17.62,0.0,0.0,43.624,43.624,1.0,1.0,0.812,minimize_generator,full_grid,False,5000.0,0.0,5000,inf
2011-10-20,731.14,580.646,1311.786,795.021,98.88,893.901,893.901,0.0,0.0,0.0,0.0,0.0,417.885,0.0,0.0,0.0,200.0,0.2,0.989,227.577,24.0,0.0,0.0,62.606,62.606,1.0,1.0,0.681,minimize_generator,full_grid,False,5000.0,0.0,5000,inf
2011-10-21,730.57,616.031,1346.601,787.607,180.8,968.407,968.407,0.0,0.0,0.0,0.0,0.0,378.194,0.0,0.0,0.0,200.0,0.2,0.989,219.639,24.0,0.0,0.0,60.423,60.423,1.0,1.0,0.719,minimize_generator,full_grid,False,5000.0,0.0,5000,inf
2011-10-22,663.43,602.022,1265.452,766.577,341.96,1108.537,1108.537,0.0,0.0,0.0,0.0,0.0,156.915,0.0,0.0,0.0,200.0,0.2,0.989,94.149,10.461,0.0,0.0,25.9,25.9,1.0,1.0,0.876,minimize_generator,full_grid,False,5000.0,0.0,5000,inf
2011-10-23,665.47,522.058,1187.528,761.98,253.72,1015.7,1015.7,0.0,0.0,0.0,0.0,0.0,171.828,0.0,0.0,0.0,200.0,0.2,0.989,103.097,11.455,0.0,0.0,28.362,28.362,1.0,1.0,0.855,minimize_generator,full_grid,False,5000.0,0.0,5000,inf
2011-10-24,663.805,525.297,1189.102,756.628,264.04,1020.668,1020.668,0.0,0.0,0.0,0.0,0.0,168.434,0.0,0.0,0.0,200.0,0.2,0.989,101.06,11.229,0.0,0.0,27.802,27.802,1.0,1.0,0.858,minimize_generator,full_grid,False,5000.0,0.0,5000,inf
2011-10-25,737.295,492.261,1229.556,675.174,352.88,1028.054,1028.054,0.0,0.0,0.0,0.0,0.0,201.502,0.0,0.0,0.0,200.0,0.2,0.989,120.901,13.433,0.0,0.0,33.26,33.26,1.0,1.0,0.836,minimize_generator,full_grid,False,5000.0,0.0,5000,inf
2011-10-26,733.925,455.211,1189.136,690.492,342.8,1033.292,1033.292,0.0,0.0,0.0,0.0,0.0,155.844,0.0,0.0,0.0,200.0,0.2,0.989,93.507,10.39,0.0,0.0,25.724,25.724,1.0,1.0,0.869,minimize_generator,full_grid,False,5000.0,0.0,5000,inf
2011-10-27,734.87,418.443,1153.313,751.701,252.8,1004.501,1004.501,0.0,0.0,0.0,0.0,0.0,148.812,0.0,0.0,0.0,200.0,0.2,0.989,89.287,9.921,0.0,0.0,24.563,24.563,1.0,1.0,0.871,minimize_generator,full_grid,False,5000.0,0.0,5000,inf
2011-10-28,732.435,356.166,1088.601,691.179,325.64,1016.819,1016.819,0.0,18.218,0.0,0.0,0.0,71.782,18.218,0.0,0.0,217.307,0.217,0.91,54.0,6.0,0.0,0.0,14.855,14.855,1.0,1.0,0.934,minimize_generator,full_grid,False,5000.0,0.0,5000,inf
2011-10-29,661.9,282.856,944.756,776.71,204.4,981.11,944.756,36.354,36.354,0.0,0.0,0.0,0.0,0.0,0.0,0.0,251.843,0.252,0.923,0.0,0.0,0.0,0.0,0.0,0.0,1.0,1.0,1.0,minimize_generator,full_grid,False,5000.0,0.0,5000,inf
2011-10-30,664.165,179.278,843.443,769.457,268.72,1038.177,843.443,194.734,194.734,0.0,0.0,0.0,0.0,0.0,0.0,0.0,436.841,0.437,0.955,0.0,0.0,0.0,0.0,0.0,0.0,1.0,1.0,1.0,minimize_generator,full_grid,False,5000.0,0.0,5000,inf
2011-10-31,730.755,77.643,808.398,769.012,320.4,1089.412,808.398,281.014,281.014,0.0,0.0,0.0,0.0,0.0,0.0,0.0,703.804,0.704,0.972,0.0,0.0,0.0,0.0,0.0,0.0,1.0,1.0,1.0,minimize_generator,full_grid,False,5000.0,0.0,5000,inf
2011-11-01,660.595,684.469,1345.064,757.559,154.04,911.599,911.599,0.0,0.0,433.465,0.0,0.0,0.0,0.0,0.0,0.0,247.525,0.248,0.972,0.0,0.0,0.0,0.0,0.0,0.0,1.0,1.0,0.991,minimize_generator,full_grid,False,0.0,0.0,5000,inf
2011-11-02,730.93,690.11,1421.04,748.59,154.04,902.63,902.63,0.0,0.0,45.149,473.261,0.0,0.0,0.0,0.0,0.0,200.0,0.2,0.972,0.0,0.0,22.207,0.0,0.0,22.207,0.667,1.0,0.666,minimize_generator,full_grid,False,473.261,0.0,5000,inf
2011-11-03,663.99,645.963,1309.953,542.195,198.72,740.915,740.915,0.0,0.0,0.0,569.038,0.0,0.0,0.0,0.0,0.0,200.0,0.2,0.972,0.0,0.0,26.665,0.0,0.0,26.665,0.566,1.0,0.566,minimize_generator,full_grid,False,1042.299,0.0,5000,inf
2011-11-04,663.245,649.477,1312.722,631.999,287.2,919.199,919.199,0.0,0.0,0.0,393.523,0.0,0.0,0.0,0.0,0.0,200.0,0.2,0.972,0.0,0.0,18.435,0.0,0.0,18.435,0.7,1.0,0.7,minimize_generator,full_grid,False,1435.822,0.0,5000,inf
2011-11-05,730.01,638.402,1368.412,743.97,322.16,1066.13,1066.13,0.0,0.0,0.0,302.282,0.0,0.0,0.0,0.0,0.0,200.0,0.2,0.972,0.0,0.0,14.234,0.0,0.0,14.234,0.779,1.0,0.779,minimize_generator,full_grid,False,1738.104,0.0,5000,inf
2011-11-06,665.67,663.562,1329.232,748.866,164.08,912.946,912.946,0.0,0.0,0.0,416.286,0.0,0.0,0.0,0.0,0.0,200.0,0.2,0.972,0.0,0.0,19.485,0.0,0.0,19.485,0.687,1.0,0.687,minimize_generator,full_grid,False,2154.39,0.0,5000,inf
2011-11-07,661.9,682.542,1344.442,737.696,103.6,841.296,841.296,0.0,0.0,0.0,503.146,0.0,0.0,0.0,0.0,0.0,200.0,0.2,0.972,0.0,0.0,23.514,0.0,0.0,23.514,0.626,1.0,0.626,minimize_generator,full_grid,False,2657.536,0.0,5000,inf
2011-11-08,730.755,660.853,1391.608,743.321,92.76,836.081,836.081,0.0,0.0,0.0,555.527,0.0,0.0,0.0,0.0,0.0,200.0,0.2,0.972,0.0,0.0,26.119,0.0,0.0,26.119,0.601,1.0,0.601,minimize_generator,full_grid,False,3213.063,0.0,5000,inf
2011-11-09,658.73,665.458,1324.188,719.831,83.24,803.071,803.071,0.0,0.0,0.0,521.117,0.0,0.0,0.0,0.0,0.0,200.0,0.2,0.972,0.0,0.0,24.377,0.0,0.0,24.377,0.606,1.0,0.606,minimize_generator,full_grid,False,3734.18,0.0,5000,inf
2011-11-10,665.11,635.837,1300.947,701.246,32.84,734.086,734.086,0.0,0.0,0.0,566.861,0.0,0.0,0.0,0.0,0.0,200.0,0.2,0.972,0.0,0.0,26.584,0.0,0.0,26.584,0.564,1.0,0.564,minimize_generator,full_grid,False,4301.041,0.0,5000,inf
2011-11-11,664.725,635.796,1300.521,707.153,27.6,734.753,734.753,0.0,0.0,0.0,565.768,0.0,0.0,0.0,0.0,0.0,200.0,0.2,0.972,0.0,0.0,26.532,0.0,0.0,26.532,0.565,1.0,0.565,minimize_generator,full_grid,False,4866.809,0.0,5000,inf
2011-11-12,660.595,639.867,1300.462,707.16,46.6,753.76,753.76,0.0,0.0,0.0,133.191,0.0,413.511,0.0,0.0,0.0,200.0,0.2,0.972,226.702,24.0,6.242,0.0,60.257,66.5,0.898,1.0,0.58,minimize_generator,full_grid,False,5000.0,0.0,5000,inf
2011-11-13,663.07,683.523,1346.593,627.484,123.28,750.764,750.764,0.0,0.0,0.0,0.0,0.0,595.829,0.0,0.0,0.0,200.0,0.2,0.972,263.166,24.0,0.0,0.0,69.949,69.949,1.0,1.0,0.558,minimize_generator,full_grid,False,5000.0,0.0,5000,inf
2011-11-14,589.695,655.174,1244.869,650.216,181.76,831.976,831.976,0.0,0.0,0.0,0.0,0.0,412.893,0.0,0.0,0.0,200.0,0.2,0.972,226.579,24.0,0.0,0.0,60.225,60.225,1.0,1.0,0.668,minimize_generator,full_grid,False,5000.0,0.0,5000,inf
2011-11-15,664.725,639.048,1303.773,685.316,289.92,975.236,975.236,0.0,0.0,0.0,0.0,0.0,328.537,0.0,0.0,0.0,200.0,0.2,0.972,197.122,21.902,0.0,0.0,52.395,52.395,1.0,1.0,0.748,minimize_generator,full_grid,False,5000.0,0.0,5000,inf
2011-11-16,660.035,616.852,1276.887,621.165,243.36,864.525,864.525,0.0,0.0,0.0,0.0,0.0,412.362,0.0,0.0,0.0,200.0,0.2,0.972,226.472,24.0,0.0,0.0,60.196,60.196,1.0,1.0,0.677,minimize_generator,full_grid,False,5000.0,0.0,5000,inf
2011-11-17,658.555,598.44,1256.995,679.923,131.84,811.763,811.763,0.0,0.0,0.0,0.0,0.0,445.232,0.0,0.0,0.0,200.0,0.2,0.972,233.046,24.0,0.0,0.0,61.944,61.944,1.0,1.0,0.646,minimize_generator,full_grid,False,5000.0,0.0,5000,inf
2011-11-18,664.55,634.894,1299.444,633.047,242.4,875.447,875.447,0.0,0.0,0.0,0.0,0.0,423.997,0.0,0.0,0.0,200.0,0.2,0.972,228.799,24.0,0.0,0.0,60.815,60.815,1.0,1.0,0.674,minimize_generator,full_grid,False,5000.0,0.0,5000,inf
2011-11-19,657.25,681.538,1338.788,669.287,447.76,1117.047,1117.047,0.0,0.0,0.0,0.0,0.0,221.741,0.0,0.0,0.0,200.0,0.2,0.972,133.045,14.783,0.0,0.0,35.363,35.363,1.0,1.0,0.834,minimize_generator,full_grid,False,5000.0,0.0,5000,inf
2011-11-20,587.62,673.459,1261.079,680.644,325.64,1006.284,1006.284,0.0,0.0,0.0,0.0,0.0,254.795,0.0,0.0,0.0,200.0,0.2,0.972,152.877,16.986,0.0,0.0,40.635,40.635,1.0,1.0,0.798,minimize_generator,full_grid,False,5000.0,0.0,5000,inf
2011-11-21,586.7,677.487,1264.187,664.894,303.52,968.414,968.414,0.0,0.0,0.0,0.0,0.0,295.773,0.0,0.0,0.0,200.0,0.2,0.972,177.464,19.718,0.0,0.0,47.17,47.17,1.0,1.0,0.766,minimize_generator,full_grid,False,5000.0,0.0,5000,inf
2011-11-22,661.34,667.239,1328.579,668.653,111.64,780.293,780.293,0.0,0.0,0.0,0.0,0.0,548.286,0.0,0.0,0.0,200.0,0.2,0.972,253.657,24.0,0.0,0.0,67.422,67.422,1.0,1.0,0.587,minimize_generator,full_grid,False,5000.0,0.0,5000,inf
2011-11-23,587.26,615.565,1202.825,653.435,68.88,722.315,722.315,0.0,0.0,0.0,0.0,0.0,480.51,0.0,0.0,0.0,200.0,0.2,0.972,240.102,24.0,0.0,0.0,63.819,63.819,1.0,1.0,0.601,minimize_generator,full_grid,False,5000.0,0.0,5000,inf
2011-11-24,665.47,674.398,1339.868,644.153,150.44,794.593,794.593,0.0,0.0,0.0,0.0,0.0,545.275,0.0,0.0,0.0,200.0,0.2,0.972,253.055,24.0,0.0,0.0,67.262,67.262,1.0,1.0,0.593,minimize_generator,full_grid,False,5000.0,0.0,5000,inf
2011-11-25,583.715,645.943,1229.658,573.646,311.56,885.206,885.206,0.0,0.0,0.0,0.0,0.0,344.452,0.0,0.0,0.0,200.0,0.2,0.972,206.671,22.963,0.0,0.0,54.933,54.933,1.0,1.0,0.72,minimize_generator,full_grid,False,5000.0,0.0,5000,inf
2011-11-26,664.725,655.251,1319.976,643.743,231.0,874.743,874.743,0.0,0.0,0.0,0.0,0.0,445.233,0.0,0.0,0.0,200.0,0.2,0.972,233.047,24.0,0.0,0.0,61.944,61.944,1.0,1.0,0.663,minimize_generator,full_grid,False,5000.0,0.0,5000,inf
2011-11-27,658.555,651.322,1309.877,644.217,261.24,905.457,905.457,0.0,0.0,0.0,0.0,0.0,404.42,0.0,0.0,0.0,200.0,0.2,0.972,224.884,24.0,0.0,0.0,59.774,59.774,1.0,1.0,0.691,minimize_generator,full_grid,False,5000.0,0.0,5000,inf
2011-11-28,657.25,640.124,1297.374,608.498,238.6,847.098,847.098,0.0,0.0,0.0,0.0,0.0,450.276,0.0,0.0,0.0,200.0,0.2,0.972,234.055,24.0,0.0,0.0,62.212,62.212,1.0,1.0,0.653,minimize_generator,full_grid,False,5000.0,0.0,5000,inf
2011-11-29,588.565,543.109,1131.674,640.845,82.52,723.365,723.365,0.0,0.0,0.0,0.0,0.0,408.309,0.0,0.0,0.0,200.0,0.2,0.972,225.662,24.0,0.0,0.0,59.981,59.981,1.0,1.0,0.639,minimize_generator,full_grid,False,5000.0,0.0,5000,inf
2011-11-30,658.555,468.127,1126.682,609.422,39.12,648.542,648.542,0.0,0.0,0.0,0.0,0.0,478.14,0.0,0.0,0.0,200.0,0.2,0.972,239.628,24.0,0.0,0.0,63.693,63.693,1.0,1.0,0.576,minimize_generator,full_grid,False,5000.0,0.0,5000,inf
2011-12-01,656.69,512.044,1168.734,622.449,40.08,662.529,662.529,0.0,0.0,0.0,506.205,0.0,0.0,0.0,0.0,0.0,200.0,0.2,0.972,0.0,0.0,23.644,0.0,0.0,23.644,0.567,1.0,0.567,minimize_generator,full_grid,False,506.205,0.0,5000,inf
2011-12-02,660.805,555.037,1215.842,615.511,119.08,734.591,734.591,0.0,0.0,0.0,481.251,0.0,0.0,0.0,0.0,0.0,200.0,0.2,0.972,0.0,0.0,22.405,0.0,0.0,22.405,0.604,1.0,0.604,minimize_generator,full_grid,False,987.456,0.0,5000,inf
2011-12-03,656.865,566.355,1223.22,613.743,85.4,699.143,699.143,0.0,0.0,0.0,524.077,0.0,0.0,0.0,0.0,0.0,200.0,0.2,0.972,0.0,0.0,24.371,0.0,0.0,24.371,0.572,1.0,0.572,minimize_generator,full_grid,False,1511.533,0.0,5000,inf
2011-12-04,656.865,541.849,1198.714,629.023,44.52,673.543,673.543,0.0,0.0,0.0,525.171,0.0,0.0,0.0,0.0,0.0,200.0,0.2,0.972,0.0,0.0,24.47,0.0,0.0,24.47,0.562,1.0,0.562,minimize_generator,full_grid,False,2036.704,0.0,5000,inf
2011-12-05,587.83,315.752,903.582,622.586,152.24,774.826,774.826,0.0,0.0,0.0,128.756,0.0,0.0,0.0,0.0,0.0,200.0,0.2,0.972,0.0,0.0,6.107,0.0,0.0,6.107,0.858,1.0,0.858,minimize_generator,full_grid,False,2165.46,0.0,5000,inf
2011-12-06,588.75,360.375,949.125,622.858,287.2,910.058,910.058,0.0,0.0,0.0,39.067,0.0,0.0,0.0,0.0,0.0,200.0,0.2,0.972,0.0,0.0,1.843,0.0,0.0,1.843,0.959,1.0,0.959,minimize_generator,full_grid,False,2204.527,0.0,5000,inf
2011-12-07,656.69,303.499,960.189,577.601,156.76,734.361,734.361,0.0,0.0,0.0,225.828,0.0,0.0,0.0,0.0,0.0,200.0,0.2,0.972,0.0,0.0,10.774,0.0,0.0,10.774,0.765,1.0,0.765,minimize_generator,full_grid,False,2430.355,0.0,5000,inf
2011-12-08,582.235,356.384,938.619,610.011,408.76,1018.771,938.619,80.152,80.152,0.0,0.0,0.0,0.0,0.0,0.0,0.0,276.144,0.276,0.98,0.0,0.0,0.0,0.0,0.0,0.0,1.0,1.0,1.0,minimize_generator,full_grid,False,2430.355,0.0,5000,inf
2011-12-09,583.355,326.31,909.665,632.387,322.16,954.547,909.665,44.882,44.882,0.0,0.0,0.0,0.0,0.0,0.0,0.0,318.782,0.319,0.983,0.0,0.0,0.0,0.0,0.0,0.0,1.0,1.0,1.0,minimize_generator,full_grid,False,2430.355,0.0,5000,inf
2011-12-10,657.81,340.814,998.624,634.341,159.52,793.861,793.861,0.0,0.0,112.843,91.92,0.0,0.0,0.0,0.0,0.0,200.0,0.2,0.983,0.0,0.0,4.366,0.0,0.0,4.366,0.908,1.0,0.906,minimize_generator,full_grid,False,2522.276,0.0,5000,inf
2011-12-11,588.75,309.645,898.395,627.819,87.56,715.379,715.379,0.0,0.0,0.0,183.016,0.0,0.0,0.0,0.0,0.0,200.0,0.2,0.983,0.0,0.0,8.688,0.0,0.0,8.688,0.796,1.0,0.796,minimize_generator,full_grid,False,2705.292,0.0,5000,inf
2011-12-12,587.26,323.125,910.385,598.627,132.72,731.347,731.347,0.0,0.0,0.0,179.038,0.0,0.0,0.0,0.0,0.0,200.0,0.2,0.983,0.0,0.0,8.485,0.0,0.0,8.485,0.803,1.0,0.803,minimize_generator,full_grid,False,2884.33,0.0,5000,inf
2011-12-13,587.83,294.122,881.952,594.03,90.52,684.55,684.55,0.0,0.0,0.0,197.402,0.0,0.0,0.0,0.0,0.0,200.0,0.2,0.983,0.0,0.0,9.39,0.0,0.0,9.39,0.776,1.0,0.776,minimize_generator,full_grid,False,3081.732,0.0,5000,inf
2011-12-14,588.75,263.268,852.018,427.253,176.16,603.413,603.413,0.0,0.0,0.0,248.605,0.0,0.0,0.0,0.0,0.0,200.0,0.2,0.983,0.0,0.0,11.875,0.0,0.0,11.875,0.708,1.0,0.708,minimize_generator,full_grid,False,3330.336,0.0,5000,inf
2011-12-15,585.395,379.197,964.592,593.714,397.76,991.474,964.592,26.882,26.882,0.0,0.0,0.0,0.0,0.0,0.0,0.0,225.538,0.226,0.985,0.0,0.0,0.0,0.0,0.0,0.0,1.0,1.0,1.0,minimize_generator,full_grid,False,3330.336,0.0,5000,inf
2011-12-16,584.275,273.584,857.859,569.93,76.24,646.17,646.17,0.0,0.0,24.261,187.428,0.0,0.0,0.0,0.0,0.0,200.0,0.2,0.985,0.0,0.0,8.938,0.0,0.0,8.938,0.782,1.0,0.781,minimize_generator,full_grid,False,3517.765,0.0,5000,inf
2011-12-17,587.83,269.237,857.067,605.568,53.68,659.248,659.248,0.0,0.0,0.0,197.819,0.0,0.0,0.0,0.0,0.0,200.0,0.2,0.985,0.0,0.0,9.441,0.0,0.0,9.441,0.769,1.0,0.769,minimize_generator,full_grid,False,3715.584,0.0,5000,inf
2011-12-18,583.155,262.296,845.451,556.005,18.68,574.685,574.685,0.0,0.0,0.0,270.766,0.0,0.0,0.0,0.0,0.0,200.0,0.2,0.985,0.0,0.0,12.931,0.0,0.0,12.931,0.68,1.0,0.68,minimize_generator,full_grid,False,3986.35,0.0,5000,inf
2011-12-19,588.18,288.024,876.204,542.038,31.2,573.238,573.238,0.0,0.0,0.0,302.966,0.0,0.0,0.0,0.0,0.0,200.0,0.2,0.985,0.0,0.0,14.423,0.0,0.0,14.423,0.654,1.0,0.654,minimize_generator,full_grid,False,4289.316,0.0,5000,inf
2011-12-20,572.365,246.072,818.437,545.271,5.52,550.791,550.791,0.0,0.0,0.0,267.646,0.0,0.0,0.0,0.0,0.0,200.0,0.2,0.985,0.0,0.0,12.803,0.0,0.0,12.803,0.673,1.0,0.673,minimize_generator,full_grid,False,4556.962,0.0,5000,inf
2011-12-21,657.075,247.441,904.516,396.789,231.0,627.789,627.789,0.0,0.0,0.0,276.727,0.0,0.0,0.0,0.0,0.0,200.0,0.2,0.985,0.0,0.0,13.299,0.0,0.0,13.299,0.694,1.0,0.694,minimize_generator,full_grid,False,4833.689,0.0,5000,inf
2011-12-22,588.005,320.147,908.152,576.697,261.24,837.937,837.937,0.0,0.0,0.0,70.215,0.0,0.0,0.0,0.0,0.0,200.0,0.2,0.985,0.0,0.0,3.329,0.0,0.0,3.329,0.923,1.0,0.923,minimize_generator,full_grid,False,4903.904,0.0,5000,inf
2011-12-23,587.085,300.373,887.458,582.043,246.16,828.203,828.203,0.0,0.0,0.0,59.255,0.0,0.0,0.0,0.0,0.0,200.0,0.2,0.985,0.0,0.0,2.816,0.0,0.0,2.816,0.933,1.0,0.933,minimize_generator,full_grid,False,4963.159,0.0,5000,inf
2011-12-24,589.695,34.452,624.147,586.098,322.16,908.258,624.147,284.111,284.111,0.0,0.0,0.0,0.0,0.0,0.0,0.0,469.906,0.47,0.993,0.0,0.0,0.0,0.0,0.0,0.0,1.0,1.0,1.0,minimize_generator,full_grid,False,4963.159,0.0,5000,inf
2011-12-25,658.94,24.758,683.698,584.741,318.64,903.381,683.698,219.683,219.683,0.0,0.0,0.0,0.0,0.0,0.0,0.0,678.605,0.679,0.995,0.0,0.0,0.0,0.0,0.0,0.0,1.0,1.0,1.0,minimize_generator,full_grid,False,4963.159,0.0,5000,inf
2011-12-26,589.695,22.651,612.346,611.376,130.12,741.496,612.346,129.15,127.784,0.0,0.0,1.366,0.0,0.0,0.0,0.0,800.0,0.8,0.996,0.0,0.0,0.0,0.0,0.0,0.0,1.0,0.998,1.0,minimize_generator,full_grid,False,4963.159,1.366,5000,inf
2011-12-27,571.985,19.747,591.732,606.267,136.2,742.467,591.732,150.735,0.0,0.0,0.0,150.735,0.0,0.0,0.0,0.0,800.0,0.8,0.996,0.0,0.0,0.0,0.0,0.0,0.0,1.0,0.797,1.0,minimize_generator,full_grid,False,4963.159,152.101,5000,inf
2011-12-28,580.93,21.622,602.552,597.485,60.12,657.605,602.552,55.053,0.0,0.0,0.0,55.053,0.0,0.0,0.0,0.0,800.0,0.8,0.996,0.0,0.0,0.0,0.0,0.0,0.0,1.0,0.916,1.0,minimize_generator,full_grid,False,4963.159,207.154,5000,inf
2011-12-29,583.155,23.584,606.739,589.524,20.56,610.084,606.739,3.345,0.0,0.0,0.0,3.345,0.0,0.0,0.0,0.0,800.0,0.8,0.996,0.0,0.0,0.0,0.0,0.0,0.0,1.0,0.995,1.0,minimize_generator,full_grid,False,4963.159,210.499,5000,inf
2011-12-30,585.58,26.49,612.07,264.096,23.92,288.016,288.016,0.0,0.0,324.054,0.0,0.0,0.0,0.0,0.0,0.0,458.891,0.459,0.996,0.0,0.0,0.0,0.0,0.0,0.0,1.0,1.0,0.998,minimize_generator,full_grid,False,4963.159,210.499,5000,inf
2011-12-31,587.26,25.438,612.698,483.024,401.48,884.504,612.698,271.806,271.806,0.0,0.0,0.0,0.0,0.0,0.0,0.0,717.107,0.717,0.998,0.0,0.0,0.0,0.0,0.0,0.0,1.0,1.0,1.0,minimize_generator,full_grid,False,4963.159,210.499,5000,inf
2012-01-01,584.275,24.347,608.622,617.6,367.56,985.16,608.622,376.538,87.256,0.0,0.0,289.281,0.0,0.0,0.0,0.0,800.0,0.8,0.998,0.0,0.0,0.0,0.0,0.0,0.0,1.0,0.706,1.0,minimize_generator,full_grid,False,0.0,289.281,5000,inf
2012-01-02,587.445,23.878,611.323,583.543,362.72,946.263,611.323,334.94,0.0,0.0,0.0,334.94,0.0,0.0,0.0,0.0,800.0,0.8,0.998,0.0,0.0,0.0,0.0,0.0,0.0,1.0,0.646,1.0,minimize_generator,full_grid,False,0.0,624.221,5000,inf
2012-01-03,583.89,22.845,606.735,611.997,197.76,809.757,606.735,203.022,0.0,0.0,0.0,203.022,0.0,0.0,0.0,0.0,800.0,0.8,0.998,0.0,0.0,0.0,0.0,0.0,0.0,1.0,0.749,1.0,minimize_generator,full_grid,False,0.0,827.243,5000,inf
2012-01-04,584.45,21.521,605.971,625.764,137.96,763.724,605.971,157.753,0.0,0.0,0.0,157.753,0.0,0.0,0.0,0.0,800.0,0.8,0.998,0.0,0.0,0.0,0.0,0.0,0.0,1.0,0.793,1.0,minimize_generator,full_grid,False,0.0,984.996,5000,inf
2012-01-05,581.29,21.58,602.87,630.275,240.52,870.795,602.87,267.925,0.0,0.0,0.0,267.925,0.0,0.0,0.0,0.0,800.0,0.8,0.998,0.0,0.0,0.0,0.0,0.0,0.0,1.0,0.692,1.0,minimize_generator,full_grid,False,0.0,1252.921,5000,inf
2012-01-06,583.155,21.818,604.973,638.429,143.28,781.709,604.973,176.736,0.0,0.0,0.0,176.736,0.0,0.0,0.0,0.0,800.0,0.8,0.998,0.0,0.0,0.0,0.0,0.0,0.0,1.0,0.774,1.0,minimize_generator,full_grid,False,0.0,1429.657,5000,inf
2012-01-07,581.465,22.268,603.733,645.275,38.68,683.955,603.733,80.222,0.0,0.0,0.0,80.222,0.0,0.0,0.0,0.0,800.0,0.8,0.998,0.0,0.0,0.0,0.0,0.0,0.0,1.0,0.883,1.0,minimize_generator,full_grid,False,0.0,1509.879,5000,inf
2012-01-08,582.795,22.249,605.044,595.039,232.92,827.959,605.044,222.915,0.0,0.0,0.0,222.915,0.0,0.0,0.0,0.0,800.0,0.8,0.998,0.0,0.0,0.0,0.0,0.0,0.0,1.0,0.731,1.0,minimize_generator,full_grid,False,0.0,1732.794,5000,inf
2012-01-09,657.25,22.527,679.777,622.504,189.28,811.784,679.777,132.007,0.0,0.0,0.0,132.007,0.0,0.0,0.0,0.0,800.0,0.8,0.998,0.0,0.0,0.0,0.0,0.0,0.0,1.0,0.837,1.0,minimize_generator,full_grid,False,0.0,1864.802,5000,inf
2012-01-10,582.97,19.982,602.952,594.009,78.28,672.289,602.952,69.337,0.0,0.0,0.0,69.337,0.0,0.0,0.0,0.0,800.0,0.8,0.998,0.0,0.0,0.0,0.0,0.0,0.0,1.0,0.897,1.0,minimize_generator,full_grid,False,0.0,1934.139,5000,inf
2012-01-11,663.43,8.201,671.631,620.9,394.04,1014.94,671.631,343.309,0.0,0.0,0.0,343.309,0.0,0.0,0.0,0.0,800.0,0.8,0.998,0.0,0.0,0.0,0.0,0.0,0.0,1.0,0.662,1.0,minimize_generator,full_grid,False,0.0,2277.448,5000,inf
2012-01-12,588.18,8.544,596.724,651.408,327.4,978.808,596.724,382.084,0.0,0.0,0.0,382.084,0.0,0.0,0.0,0.0,800.0,0.8,0.998,0.0,0.0,0.0,0.0,0.0,0.0,1.0,0.61,1.0,minimize_generator,full_grid,False,0.0,2659.532,5000,inf
2012-01-13,587.085,5.365,592.45,627.475,430.32,1057.795,592.45,465.345,0.0,0.0,0.0,465.345,0.0,0.0,0.0,0.0,800.0,0.8,0.998,0.0,0.0,0.0,0.0,0.0,0.0,1.0,0.56,1.0,minimize_generator,full_grid,False,0.0,3124.877,5000,inf
2012-01-14,583.155,4.751,587.906,659.62,164.08,823.7,587.906,235.794,0.0,0.0,0.0,235.794,0.0,0.0,0.0,0.0,800.0,0.8,0.998,0.0,0.0,0.0,0.0,0.0,0.0,1.0,0.714,1.0,minimize_generator,full_grid,False,0.0,3360.671,5000,inf
2012-01-15,588.95,7.773,596.723,675.937,169.64,845.577,596.723,248.854,0.0,0.0,0.0,248.854,0.0,0.0,0.0,0.0,800.0,0.8,0.998,0.0,0.0,0.0,0.0,0.0,0.0,1.0,0.706,1.0,minimize_generator,full_grid,False,0.0,3609.525,5000,inf
2012-01-16,584.275,8.598,592.873,676.798,289.92,966.718,592.873,373.845,0.0,0.0,0.0,373.845,0.0,0.0,0.0,0.0,800.0,0.8,0.998,0.0,0.0,0.0,0.0,0.0,0.0,1.0,0.613,1.0,minimize_generator,full_grid,False,0.0,3983.369,5000,inf
2012-01-17,586.885,7.589,594.474,561.095,114.92,676.015,594.474,81.541,0.0,0.0,0.0,81.541,0.0,0.0,0.0,0.0,800.0,0.8,0.998,0.0,0.0,0.0,0.0,0.0,0.0,1.0,0.879,1.0,minimize_generator,full_grid,False,0.0,4064.911,5000,inf
2012-01-18,663.07,8.684,671.754,672.06,185.52,857.58,671.754,185.826,0.0,0.0,0.0,185.826,0.0,0.0,0.0,0.0,800.0,0.8,0.998,0.0,0.0,0.0,0.0,0.0,0.0,1.0,0.783,1.0,minimize_generator,full_grid,False,0.0,4250.737,5000,inf
2012-01-19,585.965,11.171,597.136,597.849,368.36,966.209,597.136,369.073,0.0,0.0,0.0,369.073,0.0,0.0,0.0,0.0,800.0,0.8,0.998,0.0,0.0,0.0,0.0,0.0,0.0,1.0,0.618,1.0,minimize_generator,full_grid,False,0.0,4619.81,5000,inf
2012-01-20,657.61,10.38,667.99,641.994,354.52,996.514,667.99,328.524,0.0,0.0,0.0,328.524,0.0,0.0,0.0,0.0,800.0,0.8,0.998,0.0,0.0,0.0,0.0,0.0,0.0,1.0,0.67,1.0,minimize_generator,full_grid,False,0.0,4948.334,5000,inf
2012-01-21,583.89,7.943,591.833,704.418,119.08,823.498,591.833,231.665,0.0,0.0,0.0,231.665,0.0,0.0,0.0,0.0,800.0,0.8,0.998,0.0,0.0,0.0,0.0,0.0,0.0,1.0,0.719,1.0,minimize_generator,full_grid,False,0.0,5179.999,5000,inf
2012-01-22,586.315,9.883,596.198,636.646,435.64,1072.286,596.198,476.088,0.0,0.0,0.0,476.088,0.0,0.0,0.0,0.0,800.0,0.8,0.998,0.0,0.0,0.0,0.0,0.0,0.0,1.0,0.556,1.0,minimize_generator,full_grid,False,0.0,5656.087,5000,inf
2012-01-23,660.035,9.481,669.516,669.286,263.12,932.406,669.516,262.89,0.0,0.0,0.0,262.89,0.0,0.0,0.0,0.0,800.0,0.8,0.998,0.0,0.0,0.0,0.0,0.0,0.0,1.0,0.718,1.0,minimize_generator,full_grid,False,0.0,5918.977,5000,inf
2012-01-24,584.275,7.62,591.895,658.8,35.48,694.28,591.895,102.385,0.0,0.0,0.0,102.385,0.0,0.0,0.0,0.0,800.0,0.8,0.998,0.0,0.0,0.0,0.0,0.0,0.0,1.0,0.853,1.0,minimize_generator,full_grid,False,0.0,6021.362,5000,inf
2012-01-25,660.245,6.999,667.244,477.304,17.2,494.504,494.504,0.0,0.0,172.74,0.0,0.0,0.0,0.0,0.0,0.0,618.169,0.618,0.998,0.0,0.0,0.0,0.0,0.0,0.0,1.0,1.0,0.999,minimize_generator,full_grid,False,0.0,6021.362,5000,inf
2012-01-26,589.31,10.503,599.813,669.149,225.32,894.469,599.813,294.656,191.401,0.0,0.0,103.255,0.0,0.0,0.0,0.0,800.0,0.8,0.998,0.0,0.0,0.0,0.0,0.0,0.0,1.0,0.885,1.0,minimize_generator,full_grid,False,0.0,6124.617,5000,inf
2012-01-27,584.66,9.68,594.34,673.926,408.76,1082.686,594.34,488.346,0.0,0.0,0.0,488.346,0.0,0.0,0.0,0.0,800.0,0.8,0.998,0.0,0.0,0.0,0.0,0.0,0.0,1.0,0.549,1.0,minimize_generator,full_grid,False,0.0,6612.963,5000,inf
2012-01-28,589.125,10.13,599.255,713.019,374.72,1087.739,599.255,488.484,0.0,0.0,0.0,488.484,0.0,0.0,0.0,0.0,800.0,0.8,0.998,0.0,0.0,0.0,0.0,0.0,0.0,1.0,0.551,1.0,minimize_generator,full_grid,False,0.0,7101.447,5000,inf
2012-01-29,657.25,7.545,664.795,650.005,48.16,698.165,664.795,33.37,0.0,0.0,0.0,33.37,0.0,0.0,0.0,0.0,800.0,0.8,0.998,0.0,0.0,0.0,0.0,0.0,0.0,1.0,0.952,1.0,minimize_generator,full_grid,False,0.0,7134.816,5000,inf
2012-01-30,589.31,7.649,596.959,281.449,57.72,339.169,339.169,0.0,0.0,257.79,0.0,0.0,0.0,0.0,0.0,0.0,528.642,0.529,0.998,0.0,0.0,0.0,0.0,0.0,0.0,1.0,1.0,0.999,minimize_generator,full_grid,False,0.0,7134.816,5000,inf
2012-01-31,581.29,10.301,591.591,710.087,276.16,986.247,591.591,394.656,285.64,0.0,0.0,109.016,0.0,0.0,0.0,0.0,800.0,0.8,0.999,0.0,0.0,0.0,0.0,0.0,0.0,1.0,0.889,1.0,minimize_generator,full_grid,False,0.0,7243.832,5000,inf
2012-02-01,584.45,8.732,593.182,551.967,448.4,1000.367,593.182,407.185,0.0,0.0,0.0,407.185,0.0,0.0,0.0,0.0,800.0,0.8,0.999,0.0,0.0,0.0,0.0,0.0,0.0,1.0,0.593,1.0,minimize_generator,full_grid,False,0.0,407.185,5000,inf
2012-02-02,586.315,8.408,594.723,757.847,126.68,884.527,594.723,289.804,0.0,0.0,0.0,289.804,0.0,0.0,0.0,0.0,800.0,0.8,0.999,0.0,0.0,0.0,0.0,0.0,0.0,1.0,0.672,1.0,minimize_generator,full_grid,False,0.0,696.988,5000,inf
2012-02-03,587.085,8.877,595.962,712.7,29.56,742.26,595.962,146.298,0.0,0.0,0.0,146.298,0.0,0.0,0.0,0.0,800.0,0.8,0.999,0.0,0.0,0.0,0.0,0.0,0.0,1.0,0.803,1.0,minimize_generator,full_grid,False,0.0,843.286,5000,inf
2012-02-04,589.695,10.186,599.881,726.391,74.2,800.591,599.881,200.71,0.0,0.0,0.0,200.71,0.0,0.0,0.0,0.0,800.0,0.8,0.999,0.0,0.0,0.0,0.0,0.0,0.0,1.0,0.749,1.0,minimize_generator,full_grid,False,0.0,1043.996,5000,inf
2012-02-05,588.18,8.822,597.002,743.495,9.36,752.855,597.002,155.853,0.0,0.0,0.0,155.853,0.0,0.0,0.0,0.0,800.0,0.8,0.999,0.0,0.0,0.0,0.0,0.0,0.0,1.0,0.793,1.0,minimize_generator,full_grid,False,0.0,1199.849,5000,inf
2012-02-06,582.795,10.392,593.187,586.041,78.28,664.321,593.187,71.134,0.0,0.0,0.0,71.134,0.0,0.0,0.0,0.0,800.0,0.8,0.999,0.0,0.0,0.0,0.0,0.0,0.0,1.0,0.893,1.0,minimize_generator,full_grid,False,0.0,1270.983,5000,inf
2012-02-07,589.125,10.534,599.659,409.095,354.52,763.615,599.659,163.956,0.0,0.0,0.0,163.956,0.0,0.0,0.0,0.0,800.0,0.8,0.999,0.0,0.0,0.0,0.0,0.0,0.0,1.0,0.785,1.0,minimize_generator,full_grid,False,0.0,1434.939,5000,inf
2012-02-08,657.075,8.032,665.107,292.334,425.6,717.934,665.107,52.827,0.0,0.0,0.0,52.827,0.0,0.0,0.0,0.0,800.0,0.8,0.999,0.0,0.0,0.0,0.0,0.0,0.0,1.0,0.926,1.0,minimize_generator,full_grid,False,0.0,1487.766,5000,inf
2012-02-09,656.865,8.667,665.532,466.714,361.08,827.794,665.532,162.262,0.0,0.0,0.0,162.262,0.0,0.0,0.0,0.0,800.0,0.8,0.999,0.0,0.0,0.0,0.0,0.0,0.0,1.0,0.804,1.0,minimize_generator,full_grid,False,0.0,1650.028,5000,inf
2012-02-10,659.115,11.771,670.886,671.694,443.36,1115.054,670.886,444.168,0.0,0.0,0.0,444.168,0.0,0.0,0.0,0.0,800.0,0.8,0.999,0.0,0.0,0.0,0.0,0.0,0.0,1.0,0.602,1.0,minimize_generator,full_grid,False,0.0,2094.196,5000,inf
2012-02-11,658.17,9.851,668.021,686.544,97.36,783.904,668.021,115.883,0.0,0.0,0.0,115.883,0.0,0.0,0.0,0.0,800.0,0.8,0.999,0.0,0.0,0.0,0.0,0.0,0.0,1.0,0.852,1.0,minimize_generator,full_grid,False,0.0,2210.079,5000,inf
2012-02-12,657.075,9.582,666.657,584.378,34.16,618.538,618.538,0.0,0.0,48.119,0.0,0.0,0.0,0.0,0.0,0.0,749.349,0.749,0.999,0.0,0.0,0.0,0.0,0.0,0.0,1.0,1.0,1.0,minimize_generator,full_grid,False,0.0,2210.079,5000,inf
2012-02-13,588.39,11.898,600.288,656.714,160.44,817.154,600.288,216.866,53.317,0.0,0.0,163.549,0.0,0.0,0.0,0.0,800.0,0.8,0.999,0.0,0.0,0.0,0.0,0.0,0.0,1.0,0.8,1.0,minimize_generator,full_grid,False,0.0,2373.628,5000,inf
2012-02-14,582.585,10.345,592.93,568.755,39.6,608.355,592.93,15.425,0.0,0.0,0.0,15.425,0.0,0.0,0.0,0.0,800.0,0.8,0.999,0.0,0.0,0.0,0.0,0.0,0.0,1.0,0.975,1.0,minimize_generator,full_grid,False,0.0,2389.053,5000,inf
2012-02-15,657.435,452.866,1110.301,479.381,216.76,696.141,696.141,0.0,0.0,414.16,0.0,0.0,0.0,0.0,0.0,0.0,364.042,0.364,0.999,0.0,0.0,0.0,0.0,0.0,0.0,1.0,1.0,1.0,minimize_generator,full_grid,False,0.0,2389.053,5000,inf
2012-02-16,656.69,413.75,1070.44,652.257,520.96,1173.217,1070.44,102.777,102.777,0.0,0.0,0.0,0.0,0.0,0.0,0.0,461.68,0.462,0.999,0.0,0.0,0.0,0.0,0.0,0.0,1.0,1.0,1.0,minimize_generator,full_grid,False,0.0,2389.053,5000,inf
2012-02-17,657.075,442.319,1099.394,778.672,486.68,1265.352,1099.394,165.958,165.958,0.0,0.0,0.0,0.0,0.0,0.0,0.0,619.34,0.619,0.999,0.0,0.0,0.0,0.0,0.0,0.0,1.0,1.0,1.0,minimize_generator,full_grid,False,0.0,2389.053,5000,inf
2012-02-18,584.66,358.955,943.615,750.901,476.24,1227.141,943.615,283.526,190.168,0.0,0.0,93.358,0.0,0.0,0.0,0.0,800.0,0.8,1.0,0.0,0.0,0.0,0.0,0.0,0.0,1.0,0.924,1.0,minimize_generator,full_grid,False,0.0,2482.412,5000,inf
2012-02-19,585.58,424.72,1010.3,852.529,376.32,1228.849,1010.3,218.549,0.0,0.0,0.0,218.549,0.0,0.0,0.0,0.0,800.0,0.8,1.0,0.0,0.0,0.0,0.0,0.0,0.0,1.0,0.822,1.0,minimize_generator,full_grid,False,0.0,2700.96,5000,inf
2012-02-20,660.595,446.306,1106.901,856.623,102.8,959.423,959.423,0.0,0.0,147.478,0.0,0.0,0.0,0.0,0.0,0.0,644.76,0.645,1.0,0.0,0.0,0.0,0.0,0.0,0.0,1.0,1.0,1.0,minimize_generator,full_grid,False,0.0,2700.96,5000,inf
2012-02-21,656.69,472.418,1129.108,809.865,83.24,893.105,893.105,0.0,0.0,236.003,0.0,0.0,0.0,0.0,0.0,0.0,396.336,0.396,1.0,0.0,0.0,0.0,0.0,0.0,0.0,1.0,1.0,1.0,minimize_generator,full_grid,False,0.0,2700.96,5000,inf
2012-02-22,659.475,492.165,1151.64,786.753,90.52,877.273,877.273,0.0,0.0,186.519,87.848,0.0,0.0,0.0,0.0,0.0,200.0,0.2,1.0,0.0,0.0,4.199,0.0,0.0,4.199,0.924,1.0,0.924,minimize_generator,full_grid,False,87.848,2700.96,5000,inf
2012-02-23,657.25,525.203,1182.453,766.848,289.04,1055.888,1055.888,0.0,0.0,0.0,126.565,0.0,0.0,0.0,0.0,0.0,200.0,0.2,1.0,0.0,0.0,6.033,0.0,0.0,6.033,0.893,1.0,0.893,minimize_generator,full_grid,False,214.413,2700.96,5000,inf
2012-02-24,657.61,521.469,1179.079,760.761,148.64,909.401,909.401,0.0,0.0,0.0,269.678,0.0,0.0,0.0,0.0,0.0,200.0,0.2,1.0,0.0,0.0,12.859,0.0,0.0,12.859,0.771,1.0,0.771,minimize_generator,full_grid,False,484.091,2700.96,5000,inf
2012-02-25,661.165,431.239,1092.404,697.049,487.68,1184.729,1092.404,92.325,92.325,0.0,0.0,0.0,0.0,0.0,0.0,0.0,287.709,0.288,1.0,0.0,0.0,0.0,0.0,0.0,0.0,1.0,1.0,1.0,minimize_generator,full_grid,False,484.091,2700.96,5000,inf
2012-02-26,589.125,417.825,1006.95,892.314,26.84,919.154,919.154,0.0,0.0,83.323,4.472,0.0,0.0,0.0,0.0,0.0,200.0,0.2,1.0,0.0,0.0,0.214,0.0,0.0,0.214,0.996,1.0,0.996,minimize_generator,full_grid,False,488.563,2700.96,5000,inf
2012-02-27,658.38,428.607,1086.987,888.031,7.28,895.311,895.311,0.0,0.0,0.0,191.676,0.0,0.0,0.0,0.0,0.0,200.0,0.2,1.0,0.0,0.0,9.209,0.0,0.0,9.209,0.824,1.0,0.824,minimize_generator,full_grid,False,680.239,2700.96,5000,inf
2012-02-28,589.695,556.379,1146.074,840.756,273.36,1114.116,1114.116,0.0,0.0,0.0,31.958,0.0,0.0,0.0,0.0,0.0,200.0,0.2,1.0,0.0,0.0,1.513,0.0,0.0,1.513,0.972,1.0,0.972,minimize_generator,full_grid,False,712.197,2700.96,5000,inf
2012-02-29,656.865,466.06,1122.925,725.021,481.56,1206.581,1122.925,83.656,83.656,0.0,0.0,0.0,0.0,0.0,0.0,0.0,279.473,0.279,1.0,0.0,0.0,0.0,0.0,0.0,0.0,1.0,1.0,1.0,minimize_generator,full_grid,False,712.197,2700.96,5000,inf
2012-03-01,657.61,496.533,1154.143,805.931,422.16,1228.091,1154.143,73.948,73.948,0.0,0.0,0.0,0.0,0.0,0.0,0.0,349.724,0.35,1.0,0.0,0.0,0.0,0.0,0.0,0.0,1.0,1.0,1.0,minimize_generator,full_grid,False,0.0,0.0,5000,inf
2012-03-02,659.86,356.86,1016.72,746.597,531.8,1278.397,1016.72,261.677,261.677,0.0,0.0,0.0,0.0,0.0,0.0,0.0,598.317,0.598,1.0,0.0,0.0,0.0,0.0,0.0,0.0,1.0,1.0,1.0,minimize_generator,full_grid,False,0.0,0.0,5000,inf
2012-03-03,657.435,429.909,1087.344,914.245,380.24,1294.485,1087.344,207.141,207.141,0.0,0.0,0.0,0.0,0.0,0.0,0.0,795.101,0.795,1.0,0.0,0.0,0.0,0.0,0.0,0.0,1.0,1.0,1.0,minimize_generator,full_grid,False,0.0,0.0,5000,inf
2012-03-04,664.55,477.047,1141.597,935.945,192.12,1128.065,1128.065,0.0,0.0,13.532,0.0,0.0,0.0,0.0,0.0,0.0,780.857,0.781,1.0,0.0,0.0,0.0,0.0,0.0,0.0,1.0,1.0,1.0,minimize_generator,full_grid,False,0.0,0.0,5000,inf
2012-03-05,589.485,483.281,1072.766,953.795,78.28,1032.075,1032.075,0.0,0.0,40.691,0.0,0.0,0.0,0.0,0.0,0.0,738.024,0.738,1.0,0.0,0.0,0.0,0.0,0.0,0.0,1.0,1.0,1.0,minimize_generator,full_grid,False,0.0,0.0,5000,inf
2012-03-06,659.115,590.951,1250.066,970.261,233.88,1204.141,1204.141,0.0,0.0,45.925,0.0,0.0,0.0,0.0,0.0,0.0,689.683,0.69,1.0,0.0,0.0,0.0,0.0,0.0,0.0,1.0,1.0,1.0,minimize_generator,full_grid,False,0.0,0.0,5000,inf
2012-03-07,658.555,607.018,1265.573,932.007,173.36,1105.367,1105.367,0.0,0.0,160.206,0.0,0.0,0.0,0.0,0.0,0.0,521.045,0.521,1.0,0.0,0.0,0.0,0.0,0.0,0.0,1.0,1.0,1.0,minimize_generator,full_grid,False,0.0,0.0,5000,inf
2012-03-08,666.24,632.828,1299.068,963.052,346.2,1309.252,1299.068,10.184,10.184,0.0,0.0,0.0,0.0,0.0,0.0,0.0,530.72,0.531,1.0,0.0,0.0,0.0,0.0,0.0,0.0,1.0,1.0,1.0,minimize_generator,full_grid,False,0.0,0.0,5000,inf
2012-03-09,661.34,667.079,1328.419,941.022,201.56,1142.582,1142.582,0.0,0.0,185.837,0.0,0.0,0.0,0.0,0.0,0.0,335.103,0.335,1.0,0.0,0.0,0.0,0.0,0.0,0.0,1.0,1.0,1.0,minimize_generator,full_grid,False,0.0,0.0,5000,inf
2012-03-10,665.11,629.144,1294.254,929.213,85.4,1014.613,1014.613,0.0,0.0,128.347,151.293,0.0,0.0,0.0,0.0,0.0,200.0,0.2,1.0,0.0,0.0,7.236,0.0,0.0,7.236,0.883,1.0,0.883,minimize_generator,full_grid,False,151.293,0.0,5000,inf
2012-03-11,588.75,594.46,1183.21,819.46,36.36,855.82,855.82,0.0,0.0,0.0,327.39,0.0,0.0,0.0,0.0,0.0,200.0,0.2,1.0,0.0,0.0,15.609,0.0,0.0,15.609,0.723,1.0,0.723,minimize_generator,full_grid,False,478.683,0.0,5000,inf
2012-03-12,662.86,552.762,1215.622,743.928,172.44,916.368,916.368,0.0,0.0,0.0,299.254,0.0,0.0,0.0,0.0,0.0,200.0,0.2,1.0,0.0,0.0,14.396,0.0,0.0,14.396,0.754,1.0,0.754,minimize_generator,full_grid,False,777.937,0.0,5000,inf
2012-03-13,665.47,593.725,1259.195,767.923,324.8,1092.723,1092.723,0.0,0.0,0.0,166.472,0.0,0.0,0.0,0.0,0.0,200.0,0.2,1.0,0.0,0.0,7.983,0.0,0.0,7.983,0.868,1.0,0.868,minimize_generator,full_grid,False,944.41,0.0,5000,inf
2012-03-14,662.685,579.802,1242.487,844.219,461.08,1305.299,1242.487,62.812,62.812,0.0,0.0,0.0,0.0,0.0,0.0,0.0,259.672,0.26,1.0,0.0,0.0,0.0,0.0,0.0,0.0,1.0,1.0,1.0,minimize_generator,full_grid,False,944.41,0.0,5000,inf
2012-03-15,729.625,549.578,1279.203,975.7,460.48,1436.18,1279.203,156.977,156.977,0.0,0.0,0.0,0.0,0.0,0.0,0.0,408.8,0.409,1.0,0.0,0.0,0.0,0.0,0.0,0.0,1.0,1.0,1.0,minimize_generator,full_grid,False,944.41,0.0,5000,inf
2012-03-16,660.595,615.093,1275.688,1011.631,491.12,1502.751,1275.688,227.063,227.063,0.0,0.0,0.0,0.0,0.0,0.0,0.0,624.51,0.625,1.0,0.0,0.0,0.0,0.0,0.0,0.0,1.0,1.0,1.0,minimize_generator,full_grid,False,944.41,0.0,5000,inf
2012-03-17,731.49,628.621,1360.111,1009.793,377.12,1386.913,1360.111,26.802,26.802,0.0,0.0,0.0,0.0,0.0,0.0,0.0,649.972,0.65,1.0,0.0,0.0,0.0,0.0,0.0,0.0,1.0,1.0,1.0,minimize_generator,full_grid,False,944.41,0.0,5000,inf
2012-03-18,735.045,659.479,1394.524,1040.804,105.2,1146.004,1146.004,0.0,0.0,248.52,0.0,0.0,0.0,0.0,0.0,0.0,388.371,0.388,1.0,0.0,0.0,0.0,0.0,0.0,0.0,1.0,1.0,1.0,minimize_generator,full_grid,False,944.41,0.0,5000,inf
2012-03-19,662.11,661.427,1323.537,1039.024,141.48,1180.504,1180.504,0.0,0.0,143.033,0.0,0.0,0.0,0.0,0.0,0.0,237.811,0.238,1.0,0.0,0.0,0.0,0.0,0.0,0.0,1.0,1.0,1.0,minimize_generator,full_grid,False,944.41,0.0,5000,inf
2012-03-20,662.11,656.608,1318.718,896.303,264.04,1160.343,1160.343,0.0,0.0,35.92,122.455,0.0,0.0,0.0,0.0,0.0,200.0,0.2,1.0,0.0,0.0,5.843,0.0,0.0,5.843,0.907,1.0,0.907,minimize_generator,full_grid,False,1066.864,0.0,5000,inf
2012-03-21,732.795,664.459,1397.254,788.979,264.04,1053.019,1053.019,0.0,0.0,0.0,344.235,0.0,0.0,0.0,0.0,0.0,200.0,0.2,1.0,0.0,0.0,16.496,0.0,0.0,16.496,0.754,1.0,0.754,minimize_generator,full_grid,False,1411.099,0.0,5000,inf
2012-03-22,733.565,702.564,1436.129,911.963,229.12,1141.083,1141.083,0.0,0.0,0.0,295.046,0.0,0.0,0.0,0.0,0.0,200.0,0.2,1.0,0.0,0.0,14.102,0.0,0.0,14.102,0.795,1.0,0.795,minimize_generator,full_grid,False,1706.146,0.0,5000,inf
2012-03-23,663.07,753.551,1416.621,986.709,180.8,1167.509,1167.509,0.0,0.0,0.0,249.112,0.0,0.0,0.0,0.0,0.0,200.0,0.2,1.0,0.0,0.0,11.811,0.0,0.0,11.811,0.824,1.0,0.824,minimize_generator,full_grid,False,1955.258,0.0,5000,inf
2012-03-24,663.605,708.091,1371.696,887.733,131.0,1018.733,1018.733,0.0,0.0,0.0,352.963,0.0,0.0,0.0,0.0,0.0,200.0,0.2,1.0,0.0,0.0,16.785,0.0,0.0,16.785,0.743,1.0,0.743,minimize_generator,full_grid,False,2308.221,0.0,5000,inf
2012-03-25,664.55,726.715,1391.265,964.267,340.28,1304.547,1304.547,0.0,0.0,0.0,86.718,0.0,0.0,0.0,0.0,0.0,200.0,0.2,1.0,0.0,0.0,4.119,0.0,0.0,4.119,0.938,1.0,0.938,minimize_generator,full_grid,False,2394.939,0.0,5000,inf
2012-03-26,660.42,761.064,1421.484,1032.786,377.12,1409.906,1409.906,0.0,0.0,0.0,11.578,0.0,0.0,0.0,0.0,0.0,200.0,0.2,1.0,0.0,0.0,0.549,0.0,0.0,0.549,0.992,1.0,0.992,minimize_generator,full_grid,False,2406.517,0.0,5000,inf
2012-03-27,662.685,749.159,1411.844,1065.15,441.44,1506.59,1411.844,94.746,94.746,0.0,0.0,0.0,0.0,0.0,0.0,0.0,290.009,0.29,1.0,0.0,0.0,0.0,0.0,0.0,0.0,1.0,1.0,1.0,minimize_generator,full_grid,False,2406.517,0.0,5000,inf
2012-03-28,662.685,716.48,1379.165,1048.614,338.56,1387.174,1379.165,8.009,8.009,0.0,0.0,0.0,0.0,0.0,0.0,0.0,297.618,0.298,1.0,0.0,0.0,0.0,0.0,0.0,0.0,1.0,1.0,1.0,minimize_generator,full_grid,False,2406.517,0.0,5000,inf
2012-03-29,663.805,732.063,1395.868,995.73,231.96,1227.69,1227.69,0.0,0.0,92.737,75.441,0.0,0.0,0.0,0.0,0.0,200.0,0.2,1.0,0.0,0.0,3.582,0.0,0.0,3.582,0.946,1.0,0.946,minimize_generator,full_grid,False,2481.958,0.0,5000,inf
2012-03-30,730.01,741.418,1471.428,1057.121,47.64,1104.761,1104.761,0.0,0.0,0.0,366.667,0.0,0.0,0.0,0.0,0.0,200.0,0.2,1.0,0.0,0.0,17.477,0.0,0.0,17.477,0.751,1.0,0.751,minimize_generator,full_grid,False,2848.625,0.0,5000,inf
2012-03-31,731.315,661.734,1393.049,867.599,20.56,888.159,888.159,0.0,0.0,0.0,504.89,0.0,0.0,0.0,0.0,0.0,200.0,0.2,1.0,0.0,0.0,24.197,0.0,0.0,24.197,0.638,1.0,0.638,minimize_generator,full_grid,False,3353.515,0.0,5000,inf
2012-04-01,736.525,849.39,1585.915,987.365,144.16,1131.525,1131.525,0.0,0.0,0.0,454.39,0.0,0.0,0.0,0.0,0.0,200.0,0.2,1.0,0.0,0.0,21.818,0.0,0.0,21.818,0.713,1.0,0.713,minimize_generator,full_grid,False,454.39,0.0,5000,inf
2012-04-02,664.165,920.771,1584.936,998.072,305.32,1303.392,1303.392,0.0,0.0,0.0,281.544,0.0,0.0,0.0,0.0,0.0,200.0,0.2,1.0,0.0,0.0,13.416,0.0,0.0,13.416,0.822,1.0,0.822,minimize_generator,full_grid,False,735.934,0.0,5000,inf
2012-04-03,735.045,865.884,1600.929,988.739,131.0,1119.739,1119.739,0.0,0.0,0.0,481.19,0.0,0.0,0.0,0.0,0.0,200.0,0.2,1.0,0.0,0.0,23.084,0.0,0.0,23.084,0.699,1.0,0.699,minimize_generator,full_grid,False,1217.124,0.0,5000,inf
2012-04-04,730.93,1034.684,1765.614,1051.332,143.28,1194.612,1194.612,0.0,0.0,0.0,571.002,0.0,0.0,0.0,0.0,0.0,200.0,0.2,1.0,0.0,0.0,27.186,0.0,0.0,27.186,0.677,1.0,0.677,minimize_generator,full_grid,False,1788.126,0.0,5000,inf
2012-04-05,731.875,1010.682,1742.557,926.727,81.8,1008.527,1008.527,0.0,0.0,0.0,734.03,0.0,0.0,0.0,0.0,0.0,200.0,0.2,1.0,0.0,0.0,34.984,0.0,0.0,34.984,0.579,1.0,0.579,minimize_generator,full_grid,False,2522.156,0.0,5000,inf
2012-04-06,734.87,1155.808,1890.678,1071.604,216.76,1288.364,1288.364,0.0,0.0,0.0,602.314,0.0,0.0,0.0,0.0,0.0,200.0,0.2,1.0,0.0,0.0,28.555,0.0,0.0,28.555,0.681,1.0,0.681,minimize_generator,full_grid,False,3124.47,0.0,5000,inf
2012-04-07,665.295,1118.473,1783.768,1060.237,50.32,1110.557,1110.557,0.0,0.0,0.0,673.211,0.0,0.0,0.0,0.0,0.0,200.0,0.2,1.0,0.0,0.0,31.832,0.0,0.0,31.832,0.623,1.0,0.623,minimize_generator,full_grid,False,3797.681,0.0,5000,inf
2012-04-08,734.3,1020.041,1754.341,1028.942,23.24,1052.182,1052.182,0.0,0.0,0.0,702.159,0.0,0.0,0.0,0.0,0.0,200.0,0.2,1.0,0.0,0.0,33.457,0.0,0.0,33.457,0.6,1.0,0.6,minimize_generator,full_grid,False,4499.84,0.0,5000,inf
2012-04-09,733.925,921.693,1655.618,906.086,23.24,929.326,929.326,0.0,0.0,0.0,500.16,0.0,226.132,0.0,0.0,0.0,200.0,0.2,1.0,135.679,15.075,23.931,0.0,37.827,61.758,0.698,1.0,0.561,minimize_generator,full_grid,False,5000.0,0.0,5000,inf
2012-04-10,735.43,932.537,1667.967,951.281,329.12,1280.401,1280.401,0.0,0.0,0.0,0.0,0.0,387.566,0.0,0.0,0.0,200.0,0.2,1.0,221.513,24.0,0.0,0.0,61.758,61.758,1.0,1.0,0.768,minimize_generator,full_grid,False,5000.0,0.0,5000,inf
2012-04-11,735.045,886.562,1621.607,1109.877,420.8,1530.677,1530.677,0.0,0.0,0.0,0.0,0.0,90.93,0.0,0.0,0.0,200.0,0.2,1.0,54.558,6.062,0.0,0.0,15.211,15.211,1.0,1.0,0.944,minimize_generator,full_grid,False,5000.0,0.0,5000,inf
2012-04-12,814.405,828.832,1643.237,993.585,332.56,1326.145,1326.145,0.0,0.0,0.0,0.0,0.0,317.092,0.0,0.0,0.0,200.0,0.2,1.0,190.255,21.139,0.0,0.0,53.043,53.043,1.0,1.0,0.807,minimize_generator,full_grid,False,5000.0,0.0,5000,inf
2012-04-13,732.06,809.174,1541.234,958.604,56.56,1015.164,1015.164,0.0,0.0,0.0,0.0,0.0,526.07,0.0,0.0,0.0,200.0,0.2,1.0,249.214,24.0,0.0,0.0,69.481,69.481,1.0,1.0,0.659,minimize_generator,full_grid,False,5000.0,0.0,5000,inf
2012-04-14,732.795,754.116,1486.911,908.674,8.2,916.874,916.874,0.0,0.0,0.0,0.0,0.0,570.037,0.0,0.0,0.0,200.0,0.2,1.0,258.007,24.0,0.0,0.0,71.932,71.932,1.0,1.0,0.617,minimize_generator,full_grid,False,5000.0,0.0,5000,inf
2012-04-15,732.795,710.239,1443.034,830.17,25.36,855.53,855.53,0.0,0.0,0.0,0.0,0.0,587.504,0.0,0.0,0.0,200.0,0.2,1.0,261.501,24.0,0.0,0.0,72.906,72.906,1.0,1.0,0.593,minimize_generator,full_grid,False,5000.0,0.0,5000,inf
2012-04-16,733.355,784.918,1518.273,1141.725,424.92,1566.645,1518.273,48.372,48.372,0.0,0.0,0.0,0.0,0.0,0.0,0.0,245.954,0.246,1.0,0.0,0.0,0.0,0.0,0.0,0.0,1.0,1.0,1.0,minimize_generator,full_grid,False,5000.0,0.0,5000,inf
2012-04-17,733.355,686.342,1419.697,1208.379,8.2,1216.579,1216.579,0.0,0.0,43.656,0.0,0.0,159.462,0.0,0.0,0.0,200.0,0.2,1.0,95.677,10.631,0.0,0.0,26.675,26.675,1.0,1.0,0.888,minimize_generator,full_grid,False,5000.0,0.0,5000,inf
2012-04-18,811.595,652.981,1464.576,904.95,188.32,1093.27,1093.27,0.0,0.0,0.0,0.0,0.0,371.306,0.0,0.0,0.0,200.0,0.2,1.0,218.261,24.0,0.0,0.0,60.851,60.851,1.0,1.0,0.746,minimize_generator,full_grid,False,5000.0,0.0,5000,inf
2012-04-19,812.715,692.573,1505.288,1018.717,488.68,1507.397,1505.288,2.109,2.109,0.0,0.0,0.0,0.0,0.0,0.0,0.0,202.004,0.202,1.0,0.0,0.0,0.0,0.0,0.0,0.0,1.0,1.0,1.0,minimize_generator,full_grid,False,5000.0,0.0,5000,inf
2012-04-20,734.66,608.978,1343.638,1139.941,303.52,1443.461,1343.638,99.823,99.823,0.0,0.0,0.0,0.0,0.0,0.0,0.0,296.836,0.297,1.0,0.0,0.0,0.0,0.0,0.0,0.0,1.0,1.0,1.0,minimize_generator,full_grid,False,5000.0,0.0,5000,inf
2012-04-21,733.925,579.865,1313.79,1103.104,426.96,1530.064,1313.79,216.274,216.274,0.0,0.0,0.0,0.0,0.0,0.0,0.0,502.296,0.502,1.0,0.0,0.0,0.0,0.0,0.0,0.0,1.0,1.0,1.0,minimize_generator,full_grid,False,5000.0,0.0,5000,inf
2012-04-22,810.115,477.804,1287.919,1172.054,240.52,1412.574,1287.919,124.655,124.655,0.0,0.0,0.0,0.0,0.0,0.0,0.0,620.718,0.621,1.0,0.0,0.0,0.0,0.0,0.0,0.0,1.0,1.0,1.0,minimize_generator,full_grid,False,5000.0,0.0,5000,inf
2012-04-23,735.605,378.272,1113.877,1173.45,358.64,1532.09,1113.877,418.213,188.718,0.0,0.0,229.495,0.0,0.0,0.0,0.0,800.0,0.8,1.0,0.0,0.0,0.0,0.0,0.0,0.0,1.0,0.85,1.0,minimize_generator,full_grid,False,5000.0,229.495,5000,inf
2012-04-24,811.42,292.118,1103.538,1180.514,366.76,1547.274,1103.538,443.736,0.0,0.0,0.0,443.736,0.0,0.0,0.0,0.0,800.0,0.8,1.0,0.0,0.0,0.0,0.0,0.0,0.0,1.0,0.713,1.0,minimize_generator,full_grid,False,5000.0,673.231,5000,inf
2012-04-25,810.115,224.467,1034.582,1153.241,275.2,1428.441,1034.582,393.859,0.0,0.0,0.0,393.859,0.0,0.0,0.0,0.0,800.0,0.8,1.0,0.0,0.0,0.0,0.0,0.0,0.0,1.0,0.724,1.0,minimize_generator,full_grid,False,5000.0,1067.09,5000,inf
2012-04-26,733.005,172.363,905.368,1159.759,329.12,1488.879,905.368,583.511,0.0,0.0,0.0,583.511,0.0,0.0,0.0,0.0,800.0,0.8,1.0,0.0,0.0,0.0,0.0,0.0,0.0,1.0,0.608,1.0,minimize_generator,full_grid,False,5000.0,1650.601,5000,inf
2012-04-27,815.71,122.218,937.928,1166.208,270.56,1436.768,937.928,498.84,0.0,0.0,0.0,498.84,0.0,0.0,0.0,0.0,800.0,0.8,1.0,0.0,0.0,0.0,0.0,0.0,0.0,1.0,0.653,1.0,minimize_generator,full_grid,False,5000.0,2149.442,5000,inf
2012-04-28,817.015,83.032,900.047,1147.781,204.4,1352.181,900.047,452.134,0.0,0.0,0.0,452.134,0.0,0.0,0.0,0.0,800.0,0.8,1.0,0.0,0.0,0.0,0.0,0.0,0.0,1.0,0.666,1.0,minimize_generator,full_grid,False,5000.0,2601.576,5000,inf
2012-04-29,737.295,59.532,796.827,1120.399,197.76,1318.159,796.827,521.332,0.0,0.0,0.0,521.332,0.0,0.0,0.0,0.0,800.0,0.8,1.0,0.0,0.0,0.0,0.0,0.0,0.0,1.0,0.605,1.0,minimize_generator,full_grid,False,5000.0,3122.907,5000,inf
2012-04-30,738.39,34.572,772.962,667.581,98.12,765.701,765.701,0.0,0.0,7.261,0.0,0.0,0.0,0.0,0.0,0.0,792.357,0.792,1.0,0.0,0.0,0.0,0.0,0.0,0.0,1.0,1.0,1.0,minimize_generator,full_grid,False,5000.0,3122.907,5000,inf
2012-05-01,812.34,1199.395,2011.735,963.826,262.16,1225.986,1225.986,0.0,0.0,562.739,223.009,0.0,0.0,0.0,0.0,0.0,200.0,0.2,1.0,0.0,0.0,10.568,0.0,0.0,10.568,0.889,1.0,0.889,minimize_generator,full_grid,False,223.009,0.0,5000,inf
2012-05-02,812.715,1173.678,1986.393,1015.389,243.36,1258.749,1258.749,0.0,0.0,0.0,727.644,0.0,0.0,0.0,0.0,0.0,200.0,0.2,1.0,0.0,0.0,34.514,0.0,0.0,34.514,0.634,1.0,0.634,minimize_generator,full_grid,False,950.653,0.0,5000,inf
2012-05-03,814.205,1155.236,1969.441,1145.781,115.76,1261.541,1261.541,0.0,0.0,0.0,707.9,0.0,0.0,0.0,0.0,0.0,200.0,0.2,1.0,0.0,0.0,33.601,0.0,0.0,33.601,0.641,1.0,0.641,minimize_generator,full_grid,False,1658.552,0.0,5000,inf
2012-05-04,890.22,1030.802,1921.022,865.033,13.4,878.433,878.433,0.0,0.0,0.0,1042.589,0.0,0.0,0.0,0.0,0.0,200.0,0.2,1.0,0.0,0.0,49.899,0.0,0.0,49.899,0.457,1.0,0.457,minimize_generator,full_grid,False,2701.141,0.0,5000,inf
2012-05-05,811.77,1187.635,1999.405,1130.246,28.0,1158.246,1158.246,0.0,0.0,0.0,841.159,0.0,0.0,0.0,0.0,0.0,200.0,0.2,1.0,0.0,0.0,39.877,0.0,0.0,39.877,0.579,1.0,0.579,minimize_generator,full_grid,False,3542.3,0.0,5000,inf
2012-05-06,809.73,1179.158,1988.888,1017.171,61.92,1079.091,1079.091,0.0,0.0,0.0,909.797,0.0,0.0,0.0,0.0,0.0,200.0,0.2,1.0,0.0,0.0,43.139,0.0,0.0,43.139,0.543,1.0,0.543,minimize_generator,full_grid,False,4452.098,0.0,5000,inf
2012-05-07,736.91,1173.734,1910.644,1191.63,247.12,1438.75,1438.75,0.0,0.0,0.0,471.894,0.0,0.0,0.0,0.0,0.0,200.0,0.2,1.0,0.0,0.0,22.296,0.0,0.0,22.296,0.753,1.0,0.753,minimize_generator,full_grid,False,4923.992,0.0,5000,inf
2012-05-08,810.675,1183.066,1993.741,1212.048,75.52,1287.568,1287.568,0.0,0.0,0.0,76.008,0.0,630.165,0.0,0.0,0.0,200.0,0.2,1.0,270.033,24.0,3.604,0.0,77.905,81.508,0.962,1.0,0.646,minimize_generator,full_grid,False,5000.0,0.0,5000,inf
2012-05-09,813.46,1085.565,1899.025,1172.042,81.8,1253.842,1253.842,0.0,0.0,0.0,0.0,0.0,645.183,0.0,0.0,0.0,200.0,0.2,1.0,273.037,24.0,0.0,0.0,78.771,78.771,1.0,1.0,0.66,minimize_generator,full_grid,False,5000.0,0.0,5000,inf
2012-05-10,891.14,1085.299,1976.439,1214.833,343.68,1558.513,1558.513,0.0,0.0,0.0,0.0,0.0,417.926,0.0,0.0,0.0,200.0,0.2,1.0,227.585,24.0,0.0,0.0,65.658,65.658,1.0,1.0,0.789,minimize_generator,full_grid,False,5000.0,0.0,5000,inf
2012-05-11,812.34,1004.398,1816.738,1218.566,239.56,1458.126,1458.126,0.0,0.0,0.0,0.0,0.0,358.612,0.0,0.0,0.0,200.0,0.2,1.0,215.167,23.907,0.0,0.0,62.076,62.076,1.0,1.0,0.803,minimize_generator,full_grid,False,5000.0,0.0,5000,inf
2012-05-12,815.325,911.267,1726.592,1180.245,129.24,1309.485,1309.485,0.0,0.0,0.0,0.0,0.0,417.107,0.0,0.0,0.0,200.0,0.2,1.0,227.421,24.0,0.0,0.0,65.611,65.611,1.0,1.0,0.758,minimize_generator,full_grid,False,5000.0,0.0,5000,inf
2012-05-13,814.765,760.134,1574.899,1178.993,364.32,1543.313,1543.313,0.0,58.414,0.0,0.0,0.0,31.586,58.414,0.0,0.0,255.493,0.255,0.783,54.0,6.0,0.0,0.0,15.579,15.579,1.0,1.0,0.98,minimize_generator,full_grid,False,5000.0,0.0,5000,inf
2012-05-14,890.045,635.952,1525.997,948.33,47.12,995.45,995.45,0.0,0.0,52.718,0.0,0.0,477.828,0.0,0.0,0.0,200.0,0.2,0.783,239.566,24.0,0.0,0.0,69.115,69.115,1.0,1.0,0.679,minimize_generator,full_grid,False,5000.0,0.0,5000,inf
2012-05-15,895.43,699.712,1595.142,1164.164,345.36,1509.524,1509.524,0.0,4.382,0.0,0.0,0.0,85.618,4.382,0.0,0.0,204.163,0.204,0.767,54.0,6.0,0.0,0.0,15.579,15.579,1.0,1.0,0.946,minimize_generator,full_grid,False,5000.0,0.0,5000,inf
2012-05-16,813.635,677.297,1490.932,1196.637,209.16,1405.797,1405.797,0.0,8.819,3.954,0.0,0.0,81.181,8.819,0.0,0.0,208.378,0.208,0.736,54.0,6.0,0.0,0.0,15.579,15.579,1.0,1.0,0.945,minimize_generator,full_grid,False,5000.0,0.0,5000,inf
2012-05-17,814.02,600.05,1414.07,1185.374,135.32,1320.694,1320.694,0.0,4.583,7.959,0.0,0.0,85.417,4.583,0.0,0.0,204.354,0.204,0.72,54.0,6.0,0.0,0.0,15.579,15.579,1.0,1.0,0.938,minimize_generator,full_grid,False,5000.0,0.0,5000,inf
2012-05-18,890.58,524.803,1415.383,1140.374,217.72,1358.094,1358.094,0.0,36.847,4.136,0.0,0.0,53.153,36.847,0.0,0.0,235.005,0.235,0.613,54.0,6.0,0.0,0.0,15.579,15.579,1.0,1.0,0.962,minimize_generator,full_grid,False,5000.0,0.0,5000,inf
2012-05-19,889.66,326.857,1216.517,1194.313,347.88,1542.193,1216.517,325.676,325.676,0.0,0.0,0.0,0.0,0.0,0.0,0.0,544.397,0.544,0.833,0.0,0.0,0.0,0.0,0.0,0.0,1.0,1.0,1.0,minimize_generator,full_grid,False,5000.0,0.0,5000,inf
2012-05-20,894.135,401.106,1295.241,1205.912,367.56,1573.472,1295.241,278.231,269.056,0.0,0.0,9.176,0.0,0.0,0.0,0.0,800.0,0.8,0.886,0.0,0.0,0.0,0.0,0.0,0.0,1.0,0.994,1.0,minimize_generator,full_grid,False,5000.0,9.176,5000,inf
2012-05-21,889.66,340.896,1230.556,1213.612,373.16,1586.772,1230.556,356.216,0.0,0.0,0.0,356.216,0.0,0.0,0.0,0.0,800.0,0.8,0.886,0.0,0.0,0.0,0.0,0.0,0.0,1.0,0.776,1.0,minimize_generator,full_grid,False,5000.0,365.392,5000,inf
2012-05-22,815.885,205.081,1020.966,1000.685,180.8,1181.485,1020.966,160.519,0.0,0.0,0.0,160.519,0.0,0.0,0.0,0.0,800.0,0.8,0.886,0.0,0.0,0.0,0.0,0.0,0.0,1.0,0.864,1.0,minimize_generator,full_grid,False,5000.0,525.911,5000,inf
2012-05-23,890.22,189.031,1079.251,1117.945,223.4,1341.345,1079.251,262.094,0.0,0.0,0.0,262.094,0.0,0.0,0.0,0.0,800.0,0.8,0.886,0.0,0.0,0.0,0.0,0.0,0.0,1.0,0.805,1.0,minimize_generator,full_grid,False,5000.0,788.005,5000,inf
2012-05-24,892.445,168.552,1060.997,1131.29,359.44,1490.73,1060.997,429.733,0.0,0.0,0.0,429.733,0.0,0.0,0.0,0.0,800.0,0.8,0.886,0.0,0.0,0.0,0.0,0.0,0.0,1.0,0.712,1.0,minimize_generator,full_grid,False,5000.0,1217.738,5000,inf
2012-05-25,891.7,149.721,1041.421,1000.075,220.56,1220.635,1041.421,179.214,0.0,0.0,0.0,179.214,0.0,0.0,0.0,0.0,800.0,0.8,0.886,0.0,0.0,0.0,0.0,0.0,0.0,1.0,0.853,1.0,minimize_generator,full_grid,False,5000.0,1396.952,5000,inf
2012-05-26,890.78,127.556,1018.336,815.144,249.96,1065.104,1018.336,46.768,0.0,0.0,0.0,46.768,0.0,0.0,0.0,0.0,800.0,0.8,0.886,0.0,0.0,0.0,0.0,0.0,0.0,1.0,0.956,1.0,minimize_generator,full_grid,False,5000.0,1443.72,5000,inf
2012-05-27,893.005,63.93,956.935,504.831,228.16,732.991,732.991,0.0,0.0,223.944,0.0,0.0,0.0,0.0,0.0,0.0,564.27,0.564,0.886,0.0,0.0,0.0,0.0,0.0,0.0,1.0,1.0,0.973,minimize_generator,full_grid,False,5000.0,1443.72,5000,inf
2012-05-28,893.775,107.291,1001.066,1109.945,1.52,1111.465,1001.066,110.399,110.399,0.0,0.0,0.0,0.0,0.0,0.0,0.0,669.149,0.669,0.904,0.0,0.0,0.0,0.0,0.0,0.0,1.0,1.0,1.0,minimize_generator,full_grid,False,5000.0,1443.72,5000,inf
2012-05-29,894.695,85.064,979.759,1079.487,203.48,1282.967,979.759,303.208,137.738,0.0,0.0,165.47,0.0,0.0,0.0,0.0,800.0,0.8,0.92,0.0,0.0,0.0,0.0,0.0,0.0,1.0,0.871,1.0,minimize_generator,full_grid,False,5000.0,1609.19,5000,inf
2012-05-30,892.27,61.567,953.837,1144.108,459.32,1603.428,953.837,649.591,0.0,0.0,0.0,649.591,0.0,0.0,0.0,0.0,800.0,0.8,0.92,0.0,0.0,0.0,0.0,0.0,0.0,1.0,0.595,1.0,minimize_generator,full_grid,False,5000.0,2258.781,5000,inf
2012-05-31,818.88,42.8,861.68,1170.977,311.56,1482.537,861.68,620.857,0.0,0.0,0.0,620.857,0.0,0.0,0.0,0.0,800.0,0.8,0.92,0.0,0.0,0.0,0.0,0.0,0.0,1.0,0.581,1.0,minimize_generator,full_grid,False,5000.0,2879.638,5000,inf
2012-06-01,890.78,886.098,1776.878,1194.68,190.2,1384.88,1384.88,0.0,0.0,391.998,0.0,0.0,0.0,0.0,0.0,0.0,387.37,0.387,0.92,0.0,0.0,0.0,0.0,0.0,0.0,1.0,1.0,0.982,minimize_generator,full_grid,False,0.0,0.0,5000,inf
2012-06-02,894.87,916.158,1811.028,1183.018,230.08,1413.098,1413.098,0.0,0.0,178.002,219.928,0.0,0.0,0.0,0.0,0.0,200.0,0.2,0.92,0.0,0.0,10.744,0.0,0.0,10.744,0.879,1.0,0.871,minimize_generator,full_grid,False,219.928,0.0,5000,inf
2012-06-03,817.015,924.162,1741.177,1178.455,145.96,1324.415,1324.415,0.0,0.0,0.0,416.762,0.0,0.0,0.0,0.0,0.0,200.0,0.2,0.92,0.0,0.0,20.272,0.0,0.0,20.272,0.761,1.0,0.761,minimize_generator,full_grid,False,636.691,0.0,5000,inf
2012-06-04,892.27,863.149,1755.419,1168.943,481.56,1650.503,1650.503,0.0,0.0,0.0,104.916,0.0,0.0,0.0,0.0,0.0,200.0,0.2,0.92,0.0,0.0,5.138,0.0,0.0,5.138,0.94,1.0,0.94,minimize_generator,full_grid,False,741.606,0.0,5000,inf
2012-06-05,889.66,844.381,1734.041,1263.9,465.12,1729.02,1729.02,0.0,0.0,0.0,5.021,0.0,0.0,0.0,0.0,0.0,200.0,0.2,0.92,0.0,0.0,0.246,0.0,0.0,0.246,0.997,1.0,0.997,minimize_generator,full_grid,False,746.628,0.0,5000,inf
2012-06-06,891.35,900.922,1792.272,1248.538,365.16,1613.698,1613.698,0.0,0.0,0.0,178.574,0.0,0.0,0.0,0.0,0.0,200.0,0.2,0.92,0.0,0.0,8.728,0.0,0.0,8.728,0.9,1.0,0.9,minimize_generator,full_grid,False,925.202,0.0,5000,inf
2012-06-07,896.175,892.821,1788.996,1225.58,235.76,1461.34,1461.34,0.0,0.0,0.0,327.656,0.0,0.0,0.0,0.0,0.0,200.0,0.2,0.92,0.0,0.0,16.025,0.0,0.0,16.025,0.817,1.0,0.817,minimize_generator,full_grid,False,1252.857,0.0,5000,inf
2012-06-08,892.445,772.955,1665.4,1223.401,103.6,1327.001,1327.001,0.0,0.0,0.0,338.399,0.0,0.0,0.0,0.0,0.0,200.0,0.2,0.92,0.0,0.0,16.65,0.0,0.0,16.65,0.797,1.0,0.797,minimize_generator,full_grid,False,1591.256,0.0,5000,inf
2012-06-09,892.085,793.653,1685.738,1224.748,163.16,1387.908,1387.908,0.0,0.0,0.0,297.83,0.0,0.0,0.0,0.0,0.0,200.0,0.2,0.92,0.0,0.0,14.637,0.0,0.0,14.637,0.823,1.0,0.823,minimize_generator,full_grid,False,1889.086,0.0,5000,inf
2012-06-10,816.445,752.729,1569.174,1205.807,147.72,1353.527,1353.527,0.0,0.0,0.0,215.647,0.0,0.0,0.0,0.0,0.0,200.0,0.2,0.92,0.0,0.0,10.582,0.0,0.0,10.582,0.863,1.0,0.863,minimize_generator,full_grid,False,2104.733,0.0,5000,inf
2012-06-11,895.08,800.039,1695.119,1209.865,343.68,1553.545,1553.545,0.0,0.0,0.0,141.574,0.0,0.0,0.0,0.0,0.0,200.0,0.2,0.92,0.0,0.0,6.956,0.0,0.0,6.956,0.916,1.0,0.916,minimize_generator,full_grid,False,2246.307,0.0,5000,inf
2012-06-12,894.87,698.017,1592.887,1214.002,398.52,1612.522,1592.887,19.635,19.635,0.0,0.0,0.0,0.0,0.0,0.0,0.0,218.654,0.219,0.927,0.0,0.0,0.0,0.0,0.0,0.0,1.0,1.0,1.0,minimize_generator,full_grid,False,2246.307,0.0,5000,inf
2012-06-13,900.675,702.418,1603.093,1205.081,350.36,1555.441,1555.441,0.0,0.0,17.721,29.931,0.0,0.0,0.0,0.0,0.0,200.0,0.2,0.927,0.0,0.0,1.479,0.0,0.0,1.479,0.981,1.0,0.981,minimize_generator,full_grid,False,2276.238,0.0,5000,inf
2012-06-14,891.7,681.864,1573.564,1161.091,338.56,1499.651,1499.651,0.0,0.0,0.0,73.913,0.0,0.0,0.0,0.0,0.0,200.0,0.2,0.927,0.0,0.0,3.656,0.0,0.0,3.656,0.953,1.0,0.953,minimize_generator,full_grid,False,2350.151,0.0,5000,inf
2012-06-15,893.775,594.591,1488.366,1191.919,52.56,1244.479,1244.479,0.0,0.0,0.0,243.887,0.0,0.0,0.0,0.0,0.0,200.0,0.2,0.927,0.0,0.0,12.132,0.0,0.0,12.132,0.836,1.0,0.836,minimize_generator,full_grid,False,2594.039,0.0,5000,inf
2012-06-16,893.95,615.315,1509.265,1207.287,61.32,1268.607,1268.607,0.0,0.0,0.0,240.658,0.0,0.0,0.0,0.0,0.0,200.0,0.2,0.927,0.0,0.0,11.955,0.0,0.0,11.955,0.841,1.0,0.841,minimize_generator,full_grid,False,2834.697,0.0,5000,inf
2012-06-17,899.16,644.813,1543.973,1179.696,190.2,1369.896,1369.896,0.0,0.0,0.0,174.077,0.0,0.0,0.0,0.0,0.0,200.0,0.2,0.927,0.0,0.0,8.633,0.0,0.0,8.633,0.887,1.0,0.887,minimize_generator,full_grid,False,3008.774,0.0,5000,inf
2012-06-18,893.005,605.914,1498.919,1165.682,354.52,1520.202,1498.919,21.283,21.283,0.0,0.0,0.0,0.0,0.0,0.0,0.0,220.219,0.22,0.933,0.0,0.0,0.0,0.0,0.0,0.0,1.0,1.0,1.0,minimize_generator,full_grid,False,3008.774,0.0,5000,inf
2012-06-19,894.51,534.984,1429.494,1165.164,396.28,1561.444,1429.494,131.95,131.95,0.0,0.0,0.0,0.0,0.0,0.0,0.0,345.572,0.346,0.958,0.0,0.0,0.0,0.0,0.0,0.0,1.0,1.0,1.0,minimize_generator,full_grid,False,3008.774,0.0,5000,inf
2012-06-20,896.0,538.264,1434.264,1191.099,353.68,1544.779,1434.264,110.515,110.515,0.0,0.0,0.0,0.0,0.0,0.0,0.0,450.562,0.451,0.967,0.0,0.0,0.0,0.0,0.0,0.0,1.0,1.0,1.0,minimize_generator,full_grid,False,3008.774,0.0,5000,inf
2012-06-21,894.51,471.181,1365.691,1199.346,25.72,1225.066,1225.066,0.0,0.0,140.625,0.0,0.0,0.0,0.0,0.0,0.0,302.536,0.303,0.967,0.0,0.0,0.0,0.0,0.0,0.0,1.0,1.0,0.997,minimize_generator,full_grid,False,3008.774,0.0,5000,inf
2012-06-22,892.27,458.688,1350.958,1177.355,69.52,1246.875,1246.875,0.0,0.0,97.409,6.674,0.0,0.0,0.0,0.0,0.0,200.0,0.2,0.967,0.0,0.0,0.335,0.0,0.0,0.335,0.995,1.0,0.993,minimize_generator,full_grid,False,3015.447,0.0,5000,inf
2012-06-23,894.87,440.169,1335.039,1158.93,27.6,1186.53,1186.53,0.0,0.0,0.0,148.509,0.0,0.0,0.0,0.0,0.0,200.0,0.2,0.967,0.0,0.0,7.475,0.0,0.0,7.475,0.889,1.0,0.889,minimize_generator,full_grid,False,3163.956,0.0,5000,inf
2012-06-24,898.24,439.945,1338.185,1173.968,222.48,1396.448,1338.185,58.263,58.263,0.0,0.0,0.0,0.0,0.0,0.0,0.0,255.35,0.255,0.975,0.0,0.0,0.0,0.0,0.0,0.0,1.0,1.0,1.0,minimize_generator,full_grid,False,3163.956,0.0,5000,inf
2012-06-25,890.405,419.99,1310.395,1205.107,299.92,1505.027,1310.395,194.632,194.632,0.0,0.0,0.0,0.0,0.0,0.0,0.0,440.251,0.44,0.985,0.0,0.0,0.0,0.0,0.0,0.0,1.0,1.0,1.0,minimize_generator,full_grid,False,3163.956,0.0,5000,inf
2012-06-26,894.87,421.143,1316.013,1183.95,268.72,1452.67,1316.013,136.657,136.657,0.0,0.0,0.0,0.0,0.0,0.0,0.0,570.075,0.57,0.989,0.0,0.0,0.0,0.0,0.0,0.0,1.0,1.0,1.0,minimize_generator,full_grid,False,3163.956,0.0,5000,inf
2012-06-27,891.91,389.008,1280.918,1200.854,333.44,1534.294,1280.918,253.376,242.026,0.0,0.0,11.35,0.0,0.0,0.0,0.0,800.0,0.8,0.992,0.0,0.0,0.0,0.0,0.0,0.0,1.0,0.993,1.0,minimize_generator,full_grid,False,3163.956,11.35,5000,inf
2012-06-28,898.985,110.043,1009.028,1210.992,350.36,1561.352,1009.028,552.324,0.0,0.0,0.0,552.324,0.0,0.0,0.0,0.0,800.0,0.8,0.992,0.0,0.0,0.0,0.0,0.0,0.0,1.0,0.646,1.0,minimize_generator,full_grid,False,3163.956,563.674,5000,inf
2012-06-29,818.495,12.887,831.382,1184.456,192.12,1376.576,831.382,545.194,0.0,0.0,0.0,545.194,0.0,0.0,0.0,0.0,800.0,0.8,0.992,0.0,0.0,0.0,0.0,0.0,0.0,1.0,0.604,1.0,minimize_generator,full_grid,False,3163.956,1108.868,5000,inf
2012-06-30,892.645,14.527,907.172,1142.394,111.64,1254.034,907.172,346.862,0.0,0.0,0.0,346.862,0.0,0.0,0.0,0.0,800.0,0.8,0.992,0.0,0.0,0.0,0.0,0.0,0.0,1.0,0.723,1.0,minimize_generator,full_grid,False,3163.956,1455.73,5000,inf
2012-07-01,896.375,21.137,917.512,1132.32,100.44,1232.76,917.512,315.248,0.0,0.0,0.0,315.248,0.0,0.0,0.0,0.0,800.0,0.8,0.992,0.0,0.0,0.0,0.0,0.0,0.0,1.0,0.744,1.0,minimize_generator,full_grid,False,0.0,315.248,5000,inf
2012-07-02,900.85,38.157,939.007,1135.315,247.12,1382.435,939.007,443.428,0.0,0.0,0.0,443.428,0.0,0.0,0.0,0.0,800.0,0.8,0.992,0.0,0.0,0.0,0.0,0.0,0.0,1.0,0.679,1.0,minimize_generator,full_grid,False,0.0,758.676,5000,inf
2012-07-03,894.695,38.944,933.639,1198.263,274.28,1472.543,933.639,538.904,0.0,0.0,0.0,538.904,0.0,0.0,0.0,0.0,800.0,0.8,0.992,0.0,0.0,0.0,0.0,0.0,0.0,1.0,0.634,1.0,minimize_generator,full_grid,False,0.0,1297.58,5000,inf
2012-07-04,893.005,37.947,930.952,1213.354,340.28,1553.634,930.952,622.682,0.0,0.0,0.0,622.682,0.0,0.0,0.0,0.0,800.0,0.8,0.992,0.0,0.0,0.0,0.0,0.0,0.0,1.0,0.599,1.0,minimize_generator,full_grid,False,0.0,1920.262,5000,inf
2012-07-05,902.155,37.887,940.042,1221.838,279.84,1501.678,940.042,561.636,0.0,0.0,0.0,561.636,0.0,0.0,0.0,0.0,800.0,0.8,0.992,0.0,0.0,0.0,0.0,0.0,0.0,1.0,0.626,1.0,minimize_generator,full_grid,False,0.0,2481.898,5000,inf
2012-07-06,889.835,36.624,926.459,1199.227,231.0,1430.227,926.459,503.768,0.0,0.0,0.0,503.768,0.0,0.0,0.0,0.0,800.0,0.8,0.992,0.0,0.0,0.0,0.0,0.0,0.0,1.0,0.648,1.0,minimize_generator,full_grid,False,0.0,2985.667,5000,inf
2012-07-07,816.445,34.943,851.388,1160.077,257.48,1417.557,851.388,566.169,0.0,0.0,0.0,566.169,0.0,0.0,0.0,0.0,800.0,0.8,0.992,0.0,0.0,0.0,0.0,0.0,0.0,1.0,0.601,1.0,minimize_generator,full_grid,False,0.0,3551.835,5000,inf
2012-07-08,896.945,34.31,931.255,1191.462,345.36,1536.822,931.255,605.567,0.0,0.0,0.0,605.567,0.0,0.0,0.0,0.0,800.0,0.8,0.992,0.0,0.0,0.0,0.0,0.0,0.0,1.0,0.606,1.0,minimize_generator,full_grid,False,0.0,4157.403,5000,inf
2012-07-09,893.39,34.889,928.279,1173.496,188.32,1361.816,928.279,433.537,0.0,0.0,0.0,433.537,0.0,0.0,0.0,0.0,800.0,0.8,0.992,0.0,0.0,0.0,0.0,0.0,0.0,1.0,0.682,1.0,minimize_generator,full_grid,False,0.0,4590.94,5000,inf
2012-07-10,891.525,35.341,926.866,1152.795,11.28,1164.075,926.866,237.209,0.0,0.0,0.0,237.209,0.0,0.0,0.0,0.0,800.0,0.8,0.992,0.0,0.0,0.0,0.0,0.0,0.0,1.0,0.796,1.0,minimize_generator,full_grid,False,0.0,4828.149,5000,inf
2012-07-11,898.04,35.016,933.056,1150.866,239.56,1390.426,933.056,457.37,0.0,0.0,0.0,457.37,0.0,0.0,0.0,0.0,800.0,0.8,0.992,0.0,0.0,0.0,0.0,0.0,0.0,1.0,0.671,1.0,minimize_generator,full_grid,False,0.0,5285.52,5000,inf
2012-07-12,896.375,34.933,931.308,1139.643,300.84,1440.483,931.308,509.175,0.0,0.0,0.0,509.175,0.0,0.0,0.0,0.0,800.0,0.8,0.992,0.0,0.0,0.0,0.0,0.0,0.0,1.0,0.647,1.0,minimize_generator,full_grid,False,0.0,5794.695,5000,inf
2012-07-13,893.39,37.084,930.474,1125.033,19.28,1144.313,930.474,213.839,0.0,0.0,0.0,213.839,0.0,0.0,0.0,0.0,800.0,0.8,0.992,0.0,0.0,0.0,0.0,0.0,0.0,1.0,0.813,1.0,minimize_generator,full_grid,False,0.0,6008.534,5000,inf
2012-07-14,890.78,38.952,929.732,1130.47,37.28,1167.75,929.732,238.018,0.0,0.0,0.0,238.018,0.0,0.0,0.0,0.0,800.0,0.8,0.992,0.0,0.0,0.0,0.0,0.0,0.0,1.0,0.796,1.0,minimize_generator,full_grid,False,0.0,6246.552,5000,inf
2012-07-15,898.81,40.062,938.872,1129.745,154.04,1283.785,938.872,344.913,0.0,0.0,0.0,344.913,0.0,0.0,0.0,0.0,800.0,0.8,0.992,0.0,0.0,0.0,0.0,0.0,0.0,1.0,0.731,1.0,minimize_generator,full_grid,False,0.0,6591.464,5000,inf
2012-07-16,897.865,40.805,938.67,1135.37,240.52,1375.89,938.67,437.22,0.0,0.0,0.0,437.22,0.0,0.0,0.0,0.0,800.0,0.8,0.992,0.0,0.0,0.0,0.0,0.0,0.0,1.0,0.682,1.0,minimize_generator,full_grid,False,0.0,7028.685,5000,inf
2012-07-17,895.08,41.741,936.821,1134.985,274.28,1409.265,936.821,472.444,0.0,0.0,0.0,472.444,0.0,0.0,0.0,0.0,800.0,0.8,0.992,0.0,0.0,0.0,0.0,0.0,0.0,1.0,0.665,1.0,minimize_generator,full_grid,False,0.0,7501.129,5000,inf
2012-07-18,902.33,41.26,943.59,1125.687,223.4,1349.087,943.59,405.497,0.0,0.0,0.0,405.497,0.0,0.0,0.0,0.0,800.0,0.8,0.992,0.0,0.0,0.0,0.0,0.0,0.0,1.0,0.699,1.0,minimize_generator,full_grid,False,0.0,7906.626,5000,inf
2012-07-19,891.525,39.826,931.351,1130.5,252.8,1383.3,931.351,451.949,0.0,0.0,0.0,451.949,0.0,0.0,0.0,0.0,800.0,0.8,0.992,0.0,0.0,0.0,0.0,0.0,0.0,1.0,0.673,1.0,minimize_generator,full_grid,False,0.0,8358.575,5000,inf
2012-07-20,889.66,37.088,926.748,1132.358,381.8,1514.158,926.748,587.41,0.0,0.0,0.0,587.41,0.0,0.0,0.0,0.0,800.0,0.8,0.992,0.0,0.0,0.0,0.0,0.0,0.0,1.0,0.612,1.0,minimize_generator,full_grid,False,0.0,8945.984,5000,inf
2012-07-21,892.83,26.51,919.34,1153.99,448.4,1602.39,919.34,683.05,0.0,0.0,0.0,683.05,0.0,0.0,0.0,0.0,800.0,0.8,0.992,0.0,0.0,0.0,0.0,0.0,0.0,1.0,0.574,1.0,minimize_generator,full_grid,False,0.0,9629.035,5000,inf
2012-07-22,895.255,12.996,908.251,1150.606,373.96,1524.566,908.251,616.315,0.0,0.0,0.0,616.315,0.0,0.0,0.0,0.0,800.0,0.8,0.992,0.0,0.0,0.0,0.0,0.0,0.0,1.0,0.596,1.0,minimize_generator,full_grid,False,0.0,10245.35,5000,inf
2012-07-23,896.175,12.069,908.244,1122.756,174.28,1297.036,908.244,388.792,0.0,0.0,0.0,388.792,0.0,0.0,0.0,0.0,800.0,0.8,0.992,0.0,0.0,0.0,0.0,0.0,0.0,1.0,0.7,1.0,minimize_generator,full_grid,False,0.0,10634.142,5000,inf
2012-07-24,894.31,14.162,908.472,1084.539,336.88,1421.419,908.472,512.947,0.0,0.0,0.0,512.947,0.0,0.0,0.0,0.0,800.0,0.8,0.992,0.0,0.0,0.0,0.0,0.0,0.0,1.0,0.639,1.0,minimize_generator,full_grid,False,0.0,11147.089,5000,inf
2012-07-25,896.56,13.306,909.866,1080.641,329.12,1409.761,909.866,499.895,0.0,0.0,0.0,499.895,0.0,0.0,0.0,0.0,800.0,0.8,0.992,0.0,0.0,0.0,0.0,0.0,0.0,1.0,0.645,1.0,minimize_generator,full_grid,False,0.0,11646.984,5000,inf
2012-07-26,890.58,12.854,903.434,1056.232,384.12,1440.352,903.434,536.918,0.0,0.0,0.0,536.918,0.0,0.0,0.0,0.0,800.0,0.8,0.992,0.0,0.0,0.0,0.0,0.0,0.0,1.0,0.627,1.0,minimize_generator,full_grid,False,0.0,12183.903,5000,inf
2012-07-27,900.465,12.782,913.247,1091.358,396.28,1487.638,913.247,574.391,0.0,0.0,0.0,574.391,0.0,0.0,0.0,0.0,800.0,0.8,0.992,0.0,0.0,0.0,0.0,0.0,0.0,1.0,0.614,1.0,minimize_generator,full_grid,False,0.0,12758.294,5000,inf
2012-07-28,894.695,12.474,907.169,1083.516,436.28,1519.796,907.169,612.627,0.0,0.0,0.0,612.627,0.0,0.0,0.0,0.0,800.0,0.8,0.992,0.0,0.0,0.0,0.0,0.0,0.0,1.0,0.597,1.0,minimize_generator,full_grid,False,0.0,13370.92,5000,inf
2012-07-29,899.16,11.904,911.064,1126.379,426.28,1552.659,911.064,641.595,0.0,0.0,0.0,641.595,0.0,0.0,0.0,0.0,800.0,0.8,0.992,0.0,0.0,0.0,0.0,0.0,0.0,1.0,0.587,1.0,minimize_generator,full_grid,False,0.0,14012.515,5000,inf
2012-07-30,896.175,11.191,907.366,1160.055,185.52,1345.575,907.366,438.209,0.0,0.0,0.0,438.209,0.0,0.0,0.0,0.0,800.0,0.8,0.992,0.0,0.0,0.0,0.0,0.0,0.0,1.0,0.674,1.0,minimize_generator,full_grid,False,0.0,14450.725,5000,inf
2012-07-31,896.56,10.145,906.705,1110.212,24.28,1134.492,906.705,227.787,0.0,0.0,0.0,227.787,0.0,0.0,0.0,0.0,800.0,0.8,0.992,0.0,0.0,0.0,0.0,0.0,0.0,1.0,0.799,1.0,minimize_generator,full_grid,False,0.0,14678.511,5000,inf
2012-08-01,896.945,9.0,905.945,1101.424,1.32,1102.744,905.945,196.799,0.0,0.0,0.0,196.799,0.0,0.0,0.0,0.0,800.0,0.8,0.992,0.0,0.0,0.0,0.0,0.0,0.0,1.0,0.822,1.0,minimize_generator,full_grid,False,0.0,196.799,5000,inf
2012-08-02,896.375,10.711,907.086,1075.151,317.76,1392.911,907.086,485.825,0.0,0.0,0.0,485.825,0.0,0.0,0.0,0.0,800.0,0.8,0.992,0.0,0.0,0.0,0.0,0.0,0.0,1.0,0.651,1.0,minimize_generator,full_grid,False,0.0,682.625,5000,inf
2012-08-03,896.945,12.678,909.623,1086.854,483.12,1569.974,909.623,660.351,0.0,0.0,0.0,660.351,0.0,0.0,0.0,0.0,800.0,0.8,0.992,0.0,0.0,0.0,0.0,0.0,0.0,1.0,0.579,1.0,minimize_generator,full_grid,False,0.0,1342.975,5000,inf
2012-08-04,899.37,12.192,911.562,1137.184,491.12,1628.304,911.562,716.742,0.0,0.0,0.0,716.742,0.0,0.0,0.0,0.0,800.0,0.8,0.992,0.0,0.0,0.0,0.0,0.0,0.0,1.0,0.56,1.0,minimize_generator,full_grid,False,0.0,2059.717,5000,inf
2012-08-05,895.08,10.944,906.024,1150.059,442.08,1592.139,906.024,686.115,0.0,0.0,0.0,686.115,0.0,0.0,0.0,0.0,800.0,0.8,0.992,0.0,0.0,0.0,0.0,0.0,0.0,1.0,0.569,1.0,minimize_generator,full_grid,False,0.0,2745.833,5000,inf
2012-08-06,896.945,11.196,908.141,1135.563,315.12,1450.683,908.141,542.542,0.0,0.0,0.0,542.542,0.0,0.0,0.0,0.0,800.0,0.8,0.992,0.0,0.0,0.0,0.0,0.0,0.0,1.0,0.626,1.0,minimize_generator,full_grid,False,0.0,3288.375,5000,inf
2012-08-07,893.775,9.114,902.889,1096.8,72.16,1168.96,902.889,266.071,0.0,0.0,0.0,266.071,0.0,0.0,0.0,0.0,800.0,0.8,0.992,0.0,0.0,0.0,0.0,0.0,0.0,1.0,0.772,1.0,minimize_generator,full_grid,False,0.0,3554.446,5000,inf
2012-08-08,899.37,8.028,907.398,1090.852,7.84,1098.692,907.398,191.294,0.0,0.0,0.0,191.294,0.0,0.0,0.0,0.0,800.0,0.8,0.992,0.0,0.0,0.0,0.0,0.0,0.0,1.0,0.826,1.0,minimize_generator,full_grid,False,0.0,3745.74,5000,inf
2012-08-09,891.35,8.861,900.211,1097.697,93.52,1191.217,900.211,291.006,0.0,0.0,0.0,291.006,0.0,0.0,0.0,0.0,800.0,0.8,0.992,0.0,0.0,0.0,0.0,0.0,0.0,1.0,0.756,1.0,minimize_generator,full_grid,False,0.0,4036.746,5000,inf
2012-08-10,900.465,8.767,909.232,1077.892,173.36,1251.252,909.232,342.02,0.0,0.0,0.0,342.02,0.0,0.0,0.0,0.0,800.0,0.8,0.992,0.0,0.0,0.0,0.0,0.0,0.0,1.0,0.727,1.0,minimize_generator,full_grid,False,0.0,4378.766,5000,inf
2012-08-11,893.39,8.861,902.251,1094.349,185.52,1279.869,902.251,377.618,0.0,0.0,0.0,377.618,0.0,0.0,0.0,0.0,800.0,0.8,0.992,0.0,0.0,0.0,0.0,0.0,0.0,1.0,0.705,1.0,minimize_generator,full_grid,False,0.0,4756.384,5000,inf
2012-08-12,817.575,8.532,826.107,1101.612,152.24,1253.852,826.107,427.745,0.0,0.0,0.0,427.745,0.0,0.0,0.0,0.0,800.0,0.8,0.992,0.0,0.0,0.0,0.0,0.0,0.0,1.0,0.659,1.0,minimize_generator,full_grid,False,0.0,5184.129,5000,inf
2012-08-13,893.775,0.63,894.405,1123.36,110.0,1233.36,894.405,338.955,0.0,0.0,0.0,338.955,0.0,0.0,0.0,0.0,800.0,0.8,0.992,0.0,0.0,0.0,0.0,0.0,0.0,1.0,0.725,1.0,minimize_generator,full_grid,False,0.0,5523.084,5000,inf
2012-08-14,890.58,0.0,890.58,1089.855,220.56,1310.415,890.58,419.835,0.0,0.0,0.0,419.835,0.0,0.0,0.0,0.0,800.0,0.8,0.992,0.0,0.0,0.0,0.0,0.0,0.0,1.0,0.68,1.0,minimize_generator,full_grid,False,0.0,5942.919,5000,inf
2012-08-15,896.175,0.0,896.175,1080.04,399.28,1479.32,896.175,583.145,0.0,0.0,0.0,583.145,0.0,0.0,0.0,0.0,800.0,0.8,0.992,0.0,0.0,0.0,0.0,0.0,0.0,1.0,0.606,1.0,minimize_generator,full_grid,False,0.0,6526.065,5000,inf
2012-08-16,890.405,0.0,890.405,1091.391,372.36,1463.751,890.405,573.346,0.0,0.0,0.0,573.346,0.0,0.0,0.0,0.0,800.0,0.8,0.992,0.0,0.0,0.0,0.0,0.0,0.0,1.0,0.608,1.0,minimize_generator,full_grid,False,0.0,7099.41,5000,inf
2012-08-17,890.965,0.0,890.965,1082.563,274.28,1356.843,890.965,465.878,0.0,0.0,0.0,465.878,0.0,0.0,0.0,0.0,800.0,0.8,0.992,0.0,0.0,0.0,0.0,0.0,0.0,1.0,0.657,1.0,minimize_generator,full_grid,False,0.0,7565.289,5000,inf
2012-08-18,814.765,0.0,814.765,1064.717,184.56,1249.277,814.765,434.512,0.0,0.0,0.0,434.512,0.0,0.0,0.0,0.0,800.0,0.8,0.992,0.0,0.0,0.0,0.0,0.0,0.0,1.0,0.652,1.0,minimize_generator,full_grid,False,0.0,7999.801,5000,inf
2012-08-19,890.58,0.0,890.58,1053.306,231.96,1285.266,890.58,394.686,0.0,0.0,0.0,394.686,0.0,0.0,0.0,0.0,800.0,0.8,0.992,0.0,0.0,0.0,0.0,0.0,0.0,1.0,0.693,1.0,minimize_generator,full_grid,False,0.0,8394.487,5000,inf
2012-08-20,812.54,0.0,812.54,1073.675,270.56,1344.235,812.54,531.695,0.0,0.0,0.0,531.695,0.0,0.0,0.0,0.0,800.0,0.8,0.992,0.0,0.0,0.0,0.0,0.0,0.0,1.0,0.604,1.0,minimize_generator,full_grid,False,0.0,8926.182,5000,inf
2012-08-21,815.5,0.0,815.5,1071.675,299.92,1371.595,815.5,556.095,0.0,0.0,0.0,556.095,0.0,0.0,0.0,0.0,800.0,0.8,0.992,0.0,0.0,0.0,0.0,0.0,0.0,1.0,0.595,1.0,minimize_generator,full_grid,False,0.0,9482.277,5000,inf
2012-08-22,894.51,0.0,894.51,1069.522,336.88,1406.402,894.51,511.892,0.0,0.0,0.0,511.892,0.0,0.0,0.0,0.0,800.0,0.8,0.992,0.0,0.0,0.0,0.0,0.0,0.0,1.0,0.636,1.0,minimize_generator,full_grid,False,0.0,9994.169,5000,inf
2012-08-23,894.51,0.0,894.51,1068.891,361.92,1430.811,894.51,536.301,0.0,0.0,0.0,536.301,0.0,0.0,0.0,0.0,800.0,0.8,0.992,0.0,0.0,0.0,0.0,0.0,0.0,1.0,0.625,1.0,minimize_generator,full_grid,False,0.0,10530.47,5000,inf
2012-08-24,893.005,0.0,893.005,1069.208,292.68,1361.888,893.005,468.883,0.0,0.0,0.0,468.883,0.0,0.0,0.0,0.0,800.0,0.8,0.992,0.0,0.0,0.0,0.0,0.0,0.0,1.0,0.656,1.0,minimize_generator,full_grid,False,0.0,10999.353,5000,inf
2012-08-25,817.015,0.0,817.015,1062.159,303.52,1365.679,817.015,548.664,0.0,0.0,0.0,548.664,0.0,0.0,0.0,0.0,800.0,0.8,0.992,0.0,0.0,0.0,0.0,0.0,0.0,1.0,0.598,1.0,minimize_generator,full_grid,False,0.0,11548.017,5000,inf
2012-08-26,890.78,0.0,890.78,1061.227,315.12,1376.347,890.78,485.567,0.0,0.0,0.0,485.567,0.0,0.0,0.0,0.0,800.0,0.8,0.992,0.0,0.0,0.0,0.0,0.0,0.0,1.0,0.647,1.0,minimize_generator,full_grid,False,0.0,12033.584,5000,inf
2012-08-27,890.78,0.0,890.78,1082.437,380.24,1462.677,890.78,571.897,0.0,0.0,0.0,571.897,0.0,0.0,0.0,0.0,800.0,0.8,0.992,0.0,0.0,0.0,0.0,0.0,0.0,1.0,0.609,1.0,minimize_generator,full_grid,False,0.0,12605.481,5000,inf
2012-08-28,815.5,0.0,815.5,1067.924,230.08,1298.004,815.5,482.504,0.0,0.0,0.0,482.504,0.0,0.0,0.0,0.0,800.0,0.8,0.992,0.0,0.0,0.0,0.0,0.0,0.0,1.0,0.628,1.0,minimize_generator,full_grid,False,0.0,13087.985,5000,inf
2012-08-29,895.815,0.0,895.815,1055.27,71.52,1126.79,895.815,230.975,0.0,0.0,0.0,230.975,0.0,0.0,0.0,0.0,800.0,0.8,0.992,0.0,0.0,0.0,0.0,0.0,0.0,1.0,0.795,1.0,minimize_generator,full_grid,False,0.0,13318.96,5000,inf
2012-08-30,893.39,0.0,893.39,1023.41,206.32,1229.73,893.39,336.34,0.0,0.0,0.0,336.34,0.0,0.0,0.0,0.0,800.0,0.8,0.992,0.0,0.0,0.0,0.0,0.0,0.0,1.0,0.726,1.0,minimize_generator,full_grid,False,0.0,13655.3,5000,inf
2012-08-31,818.495,0.0,818.495,1033.96,225.32,1259.28,818.495,440.785,0.0,0.0,0.0,440.785,0.0,0.0,0.0,0.0,800.0,0.8,0.992,0.0,0.0,0.0,0.0,0.0,0.0,1.0,0.65,1.0,minimize_generator,full_grid,False,0.0,14096.085,5000,inf
2012-09-01,889.66,378.755,1268.415,1054.167,336.0,1390.167,1268.415,121.752,0.0,0.0,0.0,121.752,0.0,0.0,0.0,0.0,800.0,0.8,0.992,0.0,0.0,0.0,0.0,0.0,0.0,1.0,0.912,1.0,minimize_generator,full_grid,False,0.0,121.752,5000,inf
2012-09-02,890.22,380.302,1270.522,1064.81,411.64,1476.45,1270.522,205.928,0.0,0.0,0.0,205.928,0.0,0.0,0.0,0.0,800.0,0.8,0.992,0.0,0.0,0.0,0.0,0.0,0.0,1.0,0.861,1.0,minimize_generator,full_grid,False,0.0,327.68,5000,inf
2012-09-03,810.85,379.39,1190.24,1050.112,262.16,1312.272,1190.24,122.032,0.0,0.0,0.0,122.032,0.0,0.0,0.0,0.0,800.0,0.8,0.992,0.0,0.0,0.0,0.0,0.0,0.0,1.0,0.907,1.0,minimize_generator,full_grid,False,0.0,449.713,5000,inf
2012-09-04,817.365,375.743,1193.108,1002.923,273.36,1276.283,1193.108,83.175,0.0,0.0,0.0,83.175,0.0,0.0,0.0,0.0,800.0,0.8,0.992,0.0,0.0,0.0,0.0,0.0,0.0,1.0,0.935,1.0,minimize_generator,full_grid,False,0.0,532.888,5000,inf
2012-09-05,815.5,347.47,1162.97,988.382,104.4,1092.782,1092.782,0.0,0.0,70.188,0.0,0.0,0.0,0.0,0.0,0.0,726.118,0.726,0.992,0.0,0.0,0.0,0.0,0.0,0.0,1.0,1.0,1.0,minimize_generator,full_grid,False,0.0,532.888,5000,inf
2012-09-06,814.02,349.295,1163.315,975.902,155.88,1131.782,1131.782,0.0,0.0,31.533,0.0,0.0,0.0,0.0,0.0,0.0,692.925,0.693,0.992,0.0,0.0,0.0,0.0,0.0,0.0,1.0,1.0,1.0,minimize_generator,full_grid,False,0.0,532.888,5000,inf
2012-09-07,816.445,368.447,1184.892,980.871,319.52,1300.391,1184.892,115.499,112.71,0.0,0.0,2.789,0.0,0.0,0.0,0.0,800.0,0.8,0.993,0.0,0.0,0.0,0.0,0.0,0.0,1.0,0.998,1.0,minimize_generator,full_grid,False,0.0,535.677,5000,inf
2012-09-08,894.51,338.35,1232.86,982.572,389.48,1372.052,1232.86,139.192,0.0,0.0,0.0,139.192,0.0,0.0,0.0,0.0,800.0,0.8,0.993,0.0,0.0,0.0,0.0,0.0,0.0,1.0,0.899,1.0,minimize_generator,full_grid,False,0.0,674.868,5000,inf
2012-09-09,890.045,334.703,1224.748,975.152,378.68,1353.832,1224.748,129.084,0.0,0.0,0.0,129.084,0.0,0.0,0.0,0.0,800.0,0.8,0.993,0.0,0.0,0.0,0.0,0.0,0.0,1.0,0.905,1.0,minimize_generator,full_grid,False,0.0,803.952,5000,inf
2012-09-10,814.58,310.079,1124.659,963.756,260.32,1224.076,1124.659,99.417,0.0,0.0,0.0,99.417,0.0,0.0,0.0,0.0,800.0,0.8,0.993,0.0,0.0,0.0,0.0,0.0,0.0,1.0,0.919,1.0,minimize_generator,full_grid,False,0.0,903.37,5000,inf
2012-09-11,818.67,324.671,1143.341,963.965,188.32,1152.285,1143.341,8.944,0.0,0.0,0.0,8.944,0.0,0.0,0.0,0.0,800.0,0.8,0.993,0.0,0.0,0.0,0.0,0.0,0.0,1.0,0.992,1.0,minimize_generator,full_grid,False,0.0,912.313,5000,inf
2012-09-12,892.085,368.889,1260.974,970.435,363.52,1333.955,1260.974,72.981,0.0,0.0,0.0,72.981,0.0,0.0,0.0,0.0,800.0,0.8,0.993,0.0,0.0,0.0,0.0,0.0,0.0,1.0,0.945,1.0,minimize_generator,full_grid,False,0.0,985.295,5000,inf
2012-09-13,890.045,362.873,1252.918,959.614,424.24,1383.854,1252.918,130.936,0.0,0.0,0.0,130.936,0.0,0.0,0.0,0.0,800.0,0.8,0.993,0.0,0.0,0.0,0.0,0.0,0.0,1.0,0.905,1.0,minimize_generator,full_grid,False,0.0,1116.231,5000,inf
2012-09-14,815.885,355.858,1171.743,988.132,297.2,1285.332,1171.743,113.589,0.0,0.0,0.0,113.589,0.0,0.0,0.0,0.0,800.0,0.8,0.993,0.0,0.0,0.0,0.0,0.0,0.0,1.0,0.912,1.0,minimize_generator,full_grid,False,0.0,1229.82,5000,inf
2012-09-15,812.9,349.78,1162.68,965.53,102.0,1067.53,1067.53,0.0,0.0,95.15,0.0,0.0,0.0,0.0,0.0,0.0,699.843,0.7,0.993,0.0,0.0,0.0,0.0,0.0,0.0,1.0,1.0,0.999,minimize_generator,full_grid,False,0.0,1229.82,5000,inf
2012-09-16,817.75,349.78,1167.53,950.823,125.84,1076.663,1076.663,0.0,0.0,90.867,0.0,0.0,0.0,0.0,0.0,0.0,604.193,0.604,0.993,0.0,0.0,0.0,0.0,0.0,0.0,1.0,1.0,0.999,minimize_generator,full_grid,False,0.0,1229.82,5000,inf
2012-09-17,816.27,351.822,1168.092,915.73,146.84,1062.57,1062.57,0.0,0.0,105.522,0.0,0.0,0.0,0.0,0.0,0.0,493.117,0.493,0.993,0.0,0.0,0.0,0.0,0.0,0.0,1.0,1.0,0.999,minimize_generator,full_grid,False,0.0,1229.82,5000,inf
2012-09-18,817.935,359.921,1177.856,930.991,81.8,1012.791,1012.791,0.0,0.0,165.065,0.0,0.0,0.0,0.0,0.0,0.0,319.365,0.319,0.993,0.0,0.0,0.0,0.0,0.0,0.0,1.0,1.0,0.999,minimize_generator,full_grid,False,0.0,1229.82,5000,inf
2012-09-19,816.63,366.115,1182.745,934.345,158.6,1092.945,1092.945,0.0,0.0,89.8,0.0,0.0,0.0,0.0,0.0,0.0,224.839,0.225,0.993,0.0,0.0,0.0,0.0,0.0,0.0,1.0,1.0,0.999,minimize_generator,full_grid,False,0.0,1229.82,5000,inf
2012-09-20,817.935,359.941,1177.876,924.602,293.6,1218.202,1177.876,40.326,40.326,0.0,0.0,0.0,0.0,0.0,0.0,0.0,263.149,0.263,0.994,0.0,0.0,0.0,0.0,0.0,0.0,1.0,1.0,1.0,minimize_generator,full_grid,False,0.0,1229.82,5000,inf
2012-09-21,811.595,363.592,1175.187,931.042,369.16,1300.202,1175.187,125.015,125.015,0.0,0.0,0.0,0.0,0.0,0.0,0.0,381.913,0.382,0.996,0.0,0.0,0.0,0.0,0.0,0.0,1.0,1.0,1.0,minimize_generator,full_grid,False,0.0,1229.82,5000,inf
2012-09-22,818.31,352.115,1170.425,936.091,269.64,1205.731,1170.425,35.306,35.306,0.0,0.0,0.0,0.0,0.0,0.0,0.0,415.454,0.415,0.996,0.0,0.0,0.0,0.0,0.0,0.0,1.0,1.0,1.0,minimize_generator,full_grid,False,0.0,1229.82,5000,inf
2012-09-23,813.845,368.521,1182.366,916.643,340.28,1256.923,1182.366,74.557,74.557,0.0,0.0,0.0,0.0,0.0,0.0,0.0,486.283,0.486,0.997,0.0,0.0,0.0,0.0,0.0,0.0,1.0,1.0,1.0,minimize_generator,full_grid,False,0.0,1229.82,5000,inf
2012-09-24,891.14,384.907,1276.047,919.864,347.04,1266.904,1266.904,0.0,0.0,9.143,0.0,0.0,0.0,0.0,0.0,0.0,476.659,0.477,0.997,0.0,0.0,0.0,0.0,0.0,0.0,1.0,1.0,1.0,minimize_generator,full_grid,False,0.0,1229.82,5000,inf
2012-09-25,809.905,396.092,1205.997,921.884,352.88,1274.764,1205.997,68.767,68.767,0.0,0.0,0.0,0.0,0.0,0.0,0.0,541.988,0.542,0.997,0.0,0.0,0.0,0.0,0.0,0.0,1.0,1.0,1.0,minimize_generator,full_grid,False,0.0,1229.82,5000,inf
2012-09-26,818.67,393.917,1212.587,897.881,264.04,1161.921,1161.921,0.0,0.0,50.666,0.0,0.0,0.0,0.0,0.0,0.0,488.655,0.489,0.997,0.0,0.0,0.0,0.0,0.0,0.0,1.0,1.0,1.0,minimize_generator,full_grid,False,0.0,1229.82,5000,inf
2012-09-27,812.54,403.031,1215.571,856.194,209.16,1065.354,1065.354,0.0,0.0,150.217,0.0,0.0,0.0,0.0,0.0,0.0,330.532,0.331,0.997,0.0,0.0,0.0,0.0,0.0,0.0,1.0,1.0,1.0,minimize_generator,full_grid,False,0.0,1229.82,5000,inf
2012-09-28,738.215,411.15,1149.365,822.936,261.24,1084.176,1084.176,0.0,0.0,65.189,0.0,0.0,0.0,0.0,0.0,0.0,261.911,0.262,0.997,0.0,0.0,0.0,0.0,0.0,0.0,1.0,1.0,1.0,minimize_generator,full_grid,False,0.0,1229.82,5000,inf
2012-09-29,738.6,407.008,1145.608,770.807,278.0,1048.807,1048.807,0.0,0.0,58.816,37.985,0.0,0.0,0.0,0.0,0.0,200.0,0.2,0.997,0.0,0.0,1.928,0.0,0.0,1.928,0.967,1.0,0.967,minimize_generator,full_grid,False,37.985,1229.82,5000,inf
2012-09-30,809.73,387.413,1197.143,738.564,253.72,992.284,992.284,0.0,0.0,0.0,204.859,0.0,0.0,0.0,0.0,0.0,200.0,0.2,0.997,0.0,0.0,10.449,0.0,0.0,10.449,0.829,1.0,0.829,minimize_generator,full_grid,False,242.844,1229.82,5000,inf
2012-10-01,812.155,662.001,1474.156,658.135,233.88,892.015,892.015,0.0,0.0,0.0,582.141,0.0,0.0,0.0,0.0,0.0,200.0,0.2,0.997,0.0,0.0,29.298,0.0,0.0,29.298,0.605,1.0,0.605,minimize_generator,full_grid,False,582.141,0.0,5000,inf
2012-10-02,812.34,668.468,1480.808,705.494,258.44,963.934,963.934,0.0,0.0,0.0,516.874,0.0,0.0,0.0,0.0,0.0,200.0,0.2,0.997,0.0,0.0,26.003,0.0,0.0,26.003,0.651,1.0,0.651,minimize_generator,full_grid,False,1099.015,0.0,5000,inf
2012-10-03,736.91,765.732,1502.642,784.417,428.96,1213.377,1213.377,0.0,0.0,0.0,289.265,0.0,0.0,0.0,0.0,0.0,200.0,0.2,0.997,0.0,0.0,14.411,0.0,0.0,14.411,0.807,1.0,0.807,minimize_generator,full_grid,False,1388.28,0.0,5000,inf
2012-10-04,738.6,807.36,1545.96,861.177,401.48,1262.657,1262.657,0.0,0.0,0.0,283.303,0.0,0.0,0.0,0.0,0.0,200.0,0.2,0.997,0.0,0.0,14.084,0.0,0.0,14.084,0.817,1.0,0.817,minimize_generator,full_grid,False,1671.583,0.0,5000,inf
2012-10-05,817.365,791.584,1608.949,847.533,331.72,1179.253,1179.253,0.0,0.0,0.0,429.696,0.0,0.0,0.0,0.0,0.0,200.0,0.2,0.997,0.0,0.0,21.471,0.0,0.0,21.471,0.733,1.0,0.733,minimize_generator,full_grid,False,2101.279,0.0,5000,inf
2012-10-06,815.5,721.151,1536.651,822.346,375.52,1197.866,1197.866,0.0,0.0,0.0,338.785,0.0,0.0,0.0,0.0,0.0,200.0,0.2,0.997,0.0,0.0,16.993,0.0,0.0,16.993,0.78,1.0,0.78,minimize_generator,full_grid,False,2440.064,0.0,5000,inf
2012-10-07,810.29,742.435,1552.725,864.913,372.36,1237.273,1237.273,0.0,0.0,0.0,315.452,0.0,0.0,0.0,0.0,0.0,200.0,0.2,0.997,0.0,0.0,15.799,0.0,0.0,15.799,0.797,1.0,0.797,minimize_generator,full_grid,False,2755.516,0.0,5000,inf
2012-10-08,737.655,730.327,1467.982,859.041,305.32,1164.361,1164.361,0.0,0.0,0.0,303.621,0.0,0.0,0.0,0.0,0.0,200.0,0.2,0.997,0.0,0.0,15.157,0.0,0.0,15.157,0.793,1.0,0.793,minimize_generator,full_grid,False,3059.137,0.0,5000,inf
2012-10-09,737.655,730.271,1467.926,877.104,230.08,1107.184,1107.184,0.0,0.0,0.0,360.742,0.0,0.0,0.0,0.0,0.0,200.0,0.2,0.997,0.0,0.0,18.009,0.0,0.0,18.009,0.754,1.0,0.754,minimize_generator,full_grid,False,3419.878,0.0,5000,inf
2012-10-10,810.115,695.938,1506.053,858.932,136.2,995.132,995.132,0.0,0.0,0.0,510.921,0.0,0.0,0.0,0.0,0.0,200.0,0.2,0.997,0.0,0.0,25.658,0.0,0.0,25.658,0.661,1.0,0.661,minimize_generator,full_grid,False,3930.799,0.0,5000,inf
2012-10-11,732.62,672.795,1405.415,842.113,54.24,896.353,896.353,0.0,0.0,0.0,509.062,0.0,0.0,0.0,0.0,0.0,200.0,0.2,0.997,0.0,0.0,25.493,0.0,0.0,25.493,0.638,1.0,0.638,minimize_generator,full_grid,False,4439.861,0.0,5000,inf
2012-10-12,735.22,707.102,1442.322,813.557,191.16,1004.717,1004.717,0.0,0.0,0.0,437.605,0.0,0.0,0.0,0.0,0.0,200.0,0.2,0.997,0.0,0.0,21.872,0.0,0.0,21.872,0.697,1.0,0.697,minimize_generator,full_grid,False,4877.466,0.0,5000,inf
2012-10-13,729.625,726.071,1455.696,790.065,265.92,1055.985,1055.985,0.0,0.0,0.0,122.534,0.0,277.176,0.0,0.0,0.0,200.0,0.2,0.997,166.306,18.478,6.116,0.0,49.759,55.874,0.916,1.0,0.725,minimize_generator,full_grid,False,5000.0,0.0,5000,inf
2012-10-14,737.085,685.638,1422.723,763.831,135.32,899.151,899.151,0.0,0.0,0.0,0.0,0.0,523.572,0.0,0.0,0.0,200.0,0.2,0.997,248.714,24.0,0.0,0.0,74.415,74.415,1.0,1.0,0.632,minimize_generator,full_grid,False,5000.0,0.0,5000,inf
2012-10-15,737.655,681.98,1419.635,769.549,24.28,793.829,793.829,0.0,0.0,0.0,0.0,0.0,625.806,0.0,0.0,0.0,200.0,0.2,0.997,269.161,24.0,0.0,0.0,80.533,80.533,1.0,1.0,0.559,minimize_generator,full_grid,False,5000.0,0.0,5000,inf
2012-10-16,733.18,677.594,1410.774,795.785,2.84,798.625,798.625,0.0,0.0,0.0,0.0,0.0,612.149,0.0,0.0,0.0,200.0,0.2,0.997,266.43,24.0,0.0,0.0,79.716,79.716,1.0,1.0,0.566,minimize_generator,full_grid,False,5000.0,0.0,5000,inf
2012-10-17,811.42,646.714,1458.134,747.663,21.2,768.863,768.863,0.0,0.0,0.0,0.0,0.0,689.271,0.0,0.0,0.0,200.0,0.2,0.997,281.854,24.0,0.0,0.0,84.331,84.331,1.0,1.0,0.527,minimize_generator,full_grid,False,5000.0,0.0,5000,inf
2012-10-18,729.625,591.43,1321.055,645.752,40.56,686.312,686.312,0.0,0.0,0.0,0.0,0.0,634.743,0.0,0.0,0.0,200.0,0.2,0.997,270.949,24.0,0.0,0.0,81.068,81.068,1.0,1.0,0.52,minimize_generator,full_grid,False,5000.0,0.0,5000,inf
2012-10-19,665.47,488.367,1153.837,551.132,9.36,560.492,560.492,0.0,0.0,0.0,0.0,0.0,593.345,0.0,0.0,0.0,200.0,0.2,0.997,262.669,24.0,0.0,0.0,78.591,78.591,1.0,1.0,0.486,minimize_generator,full_grid,False,5000.0,0.0,5000,inf
2012-10-20,734.485,559.637,1294.122,565.193,67.6,632.793,632.793,0.0,0.0,0.0,0.0,0.0,661.329,0.0,0.0,0.0,200.0,0.2,0.997,276.266,24.0,0.0,0.0,82.659,82.659,1.0,1.0,0.489,minimize_generator,full_grid,False,5000.0,0.0,5000,inf
2012-10-21,737.295,476.734,1214.029,504.42,9.16,513.58,513.58,0.0,0.0,0.0,0.0,0.0,700.449,0.0,0.0,0.0,200.0,0.2,0.997,284.09,24.0,0.0,0.0,85.0,85.0,1.0,1.0,0.423,minimize_generator,full_grid,False,5000.0,0.0,5000,inf
2012-10-22,810.29,477.828,1288.118,663.028,1.32,664.348,664.348,0.0,0.0,0.0,0.0,0.0,623.77,0.0,0.0,0.0,200.0,0.2,0.997,268.754,24.0,0.0,0.0,80.411,80.411,1.0,1.0,0.516,minimize_generator,full_grid,False,5000.0,0.0,5000,inf
2012-10-23,730.93,567.949,1298.879,749.703,14.72,764.423,764.423,0.0,0.0,0.0,0.0,0.0,534.456,0.0,0.0,0.0,200.0,0.2,0.997,250.891,24.0,0.0,0.0,75.067,75.067,1.0,1.0,0.589,minimize_generator,full_grid,False,5000.0,0.0,5000,inf
2012-10-24,736.35,532.817,1269.167,658.775,32.44,691.215,691.215,0.0,0.0,0.0,0.0,0.0,577.952,0.0,0.0,0.0,200.0,0.2,0.997,259.59,24.0,0.0,0.0,77.669,77.669,1.0,1.0,0.545,minimize_generator,full_grid,False,5000.0,0.0,5000,inf
2012-10-25,731.875,613.983,1345.858,744.702,184.56,929.262,929.262,0.0,0.0,0.0,0.0,0.0,416.596,0.0,0.0,0.0,200.0,0.2,0.997,227.319,24.0,0.0,0.0,68.014,68.014,1.0,1.0,0.69,minimize_generator,full_grid,False,5000.0,0.0,5000,inf
2012-10-26,731.14,563.595,1294.735,748.184,127.52,875.704,875.704,0.0,0.0,0.0,0.0,0.0,419.031,0.0,0.0,0.0,200.0,0.2,0.997,227.806,24.0,0.0,0.0,68.16,68.16,1.0,1.0,0.676,minimize_generator,full_grid,False,5000.0,0.0,5000,inf
2012-10-27,734.66,529.317,1263.977,750.763,65.04,815.803,815.803,0.0,0.0,0.0,0.0,0.0,448.174,0.0,0.0,0.0,200.0,0.2,0.997,233.635,24.0,0.0,0.0,69.904,69.904,1.0,1.0,0.645,minimize_generator,full_grid,False,5000.0,0.0,5000,inf
2012-10-28,733.565,502.793,1236.358,754.037,68.24,822.277,822.277,0.0,0.0,0.0,0.0,0.0,414.081,0.0,0.0,0.0,200.0,0.2,0.997,226.816,24.0,0.0,0.0,67.863,67.863,1.0,1.0,0.665,minimize_generator,full_grid,False,5000.0,0.0,5000,inf
2012-10-29,661.54,482.74,1144.28,746.937,55.96,802.897,802.897,0.0,0.0,0.0,0.0,0.0,341.383,0.0,0.0,0.0,200.0,0.2,0.997,204.83,22.759,0.0,0.0,61.285,61.285,1.0,1.0,0.702,minimize_generator,full_grid,False,5000.0,0.0,5000,inf
2012-10-30,735.99,376.595,1112.585,724.097,79.0,803.097,803.097,0.0,0.0,0.0,0.0,0.0,309.488,0.0,0.0,0.0,200.0,0.2,0.997,185.693,20.633,0.0,0.0,55.559,55.559,1.0,1.0,0.722,minimize_generator,full_grid,False,5000.0,0.0,5000,inf
2012-10-31,735.22,174.025,909.245,666.936,47.64,714.576,714.576,0.0,0.0,0.0,0.0,0.0,194.669,0.0,0.0,0.0,200.0,0.2,0.997,116.801,12.978,0.0,0.0,34.947,34.947,1.0,1.0,0.786,minimize_generator,full_grid,False,5000.0,0.0,5000,inf
2012-11-01,664.55,658.381,1322.931,666.81,7.84,674.65,674.65,0.0,0.0,0.0,648.281,0.0,0.0,0.0,0.0,0.0,200.0,0.2,0.997,0.0,0.0,32.847,0.0,0.0,32.847,0.51,1.0,0.51,minimize_generator,full_grid,False,648.281,0.0,5000,inf
2012-11-02,730.93,679.573,1410.503,687.707,5.36,693.067,693.067,0.0,0.0,0.0,717.436,0.0,0.0,0.0,0.0,0.0,200.0,0.2,0.997,0.0,0.0,36.436,0.0,0.0,36.436,0.491,1.0,0.491,minimize_generator,full_grid,False,1365.717,0.0,5000,inf
2012-11-03,731.14,405.301,1136.441,264.999,17.76,282.759,282.759,0.0,0.0,0.0,853.682,0.0,0.0,0.0,0.0,0.0,200.0,0.2,0.997,0.0,0.0,44.157,0.0,0.0,44.157,0.249,1.0,0.249,minimize_generator,full_grid,False,2219.399,0.0,5000,inf
2012-11-04,730.01,525.756,1255.766,300.58,150.44,451.02,451.02,0.0,0.0,0.0,804.746,0.0,0.0,0.0,0.0,0.0,200.0,0.2,0.997,0.0,0.0,41.251,0.0,0.0,41.251,0.359,1.0,0.359,minimize_generator,full_grid,False,3024.145,0.0,5000,inf
2012-11-05,663.605,769.491,1433.096,546.276,339.44,885.716,885.716,0.0,0.0,0.0,547.38,0.0,0.0,0.0,0.0,0.0,200.0,0.2,0.997,0.0,0.0,27.573,0.0,0.0,27.573,0.618,1.0,0.618,minimize_generator,full_grid,False,3571.526,0.0,5000,inf
2012-11-06,662.86,601.51,1264.37,456.791,69.52,526.311,526.311,0.0,0.0,0.0,738.059,0.0,0.0,0.0,0.0,0.0,200.0,0.2,0.997,0.0,0.0,37.517,0.0,0.0,37.517,0.416,1.0,0.416,minimize_generator,full_grid,False,4309.585,0.0,5000,inf
2012-11-07,664.935,676.442,1341.377,640.392,124.96,765.352,765.352,0.0,0.0,0.0,576.025,0.0,0.0,0.0,0.0,0.0,200.0,0.2,0.997,0.0,0.0,29.157,0.0,0.0,29.157,0.571,1.0,0.571,minimize_generator,full_grid,False,4885.61,0.0,5000,inf
2012-11-08,732.06,707.333,1439.393,654.241,240.52,894.761,894.761,0.0,0.0,0.0,114.39,0.0,430.242,0.0,0.0,0.0,200.0,0.2,0.997,230.048,24.0,5.801,0.0,69.452,75.253,0.921,1.0,0.622,minimize_generator,full_grid,False,5000.0,0.0,5000,inf
2012-11-09,729.45,694.359,1423.809,665.132,369.16,1034.292,1034.292,0.0,0.0,0.0,0.0,0.0,389.517,0.0,0.0,0.0,200.0,0.2,0.997,221.903,24.0,0.0,0.0,66.993,66.993,1.0,1.0,0.726,minimize_generator,full_grid,False,5000.0,0.0,5000,inf
2012-11-10,662.685,659.951,1322.636,716.938,341.96,1058.898,1058.898,0.0,0.0,0.0,0.0,0.0,263.738,0.0,0.0,0.0,200.0,0.2,0.997,158.243,17.583,0.0,0.0,47.774,47.774,1.0,1.0,0.801,minimize_generator,full_grid,False,5000.0,0.0,5000,inf
2012-11-11,729.835,685.09,1414.925,706.747,398.52,1105.267,1105.267,0.0,0.0,0.0,0.0,0.0,309.658,0.0,0.0,0.0,200.0,0.2,0.997,185.795,20.644,0.0,0.0,56.092,56.092,1.0,1.0,0.781,minimize_generator,full_grid,False,5000.0,0.0,5000,inf
2012-11-12,585.755,690.711,1276.466,698.089,370.76,1068.849,1068.849,0.0,0.0,0.0,0.0,0.0,207.617,0.0,0.0,0.0,200.0,0.2,0.997,124.57,13.841,0.0,0.0,37.608,37.608,1.0,1.0,0.837,minimize_generator,full_grid,False,5000.0,0.0,5000,inf
2012-11-13,730.57,666.379,1396.949,630.213,217.72,847.933,847.933,0.0,0.0,0.0,0.0,0.0,549.016,0.0,0.0,0.0,200.0,0.2,0.997,253.803,24.0,0.0,0.0,76.623,76.623,1.0,1.0,0.607,minimize_generator,full_grid,False,5000.0,0.0,5000,inf
2012-11-14,589.31,641.892,1231.202,679.936,55.4,735.336,735.336,0.0,0.0,0.0,0.0,0.0,495.866,0.0,0.0,0.0,200.0,0.2,0.997,243.173,24.0,0.0,0.0,73.414,73.414,1.0,1.0,0.597,minimize_generator,full_grid,False,5000.0,0.0,5000,inf
2012-11-15,660.98,668.099,1329.079,678.849,41.52,720.369,720.369,0.0,0.0,0.0,0.0,0.0,608.71,0.0,0.0,0.0,200.0,0.2,0.997,265.742,24.0,0.0,0.0,80.228,80.228,1.0,1.0,0.542,minimize_generator,full_grid,False,5000.0,0.0,5000,inf
2012-11-16,657.81,644.859,1302.669,592.988,36.36,629.348,629.348,0.0,0.0,0.0,0.0,0.0,673.321,0.0,0.0,0.0,200.0,0.2,0.997,278.664,24.0,0.0,0.0,84.129,84.129,1.0,1.0,0.483,minimize_generator,full_grid,False,5000.0,0.0,5000,inf
2012-11-17,656.865,528.396,1185.261,536.81,7.48,544.29,544.29,0.0,0.0,0.0,0.0,0.0,640.971,0.0,0.0,0.0,200.0,0.2,0.997,272.194,24.0,0.0,0.0,82.175,82.175,1.0,1.0,0.459,minimize_generator,full_grid,False,5000.0,0.0,5000,inf
2012-11-18,666.24,583.16,1249.4,524.067,23.92,547.987,547.987,0.0,0.0,0.0,0.0,0.0,701.413,0.0,0.0,0.0,200.0,0.2,0.997,284.283,24.0,0.0,0.0,85.825,85.825,1.0,1.0,0.439,minimize_generator,full_grid,False,5000.0,0.0,5000,inf
2012-11-19,659.475,595.269,1254.744,579.771,37.72,617.491,617.491,0.0,0.0,0.0,0.0,0.0,637.253,0.0,0.0,0.0,200.0,0.2,0.997,271.451,24.0,0.0,0.0,81.951,81.951,1.0,1.0,0.492,minimize_generator,full_grid,False,5000.0,0.0,5000,inf
2012-11-20,662.685,557.712,1220.397,585.491,29.56,615.051,615.051,0.0,0.0,0.0,0.0,0.0,605.346,0.0,0.0,0.0,200.0,0.2,0.997,265.069,24.0,0.0,0.0,80.024,80.024,1.0,1.0,0.504,minimize_generator,full_grid,False,5000.0,0.0,5000,inf
2012-11-21,660.595,571.929,1232.524,558.47,43.0,601.47,601.47,0.0,0.0,0.0,0.0,0.0,631.054,0.0,0.0,0.0,200.0,0.2,0.997,270.211,24.0,0.0,0.0,81.577,81.577,1.0,1.0,0.488,minimize_generator,full_grid,False,5000.0,0.0,5000,inf
2012-11-22,662.685,651.34,1314.025,570.874,259.36,830.234,830.234,0.0,0.0,0.0,0.0,0.0,483.791,0.0,0.0,0.0,200.0,0.2,0.997,240.758,24.0,0.0,0.0,72.685,72.685,1.0,1.0,0.632,minimize_generator,full_grid,False,5000.0,0.0,5000,inf
2012-11-23,660.42,645.85,1306.27,622.743,393.28,1016.023,1016.023,0.0,0.0,0.0,0.0,0.0,290.247,0.0,0.0,0.0,200.0,0.2,0.997,174.148,19.35,0.0,0.0,52.575,52.575,1.0,1.0,0.778,minimize_generator,full_grid,False,5000.0,0.0,5000,inf
2012-11-24,588.39,667.279,1255.669,615.021,239.56,854.581,854.581,0.0,0.0,0.0,0.0,0.0,401.088,0.0,0.0,0.0,200.0,0.2,0.997,224.218,24.0,0.0,0.0,67.691,67.691,1.0,1.0,0.681,minimize_generator,full_grid,False,5000.0,0.0,5000,inf
2012-11-25,663.805,638.402,1302.207,621.291,307.12,928.411,928.411,0.0,0.0,0.0,0.0,0.0,373.796,0.0,0.0,0.0,200.0,0.2,0.997,218.759,24.0,0.0,0.0,66.043,66.043,1.0,1.0,0.713,minimize_generator,full_grid,False,5000.0,0.0,5000,inf
2012-11-26,657.61,617.69,1275.3,639.5,125.84,765.34,765.34,0.0,0.0,0.0,0.0,0.0,509.96,0.0,0.0,0.0,200.0,0.2,0.997,245.992,24.0,0.0,0.0,74.265,74.265,1.0,1.0,0.6,minimize_generator,full_grid,False,5000.0,0.0,5000,inf
2012-11-27,586.7,560.982,1147.682,635.068,47.12,682.188,682.188,0.0,0.0,0.0,0.0,0.0,465.494,0.0,0.0,0.0,200.0,0.2,0.997,237.099,24.0,0.0,0.0,71.58,71.58,1.0,1.0,0.594,minimize_generator,full_grid,False,5000.0,0.0,5000,inf
2012-11-28,657.435,651.139,1308.574,621.971,100.44,722.411,722.411,0.0,0.0,0.0,0.0,0.0,586.163,0.0,0.0,0.0,200.0,0.2,0.997,261.233,24.0,0.0,0.0,78.866,78.866,1.0,1.0,0.552,minimize_generator,full_grid,False,5000.0,0.0,5000,inf
2012-11-29,664.725,552.943,1217.668,610.419,18.08,628.499,628.499,0.0,0.0,0.0,0.0,0.0,589.169,0.0,0.0,0.0,200.0,0.2,0.997,261.834,24.0,0.0,0.0,79.048,79.048,1.0,1.0,0.516,minimize_generator,full_grid,False,5000.0,0.0,5000,inf
2012-11-30,661.725,505.684,1167.409,600.85,5.36,606.21,606.21,0.0,0.0,0.0,0.0,0.0,561.199,0.0,0.0,0.0,200.0,0.2,0.997,256.24,24.0,0.0,0.0,77.359,77.359,1.0,1.0,0.519,minimize_generator,full_grid,False,5000.0,0.0,5000,inf
2012-12-01,657.075,468.828,1125.903,535.557,3.56,539.117,539.117,0.0,0.0,0.0,586.786,0.0,0.0,0.0,0.0,0.0,200.0,0.2,0.997,0.0,0.0,29.874,0.0,0.0,29.874,0.479,1.0,0.479,minimize_generator,full_grid,False,586.786,0.0,5000,inf
2012-12-02,656.865,577.045,1233.91,596.105,29.96,626.065,626.065,0.0,0.0,0.0,607.845,0.0,0.0,0.0,0.0,0.0,200.0,0.2,0.997,0.0,0.0,30.7,0.0,0.0,30.7,0.507,1.0,0.507,minimize_generator,full_grid,False,1194.631,0.0,5000,inf
2012-12-03,656.69,586.403,1243.093,571.631,66.32,637.951,637.951,0.0,0.0,0.0,605.142,0.0,0.0,0.0,0.0,0.0,200.0,0.2,0.997,0.0,0.0,30.544,0.0,0.0,30.544,0.513,1.0,0.513,minimize_generator,full_grid,False,1799.773,0.0,5000,inf
2012-12-04,665.855,569.028,1234.883,246.145,416.6,662.745,662.745,0.0,0.0,0.0,572.138,0.0,0.0,0.0,0.0,0.0,200.0,0.2,0.997,0.0,0.0,28.927,0.0,0.0,28.927,0.537,1.0,0.537,minimize_generator,full_grid,False,2371.912,0.0,5000,inf
2012-12-05,658.94,238.809,897.749,216.624,308.0,524.624,524.624,0.0,0.0,0.0,373.125,0.0,0.0,0.0,0.0,0.0,200.0,0.2,0.997,0.0,0.0,19.439,0.0,0.0,19.439,0.584,1.0,0.584,minimize_generator,full_grid,False,2745.036,0.0,5000,inf
2012-12-06,658.94,301.449,960.389,540.693,181.76,722.453,722.453,0.0,0.0,0.0,237.936,0.0,0.0,0.0,0.0,0.0,200.0,0.2,0.997,0.0,0.0,12.306,0.0,0.0,12.306,0.752,1.0,0.752,minimize_generator,full_grid,False,2982.972,0.0,5000,inf
2012-12-07,660.98,311.696,972.676,516.746,196.84,713.586,713.586,0.0,0.0,0.0,259.09,0.0,0.0,0.0,0.0,0.0,200.0,0.2,0.997,0.0,0.0,13.387,0.0,0.0,13.387,0.734,1.0,0.734,minimize_generator,full_grid,False,3242.062,0.0,5000,inf
2012-12-08,657.81,333.374,991.184,611.142,175.2,786.342,786.342,0.0,0.0,0.0,204.842,0.0,0.0,0.0,0.0,0.0,200.0,0.2,0.997,0.0,0.0,10.558,0.0,0.0,10.558,0.793,1.0,0.793,minimize_generator,full_grid,False,3446.904,0.0,5000,inf
2012-12-09,588.95,230.965,819.915,478.273,26.08,504.353,504.353,0.0,0.0,0.0,315.562,0.0,0.0,0.0,0.0,0.0,200.0,0.2,0.997,0.0,0.0,16.401,0.0,0.0,16.401,0.615,1.0,0.615,minimize_generator,full_grid,False,3762.466,0.0,5000,inf
2012-12-10,588.95,353.2,942.15,590.947,360.28,951.227,942.15,9.077,9.077,0.0,0.0,0.0,0.0,0.0,0.0,0.0,208.623,0.209,0.997,0.0,0.0,0.0,0.0,0.0,0.0,1.0,1.0,1.0,minimize_generator,full_grid,False,3762.466,0.0,5000,inf
2012-12-11,589.31,302.654,891.964,538.477,335.16,873.637,873.637,0.0,0.0,8.192,10.134,0.0,0.0,0.0,0.0,0.0,200.0,0.2,0.997,0.0,0.0,0.522,0.0,0.0,0.522,0.989,1.0,0.989,minimize_generator,full_grid,False,3772.6,0.0,5000,inf
2012-12-12,589.125,263.044,852.169,600.951,66.96,667.911,667.911,0.0,0.0,0.0,184.258,0.0,0.0,0.0,0.0,0.0,200.0,0.2,0.997,0.0,0.0,9.537,0.0,0.0,9.537,0.784,1.0,0.784,minimize_generator,full_grid,False,3956.859,0.0,5000,inf
2012-12-13,658.73,332.569,991.299,607.267,383.36,990.627,990.627,0.0,0.0,0.0,0.672,0.0,0.0,0.0,0.0,0.0,200.0,0.2,0.997,0.0,0.0,0.035,0.0,0.0,0.035,0.999,1.0,0.999,minimize_generator,full_grid,False,3957.531,0.0,5000,inf
2012-12-14,589.125,307.688,896.813,555.945,144.16,700.105,700.105,0.0,0.0,0.0,196.708,0.0,0.0,0.0,0.0,0.0,200.0,0.2,0.997,0.0,0.0,10.128,0.0,0.0,10.128,0.781,1.0,0.781,minimize_generator,full_grid,False,4154.238,0.0,5000,inf
2012-12-15,658.38,289.04,947.42,547.161,226.28,773.441,773.441,0.0,0.0,0.0,173.979,0.0,0.0,0.0,0.0,0.0,200.0,0.2,0.997,0.0,0.0,9.01,0.0,0.0,9.01,0.816,1.0,0.816,minimize_generator,full_grid,False,4328.218,0.0,5000,inf
2012-12-16,588.39,340.814,929.204,602.026,253.72,855.746,855.746,0.0,0.0,0.0,73.458,0.0,0.0,0.0,0.0,0.0,200.0,0.2,0.997,0.0,0.0,3.769,0.0,0.0,3.769,0.921,1.0,0.921,minimize_generator,full_grid,False,4401.675,0.0,5000,inf
2012-12-17,588.75,266.185,854.935,600.687,108.4,709.087,709.087,0.0,0.0,0.0,145.848,0.0,0.0,0.0,0.0,0.0,200.0,0.2,0.997,0.0,0.0,7.546,0.0,0.0,7.546,0.829,1.0,0.829,minimize_generator,full_grid,False,4547.524,0.0,5000,inf
2012-12-18,580.93,279.198,860.128,584.688,144.16,728.848,728.848,0.0,0.0,0.0,131.28,0.0,0.0,0.0,0.0,0.0,200.0,0.2,0.997,0.0,0.0,6.779,0.0,0.0,6.779,0.847,1.0,0.847,minimize_generator,full_grid,False,4678.804,0.0,5000,inf
2012-12-19,658.555,319.717,978.272,590.843,181.76,772.603,772.603,0.0,0.0,0.0,205.669,0.0,0.0,0.0,0.0,0.0,200.0,0.2,0.997,0.0,0.0,10.616,0.0,0.0,10.616,0.79,1.0,0.79,minimize_generator,full_grid,False,4884.473,0.0,5000,inf
2012-12-20,589.31,297.946,887.256,516.14,401.48,917.62,887.256,30.364,30.364,0.0,0.0,0.0,0.0,0.0,0.0,0.0,228.846,0.229,0.998,0.0,0.0,0.0,0.0,0.0,0.0,1.0,1.0,1.0,minimize_generator,full_grid,False,4884.473,0.0,5000,inf
2012-12-21,658.555,260.132,918.687,533.78,322.16,855.94,855.94,0.0,0.0,27.404,35.344,0.0,0.0,0.0,0.0,0.0,200.0,0.2,0.998,0.0,0.0,1.837,0.0,0.0,1.837,0.962,1.0,0.961,minimize_generator,full_grid,False,4919.816,0.0,5000,inf
2012-12-22,571.445,232.017,803.462,572.336,56.56,628.896,628.896,0.0,0.0,0.0,80.184,0.0,94.382,0.0,0.0,0.0,200.0,0.2,0.998,56.629,6.292,4.163,0.0,17.0,21.163,0.9,1.0,0.783,minimize_generator,full_grid,False,5000.0,0.0,5000,inf
2012-12-23,662.685,225.73,888.415,589.361,16.04,605.401,605.401,0.0,0.0,0.0,0.0,0.0,283.014,0.0,0.0,0.0,200.0,0.2,0.998,169.808,18.868,0.0,0.0,50.976,50.976,1.0,1.0,0.681,minimize_generator,full_grid,False,5000.0,0.0,5000,inf
2012-12-24,587.085,34.385,621.47,560.361,76.24,636.601,621.47,15.131,15.131,0.0,0.0,0.0,0.0,0.0,0.0,0.0,214.374,0.214,0.998,0.0,0.0,0.0,0.0,0.0,0.0,1.0,1.0,1.0,minimize_generator,full_grid,False,5000.0,0.0,5000,inf
2012-12-25,658.38,23.471,681.851,533.285,335.16,868.445,681.851,186.594,186.594,0.0,0.0,0.0,0.0,0.0,0.0,0.0,391.639,0.392,0.999,0.0,0.0,0.0,0.0,0.0,0.0,1.0,1.0,1.0,minimize_generator,full_grid,False,5000.0,0.0,5000,inf
2012-12-26,583.53,23.195,606.725,596.197,82.52,678.717,606.725,71.992,71.992,0.0,0.0,0.0,0.0,0.0,0.0,0.0,460.031,0.46,0.999,0.0,0.0,0.0,0.0,0.0,0.0,1.0,1.0,1.0,minimize_generator,full_grid,False,5000.0,0.0,5000,inf
2012-12-27,589.485,22.787,612.272,595.916,98.12,694.036,612.272,81.764,81.764,0.0,0.0,0.0,0.0,0.0,0.0,0.0,537.706,0.538,0.999,0.0,0.0,0.0,0.0,0.0,0.0,1.0,1.0,1.0,minimize_generator,full_grid,False,5000.0,0.0,5000,inf
2012-12-28,583.155,23.855,607.01,602.6,18.08,620.68,607.01,13.67,13.67,0.0,0.0,0.0,0.0,0.0,0.0,0.0,550.693,0.551,0.999,0.0,0.0,0.0,0.0,0.0,0.0,1.0,1.0,1.0,minimize_generator,full_grid,False,5000.0,0.0,5000,inf
2012-12-29,584.835,24.658,609.493,579.021,211.04,790.061,609.493,180.568,180.568,0.0,0.0,0.0,0.0,0.0,0.0,0.0,722.233,0.722,0.999,0.0,0.0,0.0,0.0,0.0,0.0,1.0,1.0,1.0,minimize_generator,full_grid,False,5000.0,0.0,5000,inf
2012-12-30,660.98,25.64,686.62,492.206,163.16,655.366,655.366,0.0,0.0,31.254,0.0,0.0,0.0,0.0,0.0,0.0,689.334,0.689,0.999,0.0,0.0,0.0,0.0,0.0,0.0,1.0,1.0,1.0,minimize_generator,full_grid,False,5000.0,0.0,5000,inf
2012-12-31,586.14,25.983,612.123,600.02,64.4,664.42,612.123,52.297,52.297,0.0,0.0,0.0,0.0,0.0,0.0,0.0,739.016,0.739,0.999,0.0,0.0,0.0,0.0,0.0,0.0,1.0,1.0,1.0,minimize_generator,full_grid,False,5000.0,0.0,5000,inf
2013-01-01,657.995,24.572,682.567,560.909,330.84,891.749,682.567,209.182,64.194,0.0,0.0,144.989,0.0,0.0,0.0,0.0,800.0,0.8,0.999,0.0,0.0,0.0,0.0,0.0,0.0,1.0,0.837,1.0,minimize_generator,full_grid,False,0.0,144.989,5000,inf
2013-01-02,660.245,23.867,684.112,549.082,233.88,782.962,684.112,98.85,0.0,0.0,0.0,98.85,0.0,0.0,0.0,0.0,800.0,0.8,0.999,0.0,0.0,0.0,0.0,0.0,0.0,1.0,0.874,1.0,minimize_generator,full_grid,False,0.0,243.839,5000,inf
2013-01-03,658.94,24.567,683.507,558.944,58.32,617.264,617.264,0.0,0.0,66.243,0.0,0.0,0.0,0.0,0.0,0.0,730.27,0.73,0.999,0.0,0.0,0.0,0.0,0.0,0.0,1.0,1.0,1.0,minimize_generator,full_grid,False,0.0,243.839,5000,inf
2013-01-04,657.435,23.68,681.115,602.291,169.64,771.931,681.115,90.816,73.399,0.0,0.0,17.416,0.0,0.0,0.0,0.0,800.0,0.8,0.999,0.0,0.0,0.0,0.0,0.0,0.0,1.0,0.977,1.0,minimize_generator,full_grid,False,0.0,261.255,5000,inf
2013-01-05,658.17,24.394,682.564,614.508,319.52,934.028,682.564,251.464,0.0,0.0,0.0,251.464,0.0,0.0,0.0,0.0,800.0,0.8,0.999,0.0,0.0,0.0,0.0,0.0,0.0,1.0,0.731,1.0,minimize_generator,full_grid,False,0.0,512.719,5000,inf
2013-01-06,666.24,22.639,688.879,590.583,348.72,939.303,688.879,250.424,0.0,0.0,0.0,250.424,0.0,0.0,0.0,0.0,800.0,0.8,0.999,0.0,0.0,0.0,0.0,0.0,0.0,1.0,0.733,1.0,minimize_generator,full_grid,False,0.0,763.143,5000,inf
2013-01-07,589.695,22.472,612.167,388.469,479.96,868.429,612.167,256.262,0.0,0.0,0.0,256.262,0.0,0.0,0.0,0.0,800.0,0.8,0.999,0.0,0.0,0.0,0.0,0.0,0.0,1.0,0.705,1.0,minimize_generator,full_grid,False,0.0,1019.405,5000,inf
2013-01-08,657.435,9.719,667.154,600.922,350.36,951.282,667.154,284.128,0.0,0.0,0.0,284.128,0.0,0.0,0.0,0.0,800.0,0.8,0.999,0.0,0.0,0.0,0.0,0.0,0.0,1.0,0.701,1.0,minimize_generator,full_grid,False,0.0,1303.533,5000,inf
2013-01-09,660.595,7.174,667.769,369.826,521.32,891.146,667.769,223.377,0.0,0.0,0.0,223.377,0.0,0.0,0.0,0.0,800.0,0.8,0.999,0.0,0.0,0.0,0.0,0.0,0.0,1.0,0.749,1.0,minimize_generator,full_grid,False,0.0,1526.91,5000,inf
2013-01-10,660.805,7.051,667.856,578.57,374.72,953.29,667.856,285.434,0.0,0.0,0.0,285.434,0.0,0.0,0.0,0.0,800.0,0.8,0.999,0.0,0.0,0.0,0.0,0.0,0.0,1.0,0.701,1.0,minimize_generator,full_grid,False,0.0,1812.344,5000,inf
2013-01-11,661.165,5.862,667.027,648.567,40.56,689.127,667.027,22.1,0.0,0.0,0.0,22.1,0.0,0.0,0.0,0.0,800.0,0.8,0.999,0.0,0.0,0.0,0.0,0.0,0.0,1.0,0.968,1.0,minimize_generator,full_grid,False,0.0,1834.444,5000,inf
2013-01-12,658.94,7.733,666.673,533.572,114.92,648.492,648.492,0.0,0.0,18.181,0.0,0.0,0.0,0.0,0.0,0.0,780.862,0.781,0.999,0.0,0.0,0.0,0.0,0.0,0.0,1.0,1.0,1.0,minimize_generator,full_grid,False,0.0,1834.444,5000,inf
2013-01-13,585.58,6.035,591.615,631.519,203.48,834.999,591.615,243.384,20.145,0.0,0.0,223.24,0.0,0.0,0.0,0.0,800.0,0.8,0.999,0.0,0.0,0.0,0.0,0.0,0.0,1.0,0.733,1.0,minimize_generator,full_grid,False,0.0,2057.684,5000,inf
2013-01-14,663.07,6.389,669.459,634.733,136.2,770.933,669.459,101.474,0.0,0.0,0.0,101.474,0.0,0.0,0.0,0.0,800.0,0.8,0.999,0.0,0.0,0.0,0.0,0.0,0.0,1.0,0.868,1.0,minimize_generator,full_grid,False,0.0,2159.158,5000,inf
2013-01-15,585.58,9.182,594.762,627.806,53.68,681.486,594.762,86.724,0.0,0.0,0.0,86.724,0.0,0.0,0.0,0.0,800.0,0.8,0.999,0.0,0.0,0.0,0.0,0.0,0.0,1.0,0.873,1.0,minimize_generator,full_grid,False,0.0,2245.882,5000,inf
2013-01-16,657.81,8.253,666.063,579.552,29.16,608.712,608.712,0.0,0.0,57.351,0.0,0.0,0.0,0.0,0.0,0.0,739.63,0.74,0.999,0.0,0.0,0.0,0.0,0.0,0.0,1.0,1.0,1.0,minimize_generator,full_grid,False,0.0,2245.882,5000,inf
2013-01-17,587.085,6.969,594.054,455.472,54.24,509.712,509.712,0.0,0.0,84.342,0.0,0.0,0.0,0.0,0.0,0.0,650.849,0.651,0.999,0.0,0.0,0.0,0.0,0.0,0.0,1.0,1.0,1.0,minimize_generator,full_grid,False,0.0,2245.882,5000,inf
2013-01-18,589.485,9.13,598.615,602.915,68.88,671.795,598.615,73.18,73.18,0.0,0.0,0.0,0.0,0.0,0.0,0.0,720.37,0.72,1.0,0.0,0.0,0.0,0.0,0.0,0.0,1.0,1.0,1.0,minimize_generator,full_grid,False,0.0,2245.882,5000,inf
2013-01-19,657.81,10.178,667.988,678.026,187.4,865.426,667.988,197.438,83.821,0.0,0.0,113.616,0.0,0.0,0.0,0.0,800.0,0.8,1.0,0.0,0.0,0.0,0.0,0.0,0.0,1.0,0.869,1.0,minimize_generator,full_grid,False,0.0,2359.498,5000,inf
2013-01-20,657.81,8.564,666.374,690.258,26.48,716.738,666.374,50.364,0.0,0.0,0.0,50.364,0.0,0.0,0.0,0.0,800.0,0.8,1.0,0.0,0.0,0.0,0.0,0.0,0.0,1.0,0.93,1.0,minimize_generator,full_grid,False,0.0,2409.862,5000,inf
2013-01-21,658.38,8.689,667.069,664.214,28.36,692.574,667.069,25.505,0.0,0.0,0.0,25.505,0.0,0.0,0.0,0.0,800.0,0.8,1.0,0.0,0.0,0.0,0.0,0.0,0.0,1.0,0.963,1.0,minimize_generator,full_grid,False,0.0,2435.367,5000,inf
2013-01-22,663.245,11.198,674.443,632.13,114.08,746.21,674.443,71.767,0.0,0.0,0.0,71.767,0.0,0.0,0.0,0.0,800.0,0.8,1.0,0.0,0.0,0.0,0.0,0.0,0.0,1.0,0.904,1.0,minimize_generator,full_grid,False,0.0,2507.134,5000,inf
2013-01-23,658.555,11.496,670.051,667.437,342.8,1010.237,670.051,340.186,0.0,0.0,0.0,340.186,0.0,0.0,0.0,0.0,800.0,0.8,1.0,0.0,0.0,0.0,0.0,0.0,0.0,1.0,0.663,1.0,minimize_generator,full_grid,False,0.0,2847.32,5000,inf
2013-01-24,589.125,6.627,595.752,456.491,7.12,463.611,463.611,0.0,0.0,132.141,0.0,0.0,0.0,0.0,0.0,0.0,660.904,0.661,1.0,0.0,0.0,0.0,0.0,0.0,0.0,1.0,1.0,1.0,minimize_generator,full_grid,False,0.0,2847.32,5000,inf
2013-01-25,660.42,6.703,667.123,298.807,106.8,405.607,405.607,0.0,0.0,261.516,0.0,0.0,0.0,0.0,0.0,0.0,385.625,0.386,1.0,0.0,0.0,0.0,0.0,0.0,0.0,1.0,1.0,1.0,minimize_generator,full_grid,False,0.0,2847.32,5000,inf
2013-01-26,661.34,8.985,670.325,547.644,53.68,601.324,601.324,0.0,0.0,69.001,0.0,0.0,0.0,0.0,0.0,0.0,312.993,0.313,1.0,0.0,0.0,0.0,0.0,0.0,0.0,1.0,1.0,1.0,minimize_generator,full_grid,False,0.0,2847.32,5000,inf
2013-01-27,585.58,9.459,595.039,495.956,312.48,808.436,595.039,213.397,213.397,0.0,0.0,0.0,0.0,0.0,0.0,0.0,515.72,0.516,1.0,0.0,0.0,0.0,0.0,0.0,0.0,1.0,1.0,1.0,minimize_generator,full_grid,False,0.0,2847.32,5000,inf
2013-01-28,659.3,8.765,668.065,295.537,272.44,567.977,567.977,0.0,0.0,100.088,0.0,0.0,0.0,0.0,0.0,0.0,410.363,0.41,1.0,0.0,0.0,0.0,0.0,0.0,0.0,1.0,1.0,1.0,minimize_generator,full_grid,False,0.0,2847.32,5000,inf
2013-01-29,659.675,9.234,668.909,674.495,289.92,964.415,668.909,295.506,295.506,0.0,0.0,0.0,0.0,0.0,0.0,0.0,691.095,0.691,1.0,0.0,0.0,0.0,0.0,0.0,0.0,1.0,1.0,1.0,minimize_generator,full_grid,False,0.0,2847.32,5000,inf
2013-01-30,589.31,8.193,597.503,514.501,330.84,845.341,597.503,247.838,114.637,0.0,0.0,133.2,0.0,0.0,0.0,0.0,800.0,0.8,1.0,0.0,0.0,0.0,0.0,0.0,0.0,1.0,0.842,1.0,minimize_generator,full_grid,False,0.0,2980.521,5000,inf
2013-01-31,662.86,8.516,671.376,435.895,483.6,919.495,671.376,248.119,0.0,0.0,0.0,248.119,0.0,0.0,0.0,0.0,800.0,0.8,1.0,0.0,0.0,0.0,0.0,0.0,0.0,1.0,0.73,1.0,minimize_generator,full_grid,False,0.0,3228.64,5000,inf
2013-02-01,656.865,10.51,667.375,444.52,435.64,880.16,667.375,212.785,0.0,0.0,0.0,212.785,0.0,0.0,0.0,0.0,800.0,0.8,1.0,0.0,0.0,0.0,0.0,0.0,0.0,1.0,0.758,1.0,minimize_generator,full_grid,False,0.0,212.785,5000,inf
2013-02-02,657.995,9.149,667.144,727.292,183.64,910.932,667.144,243.788,0.0,0.0,0.0,243.788,0.0,0.0,0.0,0.0,800.0,0.8,1.0,0.0,0.0,0.0,0.0,0.0,0.0,1.0,0.732,1.0,minimize_generator,full_grid,False,0.0,456.572,5000,inf
2013-02-03,656.865,8.036,664.901,753.426,3.12,756.546,664.901,91.645,0.0,0.0,0.0,91.645,0.0,0.0,0.0,0.0,800.0,0.8,1.0,0.0,0.0,0.0,0.0,0.0,0.0,1.0,0.879,1.0,minimize_generator,full_grid,False,0.0,548.218,5000,inf
2013-02-04,657.81,11.204,669.014,754.026,126.68,880.706,669.014,211.692,0.0,0.0,0.0,211.692,0.0,0.0,0.0,0.0,800.0,0.8,1.0,0.0,0.0,0.0,0.0,0.0,0.0,1.0,0.76,1.0,minimize_generator,full_grid,False,0.0,759.91,5000,inf
2013-02-05,586.885,9.564,596.449,554.718,148.64,703.358,596.449,106.909,0.0,0.0,0.0,106.909,0.0,0.0,0.0,0.0,800.0,0.8,1.0,0.0,0.0,0.0,0.0,0.0,0.0,1.0,0.848,1.0,minimize_generator,full_grid,False,0.0,866.819,5000,inf
2013-02-06,585.755,10.64,596.395,603.836,381.0,984.836,596.395,388.441,0.0,0.0,0.0,388.441,0.0,0.0,0.0,0.0,800.0,0.8,1.0,0.0,0.0,0.0,0.0,0.0,0.0,1.0,0.606,1.0,minimize_generator,full_grid,False,0.0,1255.26,5000,inf
2013-02-07,664.375,9.941,674.316,765.927,71.52,837.447,674.316,163.131,0.0,0.0,0.0,163.131,0.0,0.0,0.0,0.0,800.0,0.8,1.0,0.0,0.0,0.0,0.0,0.0,0.0,1.0,0.805,1.0,minimize_generator,full_grid,False,0.0,1418.391,5000,inf
2013-02-08,588.18,8.281,596.461,730.03,3.36,733.39,596.461,136.929,0.0,0.0,0.0,136.929,0.0,0.0,0.0,0.0,800.0,0.8,1.0,0.0,0.0,0.0,0.0,0.0,0.0,1.0,0.813,1.0,minimize_generator,full_grid,False,0.0,1555.32,5000,inf
2013-02-09,587.83,12.15,599.98,784.98,187.4,972.38,599.98,372.4,0.0,0.0,0.0,372.4,0.0,0.0,0.0,0.0,800.0,0.8,1.0,0.0,0.0,0.0,0.0,0.0,0.0,1.0,0.617,1.0,minimize_generator,full_grid,False,0.0,1927.72,5000,inf
2013-02-10,583.53,10.131,593.661,541.51,239.56,781.07,593.661,187.409,0.0,0.0,0.0,187.409,0.0,0.0,0.0,0.0,800.0,0.8,1.0,0.0,0.0,0.0,0.0,0.0,0.0,1.0,0.76,1.0,minimize_generator,full_grid,False,0.0,2115.129,5000,inf
2013-02-11,589.31,12.373,601.683,723.406,436.92,1160.326,601.683,558.643,0.0,0.0,0.0,558.643,0.0,0.0,0.0,0.0,800.0,0.8,1.0,0.0,0.0,0.0,0.0,0.0,0.0,1.0,0.519,1.0,minimize_generator,full_grid,False,0.0,2673.771,5000,inf
2013-02-12,586.885,11.217,598.102,807.737,148.64,956.377,598.102,358.275,0.0,0.0,0.0,358.275,0.0,0.0,0.0,0.0,800.0,0.8,1.0,0.0,0.0,0.0,0.0,0.0,0.0,1.0,0.625,1.0,minimize_generator,full_grid,False,0.0,3032.046,5000,inf
2013-02-13,665.47,10.251,675.721,680.389,28.36,708.749,675.721,33.028,0.0,0.0,0.0,33.028,0.0,0.0,0.0,0.0,800.0,0.8,1.0,0.0,0.0,0.0,0.0,0.0,0.0,1.0,0.953,1.0,minimize_generator,full_grid,False,0.0,3065.074,5000,inf
2013-02-14,663.245,7.412,670.657,533.141,0.4,533.541,533.541,0.0,0.0,137.116,0.0,0.0,0.0,0.0,0.0,0.0,655.667,0.656,1.0,0.0,0.0,0.0,0.0,0.0,0.0,1.0,1.0,1.0,minimize_generator,full_grid,False,0.0,3065.074,5000,inf
2013-02-15,656.69,402.544,1059.234,645.336,414.48,1059.816,1059.234,0.582,0.582,0.0,0.0,0.0,0.0,0.0,0.0,0.0,656.22,0.656,1.0,0.0,0.0,0.0,0.0,0.0,0.0,1.0,1.0,1.0,minimize_generator,full_grid,False,0.0,3065.074,5000,inf
2013-02-16,731.14,485.742,1216.882,818.951,387.2,1206.151,1206.151,0.0,0.0,10.731,0.0,0.0,0.0,0.0,0.0,0.0,644.924,0.645,1.0,0.0,0.0,0.0,0.0,0.0,0.0,1.0,1.0,1.0,minimize_generator,full_grid,False,0.0,3065.074,5000,inf
2013-02-17,663.605,490.144,1153.749,824.456,310.68,1135.136,1135.136,0.0,0.0,18.613,0.0,0.0,0.0,0.0,0.0,0.0,625.332,0.625,1.0,0.0,0.0,0.0,0.0,0.0,0.0,1.0,1.0,1.0,minimize_generator,full_grid,False,0.0,3065.074,5000,inf
2013-02-18,658.555,488.177,1146.732,791.039,391.76,1182.799,1146.732,36.067,36.067,0.0,0.0,0.0,0.0,0.0,0.0,0.0,659.595,0.66,1.0,0.0,0.0,0.0,0.0,0.0,0.0,1.0,1.0,1.0,minimize_generator,full_grid,False,0.0,3065.074,5000,inf
2013-02-19,583.715,490.219,1073.934,858.804,317.76,1176.564,1073.934,102.63,102.63,0.0,0.0,0.0,0.0,0.0,0.0,0.0,757.093,0.757,1.0,0.0,0.0,0.0,0.0,0.0,0.0,1.0,1.0,1.0,minimize_generator,full_grid,False,0.0,3065.074,5000,inf
2013-02-20,732.06,500.834,1232.894,866.776,212.0,1078.776,1078.776,0.0,0.0,154.118,0.0,0.0,0.0,0.0,0.0,0.0,594.864,0.595,1.0,0.0,0.0,0.0,0.0,0.0,0.0,1.0,1.0,1.0,minimize_generator,full_grid,False,0.0,3065.074,5000,inf
2013-02-21,588.18,456.626,1044.806,797.259,18.68,815.939,815.939,0.0,0.0,228.867,0.0,0.0,0.0,0.0,0.0,0.0,353.952,0.354,1.0,0.0,0.0,0.0,0.0,0.0,0.0,1.0,1.0,1.0,minimize_generator,full_grid,False,0.0,3065.074,5000,inf
2013-02-22,587.445,456.734,1044.179,712.383,29.56,741.943,741.943,0.0,0.0,146.254,155.982,0.0,0.0,0.0,0.0,0.0,200.0,0.2,1.0,0.0,0.0,8.094,0.0,0.0,8.094,0.851,1.0,0.851,minimize_generator,full_grid,False,155.982,3065.074,5000,inf
2013-02-23,664.935,488.108,1153.043,707.395,293.6,1000.995,1000.995,0.0,0.0,0.0,152.048,0.0,0.0,0.0,0.0,0.0,200.0,0.2,1.0,0.0,0.0,7.91,0.0,0.0,7.91,0.868,1.0,0.868,minimize_generator,full_grid,False,308.03,3065.074,5000,inf
2013-02-24,733.355,517.122,1250.477,857.879,117.4,975.279,975.279,0.0,0.0,0.0,275.198,0.0,0.0,0.0,0.0,0.0,200.0,0.2,1.0,0.0,0.0,14.341,0.0,0.0,14.341,0.78,1.0,0.78,minimize_generator,full_grid,False,583.229,3065.074,5000,inf
2013-02-25,729.625,516.991,1246.616,852.611,30.36,882.971,882.971,0.0,0.0,0.0,363.645,0.0,0.0,0.0,0.0,0.0,200.0,0.2,1.0,0.0,0.0,18.947,0.0,0.0,18.947,0.708,1.0,0.708,minimize_generator,full_grid,False,946.874,3065.074,5000,inf
2013-02-26,663.805,422.108,1085.913,682.28,3.56,685.84,685.84,0.0,0.0,0.0,400.073,0.0,0.0,0.0,0.0,0.0,200.0,0.2,1.0,0.0,0.0,20.942,0.0,0.0,20.942,0.632,1.0,0.632,minimize_generator,full_grid,False,1346.947,3065.074,5000,inf
2013-02-27,664.165,603.655,1267.82,837.747,304.44,1142.187,1142.187,0.0,0.0,0.0,125.633,0.0,0.0,0.0,0.0,0.0,200.0,0.2,1.0,0.0,0.0,6.473,0.0,0.0,6.473,0.901,1.0,0.901,minimize_generator,full_grid,False,1472.58,3065.074,5000,inf
2013-02-28,665.295,636.261,1301.556,863.389,377.12,1240.509,1240.509,0.0,0.0,0.0,61.047,0.0,0.0,0.0,0.0,0.0,200.0,0.2,1.0,0.0,0.0,3.138,0.0,0.0,3.138,0.953,1.0,0.953,minimize_generator,full_grid,False,1533.627,3065.074,5000,inf
2013-03-01,665.11,552.109,1217.219,874.868,365.16,1240.028,1217.219,22.809,22.809,0.0,0.0,0.0,0.0,0.0,0.0,0.0,221.669,0.222,1.0,0.0,0.0,0.0,0.0,0.0,0.0,1.0,1.0,1.0,minimize_generator,full_grid,False,0.0,0.0,5000,inf
2013-03-02,663.605,530.395,1194.0,847.829,53.12,900.949,900.949,0.0,0.0,20.585,272.466,0.0,0.0,0.0,0.0,0.0,200.0,0.2,1.0,0.0,0.0,14.223,0.0,0.0,14.223,0.772,1.0,0.772,minimize_generator,full_grid,False,272.466,0.0,5000,inf
2013-03-03,663.245,567.026,1230.271,799.64,127.52,927.16,927.16,0.0,0.0,0.0,303.111,0.0,0.0,0.0,0.0,0.0,200.0,0.2,1.0,0.0,0.0,15.778,0.0,0.0,15.778,0.754,1.0,0.754,minimize_generator,full_grid,False,575.577,0.0,5000,inf
2013-03-04,662.685,584.544,1247.229,831.295,359.44,1190.735,1190.735,0.0,0.0,0.0,56.494,0.0,0.0,0.0,0.0,0.0,200.0,0.2,1.0,0.0,0.0,2.937,0.0,0.0,2.937,0.955,1.0,0.955,minimize_generator,full_grid,False,632.071,0.0,5000,inf
2013-03-05,660.035,539.575,1199.61,911.114,457.52,1368.634,1199.61,169.024,169.024,0.0,0.0,0.0,0.0,0.0,0.0,0.0,360.573,0.361,1.0,0.0,0.0,0.0,0.0,0.0,0.0,1.0,1.0,1.0,minimize_generator,full_grid,False,632.071,0.0,5000,inf
2013-03-06,662.11,573.742,1235.852,955.861,110.8,1066.661,1066.661,0.0,0.0,152.544,16.647,0.0,0.0,0.0,0.0,0.0,200.0,0.2,1.0,0.0,0.0,0.866,0.0,0.0,0.866,0.987,1.0,0.987,minimize_generator,full_grid,False,648.717,0.0,5000,inf
2013-03-07,657.075,519.785,1176.86,922.11,29.16,951.27,951.27,0.0,0.0,0.0,225.59,0.0,0.0,0.0,0.0,0.0,200.0,0.2,1.0,0.0,0.0,11.781,0.0,0.0,11.781,0.808,1.0,0.808,minimize_generator,full_grid,False,874.307,0.0,5000,inf
2013-03-08,663.605,506.946,1170.551,773.821,109.2,883.021,883.021,0.0,0.0,0.0,287.53,0.0,0.0,0.0,0.0,0.0,200.0,0.2,1.0,0.0,0.0,15.038,0.0,0.0,15.038,0.754,1.0,0.754,minimize_generator,full_grid,False,1161.837,0.0,5000,inf
2013-03-09,660.245,611.326,1271.571,938.229,369.96,1308.189,1271.571,36.618,36.618,0.0,0.0,0.0,0.0,0.0,0.0,0.0,234.787,0.235,1.0,0.0,0.0,0.0,0.0,0.0,0.0,1.0,1.0,1.0,minimize_generator,full_grid,False,1161.837,0.0,5000,inf
2013-03-10,660.035,625.141,1285.176,953.922,289.04,1242.962,1242.962,0.0,0.0,33.048,9.166,0.0,0.0,0.0,0.0,0.0,200.0,0.2,1.0,0.0,0.0,0.475,0.0,0.0,0.475,0.993,1.0,0.993,minimize_generator,full_grid,False,1171.004,0.0,5000,inf
2013-03-11,665.47,614.857,1280.327,951.738,19.28,971.018,971.018,0.0,0.0,0.0,309.309,0.0,0.0,0.0,0.0,0.0,200.0,0.2,1.0,0.0,0.0,16.046,0.0,0.0,16.046,0.758,1.0,0.758,minimize_generator,full_grid,False,1480.313,0.0,5000,inf
2013-03-12,733.18,643.976,1377.156,895.894,156.76,1052.654,1052.654,0.0,0.0,0.0,324.502,0.0,0.0,0.0,0.0,0.0,200.0,0.2,1.0,0.0,0.0,16.871,0.0,0.0,16.871,0.764,1.0,0.764,minimize_generator,full_grid,False,1804.815,0.0,5000,inf
2013-03-13,731.7,571.683,1303.383,810.8,17.76,828.56,828.56,0.0,0.0,0.0,474.823,0.0,0.0,0.0,0.0,0.0,200.0,0.2,1.0,0.0,0.0,24.811,0.0,0.0,24.811,0.636,1.0,0.636,minimize_generator,full_grid,False,2279.638,0.0,5000,inf
2013-03-14,659.3,671.366,1330.666,932.136,43.0,975.136,975.136,0.0,0.0,0.0,355.53,0.0,0.0,0.0,0.0,0.0,200.0,0.2,1.0,0.0,0.0,18.366,0.0,0.0,18.366,0.733,1.0,0.733,minimize_generator,full_grid,False,2635.168,0.0,5000,inf
2013-03-15,661.725,673.704,1335.429,852.118,151.32,1003.438,1003.438,0.0,0.0,0.0,331.991,0.0,0.0,0.0,0.0,0.0,200.0,0.2,1.0,0.0,0.0,17.151,0.0,0.0,17.151,0.751,1.0,0.751,minimize_generator,full_grid,False,2967.159,0.0,5000,inf
2013-03-16,732.62,621.523,1354.143,784.101,442.08,1226.181,1226.181,0.0,0.0,0.0,127.962,0.0,0.0,0.0,0.0,0.0,200.0,0.2,1.0,0.0,0.0,6.663,0.0,0.0,6.663,0.906,1.0,0.906,minimize_generator,full_grid,False,3095.121,0.0,5000,inf
2013-03-17,662.685,651.599,1314.284,969.349,524.56,1493.909,1314.284,179.625,179.625,0.0,0.0,0.0,0.0,0.0,0.0,0.0,370.644,0.371,1.0,0.0,0.0,0.0,0.0,0.0,0.0,1.0,1.0,1.0,minimize_generator,full_grid,False,3095.121,0.0,5000,inf
2013-03-18,665.855,629.318,1295.173,1032.52,278.92,1311.44,1295.173,16.267,16.267,0.0,0.0,0.0,0.0,0.0,0.0,0.0,386.097,0.386,1.0,0.0,0.0,0.0,0.0,0.0,0.0,1.0,1.0,1.0,minimize_generator,full_grid,False,3095.121,0.0,5000,inf
2013-03-19,732.06,667.014,1399.074,924.896,191.16,1116.056,1116.056,0.0,0.0,176.793,106.225,0.0,0.0,0.0,0.0,0.0,200.0,0.2,1.0,0.0,0.0,5.514,0.0,0.0,5.514,0.924,1.0,0.924,minimize_generator,full_grid,False,3201.346,0.0,5000,inf
2013-03-20,663.605,768.915,1432.52,1005.537,247.12,1252.657,1252.657,0.0,0.0,0.0,179.863,0.0,0.0,0.0,0.0,0.0,200.0,0.2,1.0,0.0,0.0,9.239,0.0,0.0,9.239,0.874,1.0,0.874,minimize_generator,full_grid,False,3381.209,0.0,5000,inf
2013-03-21,730.93,651.163,1382.093,941.292,23.56,964.852,964.852,0.0,0.0,0.0,417.241,0.0,0.0,0.0,0.0,0.0,200.0,0.2,1.0,0.0,0.0,21.68,0.0,0.0,21.68,0.698,1.0,0.698,minimize_generator,full_grid,False,3798.45,0.0,5000,inf
2013-03-22,662.86,849.358,1512.218,907.203,305.32,1212.523,1212.523,0.0,0.0,0.0,299.695,0.0,0.0,0.0,0.0,0.0,200.0,0.2,1.0,0.0,0.0,15.328,0.0,0.0,15.328,0.802,1.0,0.802,minimize_generator,full_grid,False,4098.145,0.0,5000,inf
2013-03-23,665.855,761.779,1427.634,984.825,487.16,1471.985,1427.634,44.351,44.351,0.0,0.0,0.0,0.0,0.0,0.0,0.0,242.133,0.242,1.0,0.0,0.0,0.0,0.0,0.0,0.0,1.0,1.0,1.0,minimize_generator,full_grid,False,4098.145,0.0,5000,inf
2013-03-24,732.62,748.542,1481.162,1058.833,354.52,1413.353,1413.353,0.0,0.0,40.026,27.783,0.0,0.0,0.0,0.0,0.0,200.0,0.2,1.0,0.0,0.0,1.435,0.0,0.0,1.435,0.981,1.0,0.981,minimize_generator,full_grid,False,4125.928,0.0,5000,inf
2013-03-25,662.685,759.732,1422.417,1057.638,17.48,1075.118,1075.118,0.0,0.0,0.0,347.299,0.0,0.0,0.0,0.0,0.0,200.0,0.2,1.0,0.0,0.0,17.849,0.0,0.0,17.849,0.756,1.0,0.756,minimize_generator,full_grid,False,4473.227,0.0,5000,inf
2013-03-26,733.74,754.723,1488.463,940.581,32.84,973.421,973.421,0.0,0.0,0.0,515.042,0.0,0.0,0.0,0.0,0.0,200.0,0.2,1.0,0.0,0.0,26.595,0.0,0.0,26.595,0.654,1.0,0.654,minimize_generator,full_grid,False,4988.269,0.0,5000,inf
2013-03-27,732.235,829.82,1562.055,1013.624,390.24,1403.864,1403.864,0.0,0.0,0.0,11.731,0.0,146.46,0.0,0.0,0.0,200.0,0.2,1.0,87.876,9.764,0.603,0.0,26.837,27.441,0.992,1.0,0.899,minimize_generator,full_grid,False,5000.0,0.0,5000,inf
2013-03-28,734.66,827.655,1562.315,1044.791,108.4,1153.191,1153.191,0.0,0.0,0.0,0.0,0.0,409.124,0.0,0.0,0.0,200.0,0.2,1.0,225.825,24.0,0.0,0.0,68.967,68.967,1.0,1.0,0.738,minimize_generator,full_grid,False,5000.0,0.0,5000,inf
2013-03-29,733.74,787.903,1521.643,1059.911,98.12,1158.031,1158.031,0.0,0.0,0.0,0.0,0.0,363.612,0.0,0.0,0.0,200.0,0.2,1.0,216.722,24.0,0.0,0.0,66.187,66.187,1.0,1.0,0.761,minimize_generator,full_grid,False,5000.0,0.0,5000,inf
2013-03-30,738.215,587.558,1325.773,1038.379,11.96,1050.339,1050.339,0.0,0.0,0.0,0.0,0.0,275.434,0.0,0.0,0.0,200.0,0.2,1.0,165.261,18.362,0.0,0.0,50.471,50.471,1.0,1.0,0.792,minimize_generator,full_grid,False,5000.0,0.0,5000,inf
2013-03-31,733.925,270.717,1004.642,1010.493,57.12,1067.613,1004.642,62.971,62.971,0.0,0.0,0.0,0.0,0.0,0.0,0.0,259.822,0.26,1.0,0.0,0.0,0.0,0.0,0.0,0.0,1.0,1.0,1.0,minimize_generator,full_grid,False,5000.0,0.0,5000,inf
2013-04-01,732.235,852.939,1585.174,922.721,23.56,946.281,946.281,0.0,0.0,56.831,582.062,0.0,0.0,0.0,0.0,0.0,200.0,0.2,1.0,0.0,0.0,30.291,0.0,0.0,30.291,0.633,1.0,0.633,minimize_generator,full_grid,False,582.062,0.0,5000,inf
2013-04-02,734.66,936.766,1671.426,953.377,346.2,1299.577,1299.577,0.0,0.0,0.0,371.849,0.0,0.0,0.0,0.0,0.0,200.0,0.2,1.0,0.0,0.0,19.284,0.0,0.0,19.284,0.778,1.0,0.778,minimize_generator,full_grid,False,953.911,0.0,5000,inf
2013-04-03,736.525,915.706,1652.231,1080.894,21.52,1102.414,1102.414,0.0,0.0,0.0,549.817,0.0,0.0,0.0,0.0,0.0,200.0,0.2,1.0,0.0,0.0,28.541,0.0,0.0,28.541,0.667,1.0,0.667,minimize_generator,full_grid,False,1503.728,0.0,5000,inf
2013-04-04,734.87,879.108,1613.978,980.951,430.32,1411.271,1411.271,0.0,0.0,0.0,202.707,0.0,0.0,0.0,0.0,0.0,200.0,0.2,1.0,0.0,0.0,10.538,0.0,0.0,10.538,0.874,1.0,0.874,minimize_generator,full_grid,False,1706.435,0.0,5000,inf
2013-04-05,735.22,1024.314,1759.534,1114.528,452.72,1567.248,1567.248,0.0,0.0,0.0,192.286,0.0,0.0,0.0,0.0,0.0,200.0,0.2,1.0,0.0,0.0,9.938,0.0,0.0,9.938,0.891,1.0,0.891,minimize_generator,full_grid,False,1898.72,0.0,5000,inf
2013-04-06,732.795,965.836,1698.631,1100.658,24.28,1124.938,1124.938,0.0,0.0,0.0,573.693,0.0,0.0,0.0,0.0,0.0,200.0,0.2,1.0,0.0,0.0,29.714,0.0,0.0,29.714,0.662,1.0,0.662,minimize_generator,full_grid,False,2472.413,0.0,5000,inf
2013-04-07,733.18,1015.986,1749.166,1088.071,66.96,1155.031,1155.031,0.0,0.0,0.0,594.135,0.0,0.0,0.0,0.0,0.0,200.0,0.2,1.0,0.0,0.0,30.714,0.0,0.0,30.714,0.66,1.0,0.66,minimize_generator,full_grid,False,3066.548,0.0,5000,inf
2013-04-08,730.755,1026.056,1756.811,1022.154,207.24,1229.394,1229.394,0.0,0.0,0.0,527.417,0.0,0.0,0.0,0.0,0.0,200.0,0.2,1.0,0.0,0.0,27.251,0.0,0.0,27.251,0.7,1.0,0.7,minimize_generator,full_grid,False,3593.965,0.0,5000,inf
2013-04-09,813.845,833.221,1647.066,911.643,416.6,1328.243,1328.243,0.0,0.0,0.0,318.823,0.0,0.0,0.0,0.0,0.0,200.0,0.2,1.0,0.0,0.0,16.675,0.0,0.0,16.675,0.806,1.0,0.806,minimize_generator,full_grid,False,3912.788,0.0,5000,inf
2013-04-10,732.06,936.595,1668.655,1069.154,421.48,1490.634,1490.634,0.0,0.0,0.0,178.021,0.0,0.0,0.0,0.0,0.0,200.0,0.2,1.0,0.0,0.0,9.231,0.0,0.0,9.231,0.893,1.0,0.893,minimize_generator,full_grid,False,4090.809,0.0,5000,inf
2013-04-11,734.485,891.903,1626.388,1006.149,307.12,1313.269,1313.269,0.0,0.0,0.0,313.119,0.0,0.0,0.0,0.0,0.0,200.0,0.2,1.0,0.0,0.0,16.269,0.0,0.0,16.269,0.807,1.0,0.807,minimize_generator,full_grid,False,4403.928,0.0,5000,inf
2013-04-12,734.66,974.936,1709.596,1103.844,398.52,1502.364,1502.364,0.0,0.0,0.0,207.232,0.0,0.0,0.0,0.0,0.0,200.0,0.2,1.0,0.0,0.0,10.731,0.0,0.0,10.731,0.879,1.0,0.879,minimize_generator,full_grid,False,4611.16,0.0,5000,inf
2013-04-13,811.98,877.718,1689.698,1108.8,334.28,1443.08,1443.08,0.0,0.0,0.0,246.618,0.0,0.0,0.0,0.0,0.0,200.0,0.2,1.0,0.0,0.0,12.872,0.0,0.0,12.872,0.854,1.0,0.854,minimize_generator,full_grid,False,4857.778,0.0,5000,inf
2013-04-14,736.91,797.615,1534.525,1000.468,182.68,1183.148,1183.148,0.0,0.0,0.0,142.222,0.0,209.155,0.0,0.0,0.0,200.0,0.2,1.0,125.493,13.944,7.423,0.0,39.555,46.978,0.907,1.0,0.771,minimize_generator,full_grid,False,5000.0,0.0,5000,inf
2013-04-15,813.845,847.665,1661.51,1085.313,297.2,1382.513,1382.513,0.0,0.0,0.0,0.0,0.0,278.997,0.0,0.0,0.0,200.0,0.2,1.0,167.398,18.6,0.0,0.0,52.764,52.764,1.0,1.0,0.832,minimize_generator,full_grid,False,5000.0,0.0,5000,inf
2013-04-16,736.165,718.387,1454.552,1136.459,354.52,1490.979,1454.552,36.427,36.427,0.0,0.0,0.0,0.0,0.0,0.0,0.0,234.605,0.235,1.0,0.0,0.0,0.0,0.0,0.0,0.0,1.0,1.0,1.0,minimize_generator,full_grid,False,5000.0,0.0,5000,inf
2013-04-17,810.85,637.443,1448.293,1139.736,427.64,1567.376,1448.293,119.083,119.083,0.0,0.0,0.0,0.0,0.0,0.0,0.0,347.734,0.348,1.0,0.0,0.0,0.0,0.0,0.0,0.0,1.0,1.0,1.0,minimize_generator,full_grid,False,5000.0,0.0,5000,inf
2013-04-18,736.165,645.32,1381.485,1123.965,244.28,1368.245,1368.245,0.0,0.0,13.24,0.0,0.0,0.0,0.0,0.0,0.0,333.797,0.334,1.0,0.0,0.0,0.0,0.0,0.0,0.0,1.0,1.0,1.0,minimize_generator,full_grid,False,5000.0,0.0,5000,inf
2013-04-19,818.495,611.492,1429.987,1128.614,238.6,1367.214,1367.214,0.0,0.0,62.773,0.0,0.0,0.0,0.0,0.0,0.0,267.721,0.268,1.0,0.0,0.0,0.0,0.0,0.0,0.0,1.0,1.0,1.0,minimize_generator,full_grid,False,5000.0,0.0,5000,inf
2013-04-20,735.43,544.861,1280.291,1051.487,387.96,1439.447,1280.291,159.156,159.156,0.0,0.0,0.0,0.0,0.0,0.0,0.0,418.919,0.419,1.0,0.0,0.0,0.0,0.0,0.0,0.0,1.0,1.0,1.0,minimize_generator,full_grid,False,5000.0,0.0,5000,inf
2013-04-21,812.34,496.147,1308.487,1134.791,269.64,1404.431,1308.487,95.944,95.944,0.0,0.0,0.0,0.0,0.0,0.0,0.0,510.066,0.51,1.0,0.0,0.0,0.0,0.0,0.0,0.0,1.0,1.0,1.0,minimize_generator,full_grid,False,5000.0,0.0,5000,inf
2013-04-22,813.845,448.912,1262.757,1129.368,331.72,1461.088,1262.757,198.331,198.331,0.0,0.0,0.0,0.0,0.0,0.0,0.0,698.48,0.698,1.0,0.0,0.0,0.0,0.0,0.0,0.0,1.0,1.0,1.0,minimize_generator,full_grid,False,5000.0,0.0,5000,inf
2013-04-23,813.285,452.188,1265.473,1131.704,189.28,1320.984,1265.473,55.511,55.511,0.0,0.0,0.0,0.0,0.0,0.0,0.0,751.216,0.751,1.0,0.0,0.0,0.0,0.0,0.0,0.0,1.0,1.0,1.0,minimize_generator,full_grid,False,5000.0,0.0,5000,inf
2013-04-24,811.42,464.82,1276.24,1145.891,107.6,1253.491,1253.491,0.0,0.0,22.749,0.0,0.0,0.0,0.0,0.0,0.0,727.27,0.727,1.0,0.0,0.0,0.0,0.0,0.0,0.0,1.0,1.0,1.0,minimize_generator,full_grid,False,5000.0,0.0,5000,inf
2013-04-25,811.98,347.736,1159.716,1106.6,145.04,1251.64,1159.716,91.924,76.558,0.0,0.0,15.366,0.0,0.0,0.0,0.0,800.0,0.8,1.0,0.0,0.0,0.0,0.0,0.0,0.0,1.0,0.988,1.0,minimize_generator,full_grid,False,5000.0,15.366,5000,inf
2013-04-26,812.9,246.774,1059.674,1121.577,127.52,1249.097,1059.674,189.423,0.0,0.0,0.0,189.423,0.0,0.0,0.0,0.0,800.0,0.8,1.0,0.0,0.0,0.0,0.0,0.0,0.0,1.0,0.848,1.0,minimize_generator,full_grid,False,5000.0,204.789,5000,inf
2013-04-27,812.54,163.565,976.105,1085.934,14.16,1100.094,976.105,123.989,0.0,0.0,0.0,123.989,0.0,0.0,0.0,0.0,800.0,0.8,1.0,0.0,0.0,0.0,0.0,0.0,0.0,1.0,0.887,1.0,minimize_generator,full_grid,False,5000.0,328.778,5000,inf
2013-04-28,817.015,103.93,920.945,1026.565,22.88,1049.445,920.945,128.5,0.0,0.0,0.0,128.5,0.0,0.0,0.0,0.0,800.0,0.8,1.0,0.0,0.0,0.0,0.0,0.0,0.0,1.0,0.878,1.0,minimize_generator,full_grid,False,5000.0,457.277,5000,inf
2013-04-29,892.445,71.289,963.734,1122.206,122.44,1244.646,963.734,280.912,0.0,0.0,0.0,280.912,0.0,0.0,0.0,0.0,800.0,0.8,1.0,0.0,0.0,0.0,0.0,0.0,0.0,1.0,0.774,1.0,minimize_generator,full_grid,False,5000.0,738.19,5000,inf
2013-04-30,811.98,50.405,862.385,1074.003,78.28,1152.283,862.385,289.898,0.0,0.0,0.0,289.898,0.0,0.0,0.0,0.0,800.0,0.8,1.0,0.0,0.0,0.0,0.0,0.0,0.0,1.0,0.748,1.0,minimize_generator,full_grid,False,5000.0,1028.087,5000,inf
2013-05-01,738.215,1283.689,2021.904,1121.943,155.88,1277.823,1277.823,0.0,0.0,570.0,174.081,0.0,0.0,0.0,0.0,0.0,200.0,0.2,1.0,0.0,0.0,8.97,0.0,0.0,8.97,0.914,1.0,0.914,minimize_generator,full_grid,False,174.081,0.0,5000,inf
2013-05-02,814.205,1175.935,1990.14,903.076,32.44,935.516,935.516,0.0,0.0,0.0,1054.624,0.0,0.0,0.0,0.0,0.0,200.0,0.2,1.0,0.0,0.0,54.678,0.0,0.0,54.678,0.47,1.0,0.47,minimize_generator,full_grid,False,1228.705,0.0,5000,inf
2013-05-03,895.08,982.962,1878.042,800.648,12.92,813.568,813.568,0.0,0.0,0.0,1064.474,0.0,0.0,0.0,0.0,0.0,200.0,0.2,1.0,0.0,0.0,55.706,0.0,0.0,55.706,0.433,1.0,0.433,minimize_generator,full_grid,False,2293.178,0.0,5000,inf
2013-05-04,812.155,1218.048,2030.203,1039.21,6.76,1045.97,1045.97,0.0,0.0,0.0,984.233,0.0,0.0,0.0,0.0,0.0,200.0,0.2,1.0,0.0,0.0,50.964,0.0,0.0,50.964,0.515,1.0,0.515,minimize_generator,full_grid,False,3277.411,0.0,5000,inf
2013-05-05,892.27,1217.047,2109.317,1114.907,43.0,1157.907,1157.907,0.0,0.0,0.0,951.41,0.0,0.0,0.0,0.0,0.0,200.0,0.2,1.0,0.0,0.0,49.422,0.0,0.0,49.422,0.549,1.0,0.549,minimize_generator,full_grid,False,4228.821,0.0,5000,inf
2013-05-06,892.645,1199.259,2091.904,1154.514,157.68,1312.194,1312.194,0.0,81.468,0.0,771.179,0.0,8.532,81.468,0.0,0.0,277.395,0.277,0.721,54.0,6.0,40.08,0.0,16.794,56.874,0.631,1.0,0.627,minimize_generator,full_grid,False,5000.0,0.0,5000,inf
2013-05-07,814.02,1189.779,2003.799,1169.28,221.52,1390.8,1390.8,0.0,0.0,73.525,0.0,0.0,539.474,0.0,0.0,0.0,200.0,0.2,0.721,251.895,24.0,0.0,0.0,78.339,78.339,1.0,1.0,0.721,minimize_generator,full_grid,False,5000.0,0.0,5000,inf
2013-05-08,818.495,1073.517,1892.012,1114.489,42.04,1156.529,1156.529,0.0,0.0,0.0,0.0,0.0,735.483,0.0,0.0,0.0,200.0,0.2,0.721,291.097,24.0,0.0,0.0,90.531,90.531,1.0,1.0,0.611,minimize_generator,full_grid,False,5000.0,0.0,5000,inf
2013-05-09,893.39,1040.279,1933.669,1105.084,197.76,1302.844,1302.844,0.0,0.0,0.0,0.0,0.0,630.825,0.0,0.0,0.0,200.0,0.2,0.721,270.165,24.0,0.0,0.0,84.021,84.021,1.0,1.0,0.674,minimize_generator,full_grid,False,5000.0,0.0,5000,inf
2013-05-10,815.71,1031.705,1847.415,1151.105,64.4,1215.505,1215.505,0.0,0.0,0.0,0.0,0.0,631.91,0.0,0.0,0.0,200.0,0.2,0.721,270.382,24.0,0.0,0.0,84.089,84.089,1.0,1.0,0.658,minimize_generator,full_grid,False,5000.0,0.0,5000,inf
2013-05-11,816.63,894.631,1711.261,1077.569,26.84,1104.409,1104.409,0.0,0.0,0.0,0.0,0.0,606.852,0.0,0.0,0.0,200.0,0.2,0.721,265.37,24.0,0.0,0.0,82.53,82.53,1.0,1.0,0.645,minimize_generator,full_grid,False,5000.0,0.0,5000,inf
2013-05-12,815.5,799.206,1614.706,1131.423,421.48,1552.903,1552.903,0.0,28.197,0.0,0.0,0.0,61.803,28.197,0.0,0.0,226.787,0.227,0.636,54.0,6.0,0.0,0.0,16.794,16.794,1.0,1.0,0.962,minimize_generator,full_grid,False,5000.0,0.0,5000,inf
2013-05-13,814.205,799.273,1613.478,1160.582,43.52,1204.102,1204.102,0.0,0.0,25.448,0.0,0.0,383.928,0.0,0.0,0.0,200.0,0.2,0.636,220.786,24.0,0.0,0.0,68.664,68.664,1.0,1.0,0.756,minimize_generator,full_grid,False,5000.0,0.0,5000,inf
2013-05-14,815.71,740.406,1556.116,1050.053,184.56,1234.613,1234.613,0.0,0.0,0.0,0.0,0.0,321.503,0.0,0.0,0.0,200.0,0.2,0.636,192.902,21.434,0.0,0.0,59.993,59.993,1.0,1.0,0.793,minimize_generator,full_grid,False,5000.0,0.0,5000,inf
2013-05-15,813.845,632.352,1446.197,1128.705,383.36,1512.065,1446.197,65.868,65.868,0.0,0.0,0.0,0.0,0.0,0.0,0.0,262.574,0.263,0.723,0.0,0.0,0.0,0.0,0.0,0.0,1.0,1.0,1.0,minimize_generator,full_grid,False,5000.0,0.0,5000,inf
2013-05-16,818.88,615.844,1434.724,1199.37,207.24,1406.61,1406.61,0.0,0.0,28.114,0.0,0.0,0.0,0.0,0.0,0.0,232.981,0.233,0.723,0.0,0.0,0.0,0.0,0.0,0.0,1.0,1.0,0.995,minimize_generator,full_grid,False,5000.0,0.0,5000,inf
2013-05-17,816.27,590.097,1406.367,1086.646,87.56,1174.206,1174.206,0.0,0.0,31.332,0.0,0.0,200.829,0.0,0.0,0.0,200.0,0.2,0.723,120.497,13.389,0.0,0.0,37.475,37.475,1.0,1.0,0.851,minimize_generator,full_grid,False,5000.0,0.0,5000,inf
2013-05-18,890.78,529.406,1420.186,1010.952,136.2,1147.152,1147.152,0.0,0.0,0.0,0.0,0.0,273.034,0.0,0.0,0.0,200.0,0.2,0.723,163.82,18.202,0.0,0.0,50.948,50.948,1.0,1.0,0.808,minimize_generator,full_grid,False,5000.0,0.0,5000,inf
2013-05-19,813.845,465.951,1279.796,1063.641,182.68,1246.321,1246.321,0.0,56.525,0.0,0.0,0.0,33.475,56.525,0.0,0.0,253.699,0.254,0.57,54.0,6.0,0.0,0.0,16.794,16.794,1.0,1.0,0.974,minimize_generator,full_grid,False,5000.0,0.0,5000,inf
2013-05-20,891.7,294.996,1186.696,1144.723,493.52,1638.243,1186.696,451.547,451.547,0.0,0.0,0.0,0.0,0.0,0.0,0.0,682.669,0.683,0.84,0.0,0.0,0.0,0.0,0.0,0.0,1.0,1.0,1.0,minimize_generator,full_grid,False,5000.0,0.0,5000,inf
2013-05-21,893.775,282.716,1176.491,1227.427,241.44,1468.867,1176.491,292.376,123.506,0.0,0.0,168.87,0.0,0.0,0.0,0.0,800.0,0.8,0.864,0.0,0.0,0.0,0.0,0.0,0.0,1.0,0.885,1.0,minimize_generator,full_grid,False,5000.0,168.87,5000,inf
2013-05-22,812.9,308.311,1121.211,1190.33,175.2,1365.53,1121.211,244.319,0.0,0.0,0.0,244.319,0.0,0.0,0.0,0.0,800.0,0.8,0.864,0.0,0.0,0.0,0.0,0.0,0.0,1.0,0.821,1.0,minimize_generator,full_grid,False,5000.0,413.188,5000,inf
2013-05-23,892.645,203.527,1096.172,1166.971,86.12,1253.091,1096.172,156.919,0.0,0.0,0.0,156.919,0.0,0.0,0.0,0.0,800.0,0.8,0.864,0.0,0.0,0.0,0.0,0.0,0.0,1.0,0.875,1.0,minimize_generator,full_grid,False,5000.0,570.107,5000,inf
2013-05-24,896.0,165.498,1061.498,1160.546,131.84,1292.386,1061.498,230.888,0.0,0.0,0.0,230.888,0.0,0.0,0.0,0.0,800.0,0.8,0.864,0.0,0.0,0.0,0.0,0.0,0.0,1.0,0.821,1.0,minimize_generator,full_grid,False,5000.0,800.995,5000,inf
2013-05-25,816.63,149.998,966.628,1030.493,417.28,1447.773,966.628,481.145,0.0,0.0,0.0,481.145,0.0,0.0,0.0,0.0,800.0,0.8,0.864,0.0,0.0,0.0,0.0,0.0,0.0,1.0,0.668,1.0,minimize_generator,full_grid,False,5000.0,1282.141,5000,inf
2013-05-26,898.24,128.085,1026.325,1168.202,524.56,1692.762,1026.325,666.437,0.0,0.0,0.0,666.437,0.0,0.0,0.0,0.0,800.0,0.8,0.864,0.0,0.0,0.0,0.0,0.0,0.0,1.0,0.606,1.0,minimize_generator,full_grid,False,5000.0,1948.577,5000,inf
2013-05-27,893.775,113.061,1006.836,1232.62,450.88,1683.5,1006.836,676.664,0.0,0.0,0.0,676.664,0.0,0.0,0.0,0.0,800.0,0.8,0.864,0.0,0.0,0.0,0.0,0.0,0.0,1.0,0.598,1.0,minimize_generator,full_grid,False,5000.0,2625.241,5000,inf
2013-05-28,889.835,94.195,984.03,1246.343,125.84,1372.183,984.03,388.153,0.0,0.0,0.0,388.153,0.0,0.0,0.0,0.0,800.0,0.8,0.864,0.0,0.0,0.0,0.0,0.0,0.0,1.0,0.717,1.0,minimize_generator,full_grid,False,5000.0,3013.395,5000,inf
2013-05-29,892.445,72.763,965.208,1184.222,28.0,1212.222,965.208,247.014,0.0,0.0,0.0,247.014,0.0,0.0,0.0,0.0,800.0,0.8,0.864,0.0,0.0,0.0,0.0,0.0,0.0,1.0,0.796,1.0,minimize_generator,full_grid,False,5000.0,3260.409,5000,inf
2013-05-30,895.08,54.416,949.496,1127.779,7.12,1134.899,949.496,185.403,0.0,0.0,0.0,185.403,0.0,0.0,0.0,0.0,800.0,0.8,0.864,0.0,0.0,0.0,0.0,0.0,0.0,1.0,0.837,1.0,minimize_generator,full_grid,False,5000.0,3445.812,5000,inf
2013-05-31,893.565,36.491,930.056,1112.172,22.2,1134.372,930.056,204.316,0.0,0.0,0.0,204.316,0.0,0.0,0.0,0.0,800.0,0.8,0.864,0.0,0.0,0.0,0.0,0.0,0.0,1.0,0.82,1.0,minimize_generator,full_grid,False,5000.0,3650.128,5000,inf
2013-06-01,895.43,867.518,1762.948,1133.072,121.6,1254.672,1254.672,0.0,0.0,508.276,0.0,0.0,0.0,0.0,0.0,0.0,264.973,0.265,0.864,0.0,0.0,0.0,0.0,0.0,0.0,1.0,1.0,0.961,minimize_generator,full_grid,False,0.0,0.0,5000,inf
2013-06-02,890.22,856.18,1746.4,1172.05,18.68,1190.73,1190.73,0.0,0.0,61.724,493.946,0.0,0.0,0.0,0.0,0.0,200.0,0.2,0.864,0.0,0.0,26.218,0.0,0.0,26.218,0.717,1.0,0.712,minimize_generator,full_grid,False,493.946,0.0,5000,inf
2013-06-03,894.51,846.894,1741.404,1120.948,279.84,1400.788,1400.788,0.0,0.0,0.0,340.616,0.0,0.0,0.0,0.0,0.0,200.0,0.2,0.864,0.0,0.0,18.09,0.0,0.0,18.09,0.804,1.0,0.804,minimize_generator,full_grid,False,834.562,0.0,5000,inf
2013-06-04,818.31,910.331,1728.641,1154.811,486.16,1640.971,1640.971,0.0,0.0,0.0,87.67,0.0,0.0,0.0,0.0,0.0,200.0,0.2,0.864,0.0,0.0,4.628,0.0,0.0,4.628,0.949,1.0,0.949,minimize_generator,full_grid,False,922.232,0.0,5000,inf
2013-06-05,893.95,934.577,1828.527,1124.525,413.76,1538.285,1538.285,0.0,0.0,0.0,290.242,0.0,0.0,0.0,0.0,0.0,200.0,0.2,0.864,0.0,0.0,15.357,0.0,0.0,15.357,0.841,1.0,0.841,minimize_generator,full_grid,False,1212.474,0.0,5000,inf
2013-06-06,891.14,902.267,1793.407,1124.835,242.4,1367.235,1367.235,0.0,0.0,0.0,426.172,0.0,0.0,0.0,0.0,0.0,200.0,0.2,0.864,0.0,0.0,22.577,0.0,0.0,22.577,0.762,1.0,0.762,minimize_generator,full_grid,False,1638.646,0.0,5000,inf
2013-06-07,891.91,934.032,1825.942,1203.731,389.48,1593.211,1593.211,0.0,0.0,0.0,232.731,0.0,0.0,0.0,0.0,0.0,200.0,0.2,0.864,0.0,0.0,12.313,0.0,0.0,12.313,0.873,1.0,0.873,minimize_generator,full_grid,False,1871.377,0.0,5000,inf
2013-06-08,899.545,756.066,1655.611,1026.438,43.52,1069.958,1069.958,0.0,0.0,0.0,585.653,0.0,0.0,0.0,0.0,0.0,200.0,0.2,0.864,0.0,0.0,31.243,0.0,0.0,31.243,0.646,1.0,0.646,minimize_generator,full_grid,False,2457.03,0.0,5000,inf
2013-06-09,899.16,792.651,1691.811,1110.188,352.88,1463.068,1463.068,0.0,0.0,0.0,228.743,0.0,0.0,0.0,0.0,0.0,200.0,0.2,0.864,0.0,0.0,12.181,0.0,0.0,12.181,0.865,1.0,0.865,minimize_generator,full_grid,False,2685.774,0.0,5000,inf
2013-06-10,897.68,844.537,1742.217,1223.466,371.56,1595.026,1595.026,0.0,0.0,0.0,147.191,0.0,0.0,0.0,0.0,0.0,200.0,0.2,0.864,0.0,0.0,7.819,0.0,0.0,7.819,0.916,1.0,0.916,minimize_generator,full_grid,False,2832.965,0.0,5000,inf
2013-06-11,891.35,752.691,1644.041,1254.533,221.52,1476.053,1476.053,0.0,0.0,0.0,167.988,0.0,0.0,0.0,0.0,0.0,200.0,0.2,0.864,0.0,0.0,8.96,0.0,0.0,8.96,0.898,1.0,0.898,minimize_generator,full_grid,False,3000.953,0.0,5000,inf
2013-06-12,894.51,762.005,1656.515,1180.084,179.88,1359.964,1359.964,0.0,0.0,0.0,296.551,0.0,0.0,0.0,0.0,0.0,200.0,0.2,0.864,0.0,0.0,15.812,0.0,0.0,15.812,0.821,1.0,0.821,minimize_generator,full_grid,False,3297.503,0.0,5000,inf
2013-06-13,900.465,692.189,1592.654,1210.11,478.4,1688.51,1592.654,95.856,95.856,0.0,0.0,0.0,0.0,0.0,0.0,0.0,291.063,0.291,0.906,0.0,0.0,0.0,0.0,0.0,0.0,1.0,1.0,1.0,minimize_generator,full_grid,False,3297.503,0.0,5000,inf
2013-06-14,896.56,632.335,1528.895,1213.613,443.36,1656.973,1528.895,128.078,128.078,0.0,0.0,0.0,0.0,0.0,0.0,0.0,412.737,0.413,0.934,0.0,0.0,0.0,0.0,0.0,0.0,1.0,1.0,1.0,minimize_generator,full_grid,False,3297.503,0.0,5000,inf
2013-06-15,904.755,647.088,1551.843,1220.627,510.88,1731.507,1551.843,179.664,179.664,0.0,0.0,0.0,0.0,0.0,0.0,0.0,583.418,0.583,0.953,0.0,0.0,0.0,0.0,0.0,0.0,1.0,1.0,1.0,minimize_generator,full_grid,False,3297.503,0.0,5000,inf
2013-06-16,897.865,635.601,1533.466,1213.856,462.24,1676.096,1533.466,142.63,142.63,0.0,0.0,0.0,0.0,0.0,0.0,0.0,718.916,0.719,0.962,0.0,0.0,0.0,0.0,0.0,0.0,1.0,1.0,1.0,minimize_generator,full_grid,False,3297.503,0.0,5000,inf
2013-06-17,897.295,555.125,1452.42,1219.954,345.36,1565.314,1452.42,112.894,85.352,0.0,0.0,27.542,0.0,0.0,0.0,0.0,800.0,0.8,0.966,0.0,0.0,0.0,0.0,0.0,0.0,1.0,0.982,1.0,minimize_generator,full_grid,False,3297.503,27.542,5000,inf
2013-06-18,895.43,530.043,1425.473,1191.779,121.6,1313.379,1313.379,0.0,0.0,112.094,0.0,0.0,0.0,0.0,0.0,0.0,682.007,0.682,0.966,0.0,0.0,0.0,0.0,0.0,0.0,1.0,1.0,0.997,minimize_generator,full_grid,False,3297.503,27.542,5000,inf
2013-06-19,897.295,520.655,1417.95,1196.773,95.8,1292.573,1292.573,0.0,0.0,125.377,0.0,0.0,0.0,0.0,0.0,0.0,550.031,0.55,0.966,0.0,0.0,0.0,0.0,0.0,0.0,1.0,1.0,0.997,minimize_generator,full_grid,False,3297.503,27.542,5000,inf
2013-06-20,896.375,511.439,1407.814,1202.935,88.32,1291.255,1291.255,0.0,0.0,116.559,0.0,0.0,0.0,0.0,0.0,0.0,427.338,0.427,0.966,0.0,0.0,0.0,0.0,0.0,0.0,1.0,1.0,0.997,minimize_generator,full_grid,False,3297.503,27.542,5000,inf
2013-06-21,899.73,495.488,1395.218,1172.158,99.68,1271.838,1271.838,0.0,0.0,123.38,0.0,0.0,0.0,0.0,0.0,0.0,297.464,0.297,0.966,0.0,0.0,0.0,0.0,0.0,0.0,1.0,1.0,0.997,minimize_generator,full_grid,False,3297.503,27.542,5000,inf
2013-06-22,900.85,440.998,1341.848,1042.95,122.44,1165.39,1165.39,0.0,0.0,92.591,83.868,0.0,0.0,0.0,0.0,0.0,200.0,0.2,0.966,0.0,0.0,4.56,0.0,0.0,4.56,0.937,1.0,0.935,minimize_generator,full_grid,False,3381.371,27.542,5000,inf
2013-06-23,894.51,436.554,1331.064,1124.753,162.28,1287.033,1287.033,0.0,0.0,0.0,44.031,0.0,0.0,0.0,0.0,0.0,200.0,0.2,0.966,0.0,0.0,2.394,0.0,0.0,2.394,0.967,1.0,0.967,minimize_generator,full_grid,False,3425.402,27.542,5000,inf
2013-06-24,892.445,479.635,1372.08,1210.689,270.56,1481.249,1372.08,109.169,109.169,0.0,0.0,0.0,0.0,0.0,0.0,0.0,303.711,0.304,0.978,0.0,0.0,0.0,0.0,0.0,0.0,1.0,1.0,1.0,minimize_generator,full_grid,False,3425.402,27.542,5000,inf
2013-06-25,890.78,449.998,1340.778,1224.835,228.16,1452.995,1340.778,112.217,112.217,0.0,0.0,0.0,0.0,0.0,0.0,0.0,410.317,0.41,0.983,0.0,0.0,0.0,0.0,0.0,0.0,1.0,1.0,1.0,minimize_generator,full_grid,False,3425.402,27.542,5000,inf
2013-06-26,899.545,457.889,1357.434,1227.928,229.12,1457.048,1357.434,99.614,99.614,0.0,0.0,0.0,0.0,0.0,0.0,0.0,504.95,0.505,0.986,0.0,0.0,0.0,0.0,0.0,0.0,1.0,1.0,1.0,minimize_generator,full_grid,False,3425.402,27.542,5000,inf
2013-06-27,893.775,385.48,1279.255,1210.272,289.04,1499.312,1279.255,220.057,220.057,0.0,0.0,0.0,0.0,0.0,0.0,0.0,714.005,0.714,0.99,0.0,0.0,0.0,0.0,0.0,0.0,1.0,1.0,1.0,minimize_generator,full_grid,False,3425.402,27.542,5000,inf
2013-06-28,889.835,362.327,1252.162,1199.193,307.12,1506.313,1252.162,254.151,90.521,0.0,0.0,163.63,0.0,0.0,0.0,0.0,800.0,0.8,0.991,0.0,0.0,0.0,0.0,0.0,0.0,1.0,0.891,1.0,minimize_generator,full_grid,False,3425.402,191.172,5000,inf
2013-06-29,899.545,96.98,996.525,1201.319,241.44,1442.759,996.525,446.234,0.0,0.0,0.0,446.234,0.0,0.0,0.0,0.0,800.0,0.8,0.991,0.0,0.0,0.0,0.0,0.0,0.0,1.0,0.691,1.0,minimize_generator,full_grid,False,3425.402,637.406,5000,inf
2013-06-30,907.365,13.778,921.143,1196.084,360.28,1556.364,921.143,635.221,0.0,0.0,0.0,635.221,0.0,0.0,0.0,0.0,800.0,0.8,0.991,0.0,0.0,0.0,0.0,0.0,0.0,1.0,0.592,1.0,minimize_generator,full_grid,False,3425.402,1272.627,5000,inf
2013-07-01,898.24,13.4,911.64,1207.375,458.12,1665.495,911.64,753.855,0.0,0.0,0.0,753.855,0.0,0.0,0.0,0.0,800.0,0.8,0.991,0.0,0.0,0.0,0.0,0.0,0.0,1.0,0.547,1.0,minimize_generator,full_grid,False,0.0,753.855,5000,inf
2013-07-02,901.41,13.716,915.126,1206.443,460.48,1666.923,915.126,751.797,0.0,0.0,0.0,751.797,0.0,0.0,0.0,0.0,800.0,0.8,0.991,0.0,0.0,0.0,0.0,0.0,0.0,1.0,0.549,1.0,minimize_generator,full_grid,False,0.0,1505.652,5000,inf
2013-07-03,898.6,15.555,914.155,1191.67,260.32,1451.99,914.155,537.835,0.0,0.0,0.0,537.835,0.0,0.0,0.0,0.0,800.0,0.8,0.991,0.0,0.0,0.0,0.0,0.0,0.0,1.0,0.63,1.0,minimize_generator,full_grid,False,0.0,2043.488,5000,inf
2013-07-04,898.04,21.109,919.149,1183.158,205.36,1388.518,919.149,469.369,0.0,0.0,0.0,469.369,0.0,0.0,0.0,0.0,800.0,0.8,0.991,0.0,0.0,0.0,0.0,0.0,0.0,1.0,0.662,1.0,minimize_generator,full_grid,False,0.0,2512.857,5000,inf
2013-07-05,901.97,36.967,938.937,1176.756,382.56,1559.316,938.937,620.379,0.0,0.0,0.0,620.379,0.0,0.0,0.0,0.0,800.0,0.8,0.991,0.0,0.0,0.0,0.0,0.0,0.0,1.0,0.602,1.0,minimize_generator,full_grid,False,0.0,3133.236,5000,inf
2013-07-06,897.505,40.871,938.376,1168.545,475.72,1644.265,938.376,705.889,0.0,0.0,0.0,705.889,0.0,0.0,0.0,0.0,800.0,0.8,0.991,0.0,0.0,0.0,0.0,0.0,0.0,1.0,0.571,1.0,minimize_generator,full_grid,False,0.0,3839.126,5000,inf
2013-07-07,899.73,41.347,941.077,1158.547,477.32,1635.867,941.077,694.79,0.0,0.0,0.0,694.79,0.0,0.0,0.0,0.0,800.0,0.8,0.991,0.0,0.0,0.0,0.0,0.0,0.0,1.0,0.575,1.0,minimize_generator,full_grid,False,0.0,4533.915,5000,inf
2013-07-08,899.905,42.5,942.405,1141.687,504.08,1645.767,942.405,703.362,0.0,0.0,0.0,703.362,0.0,0.0,0.0,0.0,800.0,0.8,0.991,0.0,0.0,0.0,0.0,0.0,0.0,1.0,0.573,1.0,minimize_generator,full_grid,False,0.0,5237.277,5000,inf
2013-07-09,896.175,43.18,939.355,1122.877,535.76,1658.637,939.355,719.282,0.0,0.0,0.0,719.282,0.0,0.0,0.0,0.0,800.0,0.8,0.991,0.0,0.0,0.0,0.0,0.0,0.0,1.0,0.566,1.0,minimize_generator,full_grid,False,0.0,5956.56,5000,inf
2013-07-10,902.54,42.827,945.367,1129.151,517.24,1646.391,945.367,701.024,0.0,0.0,0.0,701.024,0.0,0.0,0.0,0.0,800.0,0.8,0.991,0.0,0.0,0.0,0.0,0.0,0.0,1.0,0.574,1.0,minimize_generator,full_grid,False,0.0,6657.584,5000,inf
2013-07-11,898.24,41.051,939.291,1112.229,484.12,1596.349,939.291,657.058,0.0,0.0,0.0,657.058,0.0,0.0,0.0,0.0,800.0,0.8,0.991,0.0,0.0,0.0,0.0,0.0,0.0,1.0,0.588,1.0,minimize_generator,full_grid,False,0.0,7314.642,5000,inf
2013-07-12,896.0,39.876,935.876,1164.499,415.88,1580.379,935.876,644.503,0.0,0.0,0.0,644.503,0.0,0.0,0.0,0.0,800.0,0.8,0.991,0.0,0.0,0.0,0.0,0.0,0.0,1.0,0.592,1.0,minimize_generator,full_grid,False,0.0,7959.145,5000,inf
2013-07-13,900.85,40.126,940.976,1179.122,437.6,1616.722,940.976,675.746,0.0,0.0,0.0,675.746,0.0,0.0,0.0,0.0,800.0,0.8,0.991,0.0,0.0,0.0,0.0,0.0,0.0,1.0,0.582,1.0,minimize_generator,full_grid,False,0.0,8634.892,5000,inf
2013-07-14,895.43,40.408,935.838,1166.183,427.64,1593.823,935.838,657.985,0.0,0.0,0.0,657.985,0.0,0.0,0.0,0.0,800.0,0.8,0.991,0.0,0.0,0.0,0.0,0.0,0.0,1.0,0.587,1.0,minimize_generator,full_grid,False,0.0,9292.877,5000,inf
2013-07-15,898.985,40.44,939.425,1160.067,430.32,1590.387,939.425,650.962,0.0,0.0,0.0,650.962,0.0,0.0,0.0,0.0,800.0,0.8,0.991,0.0,0.0,0.0,0.0,0.0,0.0,1.0,0.591,1.0,minimize_generator,full_grid,False,0.0,9943.838,5000,inf
2013-07-16,898.81,40.34,939.15,1114.038,456.92,1570.958,939.15,631.808,0.0,0.0,0.0,631.808,0.0,0.0,0.0,0.0,800.0,0.8,0.991,0.0,0.0,0.0,0.0,0.0,0.0,1.0,0.598,1.0,minimize_generator,full_grid,False,0.0,10575.647,5000,inf
2013-07-17,902.89,41.163,944.053,1118.012,517.6,1635.612,944.053,691.559,0.0,0.0,0.0,691.559,0.0,0.0,0.0,0.0,800.0,0.8,0.991,0.0,0.0,0.0,0.0,0.0,0.0,1.0,0.577,1.0,minimize_generator,full_grid,False,0.0,11267.205,5000,inf
2013-07-18,900.675,41.491,942.166,1119.516,514.88,1634.396,942.166,692.23,0.0,0.0,0.0,692.23,0.0,0.0,0.0,0.0,800.0,0.8,0.991,0.0,0.0,0.0,0.0,0.0,0.0,1.0,0.576,1.0,minimize_generator,full_grid,False,0.0,11959.435,5000,inf
2013-07-19,898.81,41.757,940.567,1131.824,506.68,1638.504,940.567,697.937,0.0,0.0,0.0,697.937,0.0,0.0,0.0,0.0,800.0,0.8,0.991,0.0,0.0,0.0,0.0,0.0,0.0,1.0,0.574,1.0,minimize_generator,full_grid,False,0.0,12657.372,5000,inf
2013-07-20,901.97,39.227,941.197,1146.221,434.32,1580.541,941.197,639.344,0.0,0.0,0.0,639.344,0.0,0.0,0.0,0.0,800.0,0.8,0.991,0.0,0.0,0.0,0.0,0.0,0.0,1.0,0.595,1.0,minimize_generator,full_grid,False,0.0,13296.716,5000,inf
2013-07-21,904.02,37.219,941.239,1151.413,453.32,1604.733,941.239,663.494,0.0,0.0,0.0,663.494,0.0,0.0,0.0,0.0,800.0,0.8,0.991,0.0,0.0,0.0,0.0,0.0,0.0,1.0,0.587,1.0,minimize_generator,full_grid,False,0.0,13960.21,5000,inf
2013-07-22,900.85,35.837,936.687,1180.28,406.6,1586.88,936.687,650.193,0.0,0.0,0.0,650.193,0.0,0.0,0.0,0.0,800.0,0.8,0.991,0.0,0.0,0.0,0.0,0.0,0.0,1.0,0.59,1.0,minimize_generator,full_grid,False,0.0,14610.402,5000,inf
2013-07-23,898.81,24.034,922.844,1172.813,249.0,1421.813,922.844,498.969,0.0,0.0,0.0,498.969,0.0,0.0,0.0,0.0,800.0,0.8,0.991,0.0,0.0,0.0,0.0,0.0,0.0,1.0,0.649,1.0,minimize_generator,full_grid,False,0.0,15109.371,5000,inf
2013-07-24,893.775,12.237,906.012,1155.763,232.92,1388.683,906.012,482.671,0.0,0.0,0.0,482.671,0.0,0.0,0.0,0.0,800.0,0.8,0.991,0.0,0.0,0.0,0.0,0.0,0.0,1.0,0.652,1.0,minimize_generator,full_grid,False,0.0,15592.042,5000,inf
2013-07-25,894.695,12.759,907.454,1155.201,361.08,1516.281,907.454,608.827,0.0,0.0,0.0,608.827,0.0,0.0,0.0,0.0,800.0,0.8,0.991,0.0,0.0,0.0,0.0,0.0,0.0,1.0,0.598,1.0,minimize_generator,full_grid,False,0.0,16200.869,5000,inf
2013-07-26,897.505,11.855,909.36,1148.309,237.68,1385.989,909.36,476.629,0.0,0.0,0.0,476.629,0.0,0.0,0.0,0.0,800.0,0.8,0.991,0.0,0.0,0.0,0.0,0.0,0.0,1.0,0.656,1.0,minimize_generator,full_grid,False,0.0,16677.498,5000,inf
2013-07-27,896.375,11.214,907.589,1160.613,137.08,1297.693,907.589,390.104,0.0,0.0,0.0,390.104,0.0,0.0,0.0,0.0,800.0,0.8,0.991,0.0,0.0,0.0,0.0,0.0,0.0,1.0,0.699,1.0,minimize_generator,full_grid,False,0.0,17067.601,5000,inf
2013-07-28,897.865,10.692,908.557,1141.769,62.56,1204.329,908.557,295.772,0.0,0.0,0.0,295.772,0.0,0.0,0.0,0.0,800.0,0.8,0.991,0.0,0.0,0.0,0.0,0.0,0.0,1.0,0.754,1.0,minimize_generator,full_grid,False,0.0,17363.373,5000,inf
2013-07-29,898.6,11.168,909.768,1125.883,142.4,1268.283,909.768,358.515,0.0,0.0,0.0,358.515,0.0,0.0,0.0,0.0,800.0,0.8,0.991,0.0,0.0,0.0,0.0,0.0,0.0,1.0,0.717,1.0,minimize_generator,full_grid,False,0.0,17721.888,5000,inf
2013-07-30,900.29,11.024,911.314,1127.934,202.52,1330.454,911.314,419.14,0.0,0.0,0.0,419.14,0.0,0.0,0.0,0.0,800.0,0.8,0.991,0.0,0.0,0.0,0.0,0.0,0.0,1.0,0.685,1.0,minimize_generator,full_grid,False,0.0,18141.027,5000,inf
2013-07-31,898.04,10.786,908.826,1132.702,202.52,1335.222,908.826,426.396,0.0,0.0,0.0,426.396,0.0,0.0,0.0,0.0,800.0,0.8,0.991,0.0,0.0,0.0,0.0,0.0,0.0,1.0,0.681,1.0,minimize_generator,full_grid,False,0.0,18567.423,5000,inf
2013-08-01,900.105,9.972,910.077,1143.324,108.4,1251.724,910.077,341.647,0.0,0.0,0.0,341.647,0.0,0.0,0.0,0.0,800.0,0.8,0.991,0.0,0.0,0.0,0.0,0.0,0.0,1.0,0.727,1.0,minimize_generator,full_grid,False,0.0,341.647,5000,inf
2013-08-02,898.425,9.74,908.165,1146.003,78.28,1224.283,908.165,316.118,0.0,0.0,0.0,316.118,0.0,0.0,0.0,0.0,800.0,0.8,0.991,0.0,0.0,0.0,0.0,0.0,0.0,1.0,0.742,1.0,minimize_generator,full_grid,False,0.0,657.765,5000,inf
2013-08-03,890.78,9.717,900.497,1125.053,135.32,1260.373,900.497,359.876,0.0,0.0,0.0,359.876,0.0,0.0,0.0,0.0,800.0,0.8,0.991,0.0,0.0,0.0,0.0,0.0,0.0,1.0,0.714,1.0,minimize_generator,full_grid,False,0.0,1017.641,5000,inf
2013-08-04,894.51,10.502,905.012,1119.937,326.52,1446.457,905.012,541.445,0.0,0.0,0.0,541.445,0.0,0.0,0.0,0.0,800.0,0.8,0.991,0.0,0.0,0.0,0.0,0.0,0.0,1.0,0.626,1.0,minimize_generator,full_grid,False,0.0,1559.086,5000,inf
2013-08-05,897.295,9.855,907.15,1127.613,179.88,1307.493,907.15,400.343,0.0,0.0,0.0,400.343,0.0,0.0,0.0,0.0,800.0,0.8,0.991,0.0,0.0,0.0,0.0,0.0,0.0,1.0,0.694,1.0,minimize_generator,full_grid,False,0.0,1959.429,5000,inf
2013-08-06,893.215,8.282,901.497,1093.528,12.92,1106.448,901.497,204.951,0.0,0.0,0.0,204.951,0.0,0.0,0.0,0.0,800.0,0.8,0.991,0.0,0.0,0.0,0.0,0.0,0.0,1.0,0.815,1.0,minimize_generator,full_grid,False,0.0,2164.38,5000,inf
2013-08-07,899.905,8.42,908.325,1095.088,20.88,1115.968,908.325,207.643,0.0,0.0,0.0,207.643,0.0,0.0,0.0,0.0,800.0,0.8,0.991,0.0,0.0,0.0,0.0,0.0,0.0,1.0,0.814,1.0,minimize_generator,full_grid,False,0.0,2372.022,5000,inf
2013-08-08,903.275,9.67,912.945,1075.06,299.92,1374.98,912.945,462.035,0.0,0.0,0.0,462.035,0.0,0.0,0.0,0.0,800.0,0.8,0.991,0.0,0.0,0.0,0.0,0.0,0.0,1.0,0.664,1.0,minimize_generator,full_grid,False,0.0,2834.057,5000,inf
2013-08-09,901.97,10.757,912.727,1105.965,434.32,1540.285,912.727,627.558,0.0,0.0,0.0,627.558,0.0,0.0,0.0,0.0,800.0,0.8,0.991,0.0,0.0,0.0,0.0,0.0,0.0,1.0,0.593,1.0,minimize_generator,full_grid,False,0.0,3461.616,5000,inf
2013-08-10,896.56,9.693,906.253,1123.791,388.72,1512.511,906.253,606.258,0.0,0.0,0.0,606.258,0.0,0.0,0.0,0.0,800.0,0.8,0.991,0.0,0.0,0.0,0.0,0.0,0.0,1.0,0.599,1.0,minimize_generator,full_grid,False,0.0,4067.873,5000,inf
2013-08-11,902.715,8.906,911.621,1082.982,250.88,1333.862,911.621,422.241,0.0,0.0,0.0,422.241,0.0,0.0,0.0,0.0,800.0,0.8,0.991,0.0,0.0,0.0,0.0,0.0,0.0,1.0,0.683,1.0,minimize_generator,full_grid,False,0.0,4490.115,5000,inf
2013-08-12,897.505,8.907,906.412,1098.572,333.44,1432.012,906.412,525.6,0.0,0.0,0.0,525.6,0.0,0.0,0.0,0.0,800.0,0.8,0.991,0.0,0.0,0.0,0.0,0.0,0.0,1.0,0.633,1.0,minimize_generator,full_grid,False,0.0,5015.714,5000,inf
2013-08-13,895.64,0.64,896.28,1102.431,349.52,1451.951,896.28,555.671,0.0,0.0,0.0,555.671,0.0,0.0,0.0,0.0,800.0,0.8,0.991,0.0,0.0,0.0,0.0,0.0,0.0,1.0,0.617,1.0,minimize_generator,full_grid,False,0.0,5571.385,5000,inf
2013-08-14,894.51,0.0,894.51,1097.206,365.96,1463.166,894.51,568.656,0.0,0.0,0.0,568.656,0.0,0.0,0.0,0.0,800.0,0.8,0.991,0.0,0.0,0.0,0.0,0.0,0.0,1.0,0.611,1.0,minimize_generator,full_grid,False,0.0,6140.042,5000,inf
2013-08-15,895.43,0.0,895.43,1073.856,387.96,1461.816,895.43,566.386,0.0,0.0,0.0,566.386,0.0,0.0,0.0,0.0,800.0,0.8,0.991,0.0,0.0,0.0,0.0,0.0,0.0,1.0,0.613,1.0,minimize_generator,full_grid,False,0.0,6706.428,5000,inf
2013-08-16,894.87,0.0,894.87,1069.32,281.68,1351.0,894.87,456.13,0.0,0.0,0.0,456.13,0.0,0.0,0.0,0.0,800.0,0.8,0.991,0.0,0.0,0.0,0.0,0.0,0.0,1.0,0.662,1.0,minimize_generator,full_grid,False,0.0,7162.558,5000,inf
2013-08-17,896.945,0.0,896.945,1065.261,315.12,1380.381,896.945,483.436,0.0,0.0,0.0,483.436,0.0,0.0,0.0,0.0,800.0,0.8,0.991,0.0,0.0,0.0,0.0,0.0,0.0,1.0,0.65,1.0,minimize_generator,full_grid,False,0.0,7645.994,5000,inf
2013-08-18,896.735,0.0,896.735,1061.146,402.2,1463.346,896.735,566.611,0.0,0.0,0.0,566.611,0.0,0.0,0.0,0.0,800.0,0.8,0.991,0.0,0.0,0.0,0.0,0.0,0.0,1.0,0.613,1.0,minimize_generator,full_grid,False,0.0,8212.605,5000,inf
2013-08-19,896.0,0.0,896.0,1078.974,438.24,1517.214,896.0,621.214,0.0,0.0,0.0,621.214,0.0,0.0,0.0,0.0,800.0,0.8,0.991,0.0,0.0,0.0,0.0,0.0,0.0,1.0,0.591,1.0,minimize_generator,full_grid,False,0.0,8833.819,5000,inf
2013-08-20,897.295,0.0,897.295,1075.62,381.8,1457.42,897.295,560.125,0.0,0.0,0.0,560.125,0.0,0.0,0.0,0.0,800.0,0.8,0.991,0.0,0.0,0.0,0.0,0.0,0.0,1.0,0.616,1.0,minimize_generator,full_grid,False,0.0,9393.944,5000,inf
2013-08-21,899.905,0.0,899.905,1084.626,227.2,1311.826,899.905,411.921,0.0,0.0,0.0,411.921,0.0,0.0,0.0,0.0,800.0,0.8,0.991,0.0,0.0,0.0,0.0,0.0,0.0,1.0,0.686,1.0,minimize_generator,full_grid,False,0.0,9805.865,5000,inf
2013-08-22,898.985,0.0,898.985,1095.54,216.76,1312.3,898.985,413.315,0.0,0.0,0.0,413.315,0.0,0.0,0.0,0.0,800.0,0.8,0.991,0.0,0.0,0.0,0.0,0.0,0.0,1.0,0.685,1.0,minimize_generator,full_grid,False,0.0,10219.181,5000,inf
2013-08-23,889.66,0.0,889.66,1090.037,335.16,1425.197,889.66,535.537,0.0,0.0,0.0,535.537,0.0,0.0,0.0,0.0,800.0,0.8,0.991,0.0,0.0,0.0,0.0,0.0,0.0,1.0,0.624,1.0,minimize_generator,full_grid,False,0.0,10754.718,5000,inf
2013-08-24,814.765,0.0,814.765,1070.046,447.76,1517.806,814.765,703.041,0.0,0.0,0.0,703.041,0.0,0.0,0.0,0.0,800.0,0.8,0.991,0.0,0.0,0.0,0.0,0.0,0.0,1.0,0.537,1.0,minimize_generator,full_grid,False,0.0,11457.759,5000,inf
2013-08-25,898.24,0.0,898.24,1086.2,379.44,1465.64,898.24,567.4,0.0,0.0,0.0,567.4,0.0,0.0,0.0,0.0,800.0,0.8,0.991,0.0,0.0,0.0,0.0,0.0,0.0,1.0,0.613,1.0,minimize_generator,full_grid,False,0.0,12025.159,5000,inf
2013-08-26,818.88,0.0,818.88,1067.486,387.96,1455.446,818.88,636.566,0.0,0.0,0.0,636.566,0.0,0.0,0.0,0.0,800.0,0.8,0.991,0.0,0.0,0.0,0.0,0.0,0.0,1.0,0.563,1.0,minimize_generator,full_grid,False,0.0,12661.725,5000,inf
2013-08-27,893.565,0.0,893.565,1040.152,324.8,1364.952,893.565,471.387,0.0,0.0,0.0,471.387,0.0,0.0,0.0,0.0,800.0,0.8,0.991,0.0,0.0,0.0,0.0,0.0,0.0,1.0,0.655,1.0,minimize_generator,full_grid,False,0.0,13133.112,5000,inf
2013-08-28,889.835,0.0,889.835,1028.546,150.44,1178.986,889.835,289.151,0.0,0.0,0.0,289.151,0.0,0.0,0.0,0.0,800.0,0.8,0.991,0.0,0.0,0.0,0.0,0.0,0.0,1.0,0.755,1.0,minimize_generator,full_grid,False,0.0,13422.263,5000,inf
2013-08-29,816.63,0.0,816.63,1013.252,192.12,1205.372,816.63,388.742,0.0,0.0,0.0,388.742,0.0,0.0,0.0,0.0,800.0,0.8,0.991,0.0,0.0,0.0,0.0,0.0,0.0,1.0,0.677,1.0,minimize_generator,full_grid,False,0.0,13811.005,5000,inf
2013-08-30,895.815,0.0,895.815,1025.258,218.68,1243.938,895.815,348.123,0.0,0.0,0.0,348.123,0.0,0.0,0.0,0.0,800.0,0.8,0.991,0.0,0.0,0.0,0.0,0.0,0.0,1.0,0.72,1.0,minimize_generator,full_grid,False,0.0,14159.128,5000,inf
2013-08-31,896.375,0.0,896.375,1030.843,354.52,1385.363,896.375,488.988,0.0,0.0,0.0,488.988,0.0,0.0,0.0,0.0,800.0,0.8,0.991,0.0,0.0,0.0,0.0,0.0,0.0,1.0,0.647,1.0,minimize_generator,full_grid,False,0.0,14648.116,5000,inf
2013-09-01,891.14,368.852,1259.992,1033.216,385.68,1418.896,1259.992,158.904,0.0,0.0,0.0,158.904,0.0,0.0,0.0,0.0,800.0,0.8,0.991,0.0,0.0,0.0,0.0,0.0,0.0,1.0,0.888,1.0,minimize_generator,full_grid,False,0.0,158.904,5000,inf
2013-09-02,812.715,344.735,1157.45,1025.816,249.0,1274.816,1157.45,117.366,0.0,0.0,0.0,117.366,0.0,0.0,0.0,0.0,800.0,0.8,0.991,0.0,0.0,0.0,0.0,0.0,0.0,1.0,0.908,1.0,minimize_generator,full_grid,False,0.0,276.269,5000,inf
2013-09-03,890.78,346.558,1237.338,1014.134,305.32,1319.454,1237.338,82.116,0.0,0.0,0.0,82.116,0.0,0.0,0.0,0.0,800.0,0.8,0.991,0.0,0.0,0.0,0.0,0.0,0.0,1.0,0.938,1.0,minimize_generator,full_grid,False,0.0,358.385,5000,inf
2013-09-04,893.95,358.415,1252.365,1041.487,484.12,1525.607,1252.365,273.242,0.0,0.0,0.0,273.242,0.0,0.0,0.0,0.0,800.0,0.8,0.991,0.0,0.0,0.0,0.0,0.0,0.0,1.0,0.821,1.0,minimize_generator,full_grid,False,0.0,631.626,5000,inf
2013-09-05,816.27,370.27,1186.54,1030.528,359.44,1389.968,1186.54,203.428,0.0,0.0,0.0,203.428,0.0,0.0,0.0,0.0,800.0,0.8,0.991,0.0,0.0,0.0,0.0,0.0,0.0,1.0,0.854,1.0,minimize_generator,full_grid,False,0.0,835.054,5000,inf
2013-09-06,892.83,351.119,1243.949,989.506,234.8,1224.306,1224.306,0.0,0.0,19.643,0.0,0.0,0.0,0.0,0.0,0.0,779.323,0.779,0.991,0.0,0.0,0.0,0.0,0.0,0.0,1.0,1.0,1.0,minimize_generator,full_grid,False,0.0,835.054,5000,inf
2013-09-07,891.7,351.119,1242.819,1011.292,368.36,1379.652,1242.819,136.833,21.765,0.0,0.0,115.068,0.0,0.0,0.0,0.0,800.0,0.8,0.992,0.0,0.0,0.0,0.0,0.0,0.0,1.0,0.917,1.0,minimize_generator,full_grid,False,0.0,950.122,5000,inf
2013-09-08,893.775,370.27,1264.045,1038.427,387.2,1425.627,1264.045,161.582,0.0,0.0,0.0,161.582,0.0,0.0,0.0,0.0,800.0,0.8,0.992,0.0,0.0,0.0,0.0,0.0,0.0,1.0,0.887,1.0,minimize_generator,full_grid,False,0.0,1111.705,5000,inf
2013-09-09,891.7,402.191,1293.891,1016.507,410.2,1426.707,1293.891,132.816,0.0,0.0,0.0,132.816,0.0,0.0,0.0,0.0,800.0,0.8,0.992,0.0,0.0,0.0,0.0,0.0,0.0,1.0,0.907,1.0,minimize_generator,full_grid,False,0.0,1244.521,5000,inf
2013-09-10,816.805,370.27,1187.075,1015.765,397.76,1413.525,1187.075,226.45,0.0,0.0,0.0,226.45,0.0,0.0,0.0,0.0,800.0,0.8,0.992,0.0,0.0,0.0,0.0,0.0,0.0,1.0,0.84,1.0,minimize_generator,full_grid,False,0.0,1470.972,5000,inf
2013-09-11,895.255,339.262,1234.517,991.851,325.64,1317.491,1234.517,82.974,0.0,0.0,0.0,82.974,0.0,0.0,0.0,0.0,800.0,0.8,0.992,0.0,0.0,0.0,0.0,0.0,0.0,1.0,0.937,1.0,minimize_generator,full_grid,False,0.0,1553.946,5000,inf
2013-09-12,889.835,368.889,1258.724,990.213,224.36,1214.573,1214.573,0.0,0.0,44.151,0.0,0.0,0.0,0.0,0.0,0.0,753.525,0.754,0.992,0.0,0.0,0.0,0.0,0.0,0.0,1.0,1.0,1.0,minimize_generator,full_grid,False,0.0,1553.946,5000,inf
2013-09-13,890.22,376.908,1267.128,893.564,125.84,1019.404,1019.404,0.0,0.0,247.724,0.0,0.0,0.0,0.0,0.0,0.0,492.763,0.493,0.992,0.0,0.0,0.0,0.0,0.0,0.0,1.0,1.0,0.998,minimize_generator,full_grid,False,0.0,1553.946,5000,inf
2013-09-14,815.885,408.984,1224.869,858.57,293.6,1152.17,1152.17,0.0,0.0,72.699,0.0,0.0,0.0,0.0,0.0,0.0,416.238,0.416,0.992,0.0,0.0,0.0,0.0,0.0,0.0,1.0,1.0,1.0,minimize_generator,full_grid,False,0.0,1553.946,5000,inf
2013-09-15,817.365,404.79,1222.155,913.785,438.24,1352.025,1222.155,129.87,129.87,0.0,0.0,0.0,0.0,0.0,0.0,0.0,539.615,0.54,0.994,0.0,0.0,0.0,0.0,0.0,0.0,1.0,1.0,1.0,minimize_generator,full_grid,False,0.0,1553.946,5000,inf
2013-09-16,815.5,378.38,1193.88,936.086,470.8,1406.886,1193.88,213.006,213.006,0.0,0.0,0.0,0.0,0.0,0.0,0.0,741.97,0.742,0.995,0.0,0.0,0.0,0.0,0.0,0.0,1.0,1.0,1.0,minimize_generator,full_grid,False,0.0,1553.946,5000,inf
2013-09-17,817.935,397.359,1215.294,979.401,394.8,1374.201,1215.294,158.907,61.084,0.0,0.0,97.823,0.0,0.0,0.0,0.0,800.0,0.8,0.996,0.0,0.0,0.0,0.0,0.0,0.0,1.0,0.929,1.0,minimize_generator,full_grid,False,0.0,1651.769,5000,inf
2013-09-18,895.255,381.992,1277.247,937.386,186.44,1123.826,1123.826,0.0,0.0,153.421,0.0,0.0,0.0,0.0,0.0,0.0,638.504,0.639,0.996,0.0,0.0,0.0,0.0,0.0,0.0,1.0,1.0,0.999,minimize_generator,full_grid,False,0.0,1651.769,5000,inf
2013-09-19,812.9,338.831,1151.731,932.646,4.8,937.446,937.446,0.0,0.0,214.285,0.0,0.0,0.0,0.0,0.0,0.0,412.941,0.413,0.996,0.0,0.0,0.0,0.0,0.0,0.0,1.0,1.0,0.999,minimize_generator,full_grid,False,0.0,1651.769,5000,inf
2013-09-20,811.595,369.865,1181.46,895.916,352.04,1247.956,1181.46,66.496,66.496,0.0,0.0,0.0,0.0,0.0,0.0,0.0,476.112,0.476,0.996,0.0,0.0,0.0,0.0,0.0,0.0,1.0,1.0,1.0,minimize_generator,full_grid,False,0.0,1651.769,5000,inf
2013-09-21,893.565,415.026,1308.591,938.879,385.68,1324.559,1308.591,15.968,15.968,0.0,0.0,0.0,0.0,0.0,0.0,0.0,491.281,0.491,0.996,0.0,0.0,0.0,0.0,0.0,0.0,1.0,1.0,1.0,minimize_generator,full_grid,False,0.0,1651.769,5000,inf
2013-09-22,816.27,360.339,1176.609,886.764,232.92,1119.684,1119.684,0.0,0.0,56.925,0.0,0.0,0.0,0.0,0.0,0.0,431.36,0.431,0.996,0.0,0.0,0.0,0.0,0.0,0.0,1.0,1.0,1.0,minimize_generator,full_grid,False,0.0,1651.769,5000,inf
2013-09-23,814.405,336.417,1150.822,887.669,46.6,934.269,934.269,0.0,0.0,216.553,0.0,0.0,0.0,0.0,0.0,0.0,203.41,0.203,0.996,0.0,0.0,0.0,0.0,0.0,0.0,1.0,1.0,0.999,minimize_generator,full_grid,False,0.0,1651.769,5000,inf
2013-09-24,890.965,374.57,1265.535,917.212,359.44,1276.652,1265.535,11.117,11.117,0.0,0.0,0.0,0.0,0.0,0.0,0.0,213.972,0.214,0.997,0.0,0.0,0.0,0.0,0.0,0.0,1.0,1.0,1.0,minimize_generator,full_grid,False,0.0,1651.769,5000,inf
2013-09-25,814.02,381.654,1195.674,947.544,270.56,1218.104,1195.674,22.43,22.43,0.0,0.0,0.0,0.0,0.0,0.0,0.0,235.281,0.235,0.997,0.0,0.0,0.0,0.0,0.0,0.0,1.0,1.0,1.0,minimize_generator,full_grid,False,0.0,1651.769,5000,inf
2013-09-26,893.39,390.809,1284.199,944.889,210.12,1155.009,1155.009,0.0,0.0,33.517,95.674,0.0,0.0,0.0,0.0,0.0,200.0,0.2,0.997,0.0,0.0,5.313,0.0,0.0,5.313,0.925,1.0,0.925,minimize_generator,full_grid,False,95.674,1651.769,5000,inf
2013-09-27,818.135,409.225,1227.36,921.409,341.12,1262.529,1227.36,35.169,35.169,0.0,0.0,0.0,0.0,0.0,0.0,0.0,233.411,0.233,0.997,0.0,0.0,0.0,0.0,0.0,0.0,1.0,1.0,1.0,minimize_generator,full_grid,False,95.674,1651.769,5000,inf
2013-09-28,813.46,406.096,1219.556,919.496,366.76,1286.256,1219.556,66.7,66.7,0.0,0.0,0.0,0.0,0.0,0.0,0.0,296.776,0.297,0.998,0.0,0.0,0.0,0.0,0.0,0.0,1.0,1.0,1.0,minimize_generator,full_grid,False,95.674,1651.769,5000,inf
2013-09-29,893.565,377.182,1270.747,936.205,230.08,1166.285,1166.285,0.0,0.0,91.937,12.525,0.0,0.0,0.0,0.0,0.0,200.0,0.2,0.998,0.0,0.0,0.696,0.0,0.0,0.696,0.99,1.0,0.99,minimize_generator,full_grid,False,108.199,1651.769,5000,inf
2013-09-30,812.34,379.167,1191.507,931.48,211.04,1142.52,1142.52,0.0,0.0,0.0,48.987,0.0,0.0,0.0,0.0,0.0,200.0,0.2,0.998,0.0,0.0,2.714,0.0,0.0,2.714,0.959,1.0,0.959,minimize_generator,full_grid,False,157.186,1651.769,5000,inf
2013-10-01,817.19,654.478,1471.668,916.165,130.12,1046.285,1046.285,0.0,0.0,0.0,425.383,0.0,0.0,0.0,0.0,0.0,200.0,0.2,0.998,0.0,0.0,23.376,0.0,0.0,23.376,0.711,1.0,0.711,minimize_generator,full_grid,False,425.383,0.0,5000,inf
2013-10-02,815.15,665.478,1480.628,910.824,28.76,939.584,939.584,0.0,0.0,0.0,541.044,0.0,0.0,0.0,0.0,0.0,200.0,0.2,0.998,0.0,0.0,29.709,0.0,0.0,29.709,0.635,1.0,0.635,minimize_generator,full_grid,False,966.427,0.0,5000,inf
2013-10-03,818.67,713.725,1532.395,873.823,224.36,1098.183,1098.183,0.0,0.0,0.0,434.212,0.0,0.0,0.0,0.0,0.0,200.0,0.2,0.998,0.0,0.0,23.778,0.0,0.0,23.778,0.717,1.0,0.717,minimize_generator,full_grid,False,1400.639,0.0,5000,inf
2013-10-04,889.835,780.49,1670.325,885.892,338.56,1224.452,1224.452,0.0,0.0,0.0,445.873,0.0,0.0,0.0,0.0,0.0,200.0,0.2,0.998,0.0,0.0,24.411,0.0,0.0,24.411,0.733,1.0,0.733,minimize_generator,full_grid,False,1846.512,0.0,5000,inf
2013-10-05,813.285,723.99,1537.275,875.04,387.96,1263.0,1263.0,0.0,0.0,0.0,274.275,0.0,0.0,0.0,0.0,0.0,200.0,0.2,0.998,0.0,0.0,15.007,0.0,0.0,15.007,0.822,1.0,0.822,minimize_generator,full_grid,False,2120.787,0.0,5000,inf
2013-10-06,809.905,757.327,1567.232,905.464,351.2,1256.664,1256.664,0.0,0.0,0.0,310.568,0.0,0.0,0.0,0.0,0.0,200.0,0.2,0.998,0.0,0.0,16.958,0.0,0.0,16.958,0.802,1.0,0.802,minimize_generator,full_grid,False,2431.356,0.0,5000,inf
2013-10-07,814.205,705.377,1519.582,891.604,165.04,1056.644,1056.644,0.0,0.0,0.0,462.938,0.0,0.0,0.0,0.0,0.0,200.0,0.2,0.998,0.0,0.0,25.358,0.0,0.0,25.358,0.695,1.0,0.695,minimize_generator,full_grid,False,2894.294,0.0,5000,inf
2013-10-08,809.73,724.743,1534.473,877.493,164.08,1041.573,1041.573,0.0,0.0,0.0,492.9,0.0,0.0,0.0,0.0,0.0,200.0,0.2,0.998,0.0,0.0,26.963,0.0,0.0,26.963,0.679,1.0,0.679,minimize_generator,full_grid,False,3387.195,0.0,5000,inf
2013-10-09,890.045,695.938,1585.983,845.941,48.72,894.661,894.661,0.0,0.0,0.0,691.322,0.0,0.0,0.0,0.0,0.0,200.0,0.2,0.998,0.0,0.0,38.027,0.0,0.0,38.027,0.564,1.0,0.564,minimize_generator,full_grid,False,4078.516,0.0,5000,inf
2013-10-10,811.98,691.275,1503.255,868.549,76.92,945.469,945.469,0.0,0.0,0.0,557.786,0.0,0.0,0.0,0.0,0.0,200.0,0.2,0.998,0.0,0.0,30.575,0.0,0.0,30.575,0.629,1.0,0.629,minimize_generator,full_grid,False,4636.303,0.0,5000,inf
2013-10-11,809.905,747.908,1557.813,860.64,170.56,1031.2,1031.2,0.0,0.0,0.0,363.697,0.0,162.916,0.0,0.0,0.0,200.0,0.2,0.998,97.75,10.861,19.869,0.0,32.101,51.97,0.767,1.0,0.662,minimize_generator,full_grid,False,5000.0,0.0,5000,inf
2013-10-12,811.595,777.764,1589.359,842.606,285.36,1127.966,1127.966,0.0,0.0,0.0,0.0,0.0,461.393,0.0,0.0,0.0,200.0,0.2,0.998,236.279,24.0,0.0,0.0,77.594,77.594,1.0,1.0,0.71,minimize_generator,full_grid,False,5000.0,0.0,5000,inf
2013-10-13,734.66,790.556,1525.216,859.556,325.64,1185.196,1185.196,0.0,0.0,0.0,0.0,0.0,340.02,0.0,0.0,0.0,200.0,0.2,0.998,204.012,22.668,0.0,0.0,66.998,66.998,1.0,1.0,0.777,minimize_generator,full_grid,False,5000.0,0.0,5000,inf
2013-10-14,735.605,719.487,1455.092,836.863,320.4,1157.263,1157.263,0.0,0.0,0.0,0.0,0.0,297.829,0.0,0.0,0.0,200.0,0.2,0.998,178.697,19.855,0.0,0.0,58.684,58.684,1.0,1.0,0.795,minimize_generator,full_grid,False,5000.0,0.0,5000,inf
2013-10-15,814.405,678.003,1492.408,837.952,152.24,990.192,990.192,0.0,0.0,0.0,0.0,0.0,502.216,0.0,0.0,0.0,200.0,0.2,0.998,244.443,24.0,0.0,0.0,80.275,80.275,1.0,1.0,0.663,minimize_generator,full_grid,False,5000.0,0.0,5000,inf
2013-10-16,736.165,697.791,1433.956,805.382,243.36,1048.742,1048.742,0.0,0.0,0.0,0.0,0.0,385.214,0.0,0.0,0.0,200.0,0.2,0.998,221.043,24.0,0.0,0.0,72.59,72.59,1.0,1.0,0.731,minimize_generator,full_grid,False,5000.0,0.0,5000,inf
2013-10-17,734.485,675.007,1409.492,814.489,147.72,962.209,962.209,0.0,0.0,0.0,0.0,0.0,447.283,0.0,0.0,0.0,200.0,0.2,0.998,233.457,24.0,0.0,0.0,76.667,76.667,1.0,1.0,0.683,minimize_generator,full_grid,False,5000.0,0.0,5000,inf
2013-10-18,811.035,643.743,1454.778,799.087,21.88,820.967,820.967,0.0,0.0,0.0,0.0,0.0,633.811,0.0,0.0,0.0,200.0,0.2,0.998,270.762,24.0,0.0,0.0,88.918,88.918,1.0,1.0,0.564,minimize_generator,full_grid,False,5000.0,0.0,5000,inf
2013-10-19,813.075,639.501,1452.576,819.177,311.56,1130.737,1130.737,0.0,0.0,0.0,0.0,0.0,321.839,0.0,0.0,0.0,200.0,0.2,0.998,193.103,21.456,0.0,0.0,63.415,63.415,1.0,1.0,0.778,minimize_generator,full_grid,False,5000.0,0.0,5000,inf
2013-10-20,811.035,653.572,1464.607,797.374,106.0,903.374,903.374,0.0,0.0,0.0,0.0,0.0,561.233,0.0,0.0,0.0,200.0,0.2,0.998,256.247,24.0,0.0,0.0,84.151,84.151,1.0,1.0,0.617,minimize_generator,full_grid,False,5000.0,0.0,5000,inf
2013-10-21,811.77,624.207,1435.977,755.092,95.04,850.132,850.132,0.0,0.0,0.0,0.0,0.0,585.845,0.0,0.0,0.0,200.0,0.2,0.998,261.169,24.0,0.0,0.0,85.768,85.768,1.0,1.0,0.592,minimize_generator,full_grid,False,5000.0,0.0,5000,inf
2013-10-22,733.925,645.101,1379.026,764.328,198.72,963.048,963.048,0.0,0.0,0.0,0.0,0.0,415.978,0.0,0.0,0.0,200.0,0.2,0.998,227.196,24.0,0.0,0.0,74.611,74.611,1.0,1.0,0.698,minimize_generator,full_grid,False,5000.0,0.0,5000,inf
2013-10-23,731.14,631.465,1362.605,762.728,279.84,1042.568,1042.568,0.0,0.0,0.0,0.0,0.0,320.037,0.0,0.0,0.0,200.0,0.2,0.998,192.022,21.336,0.0,0.0,63.06,63.06,1.0,1.0,0.765,minimize_generator,full_grid,False,5000.0,0.0,5000,inf
2013-10-24,812.715,522.545,1335.26,734.437,228.16,962.597,962.597,0.0,0.0,0.0,0.0,0.0,372.663,0.0,0.0,0.0,200.0,0.2,0.998,218.533,24.0,0.0,0.0,71.766,71.766,1.0,1.0,0.721,minimize_generator,full_grid,False,5000.0,0.0,5000,inf
2013-10-25,734.66,505.06,1239.72,742.362,114.92,857.282,857.282,0.0,0.0,0.0,0.0,0.0,382.438,0.0,0.0,0.0,200.0,0.2,0.998,220.488,24.0,0.0,0.0,72.408,72.408,1.0,1.0,0.692,minimize_generator,full_grid,False,5000.0,0.0,5000,inf
2013-10-26,734.485,502.104,1236.589,782.125,255.6,1037.725,1037.725,0.0,0.0,0.0,0.0,0.0,198.864,0.0,0.0,0.0,200.0,0.2,0.998,119.319,13.258,0.0,0.0,39.184,39.184,1.0,1.0,0.839,minimize_generator,full_grid,False,5000.0,0.0,5000,inf
2013-10-27,811.035,439.742,1250.777,775.205,171.48,946.685,946.685,0.0,0.0,0.0,0.0,0.0,304.092,0.0,0.0,0.0,200.0,0.2,0.998,182.455,20.273,0.0,0.0,59.918,59.918,1.0,1.0,0.757,minimize_generator,full_grid,False,5000.0,0.0,5000,inf
2013-10-28,736.91,402.974,1139.884,765.219,155.88,921.099,921.099,0.0,0.0,0.0,0.0,0.0,218.785,0.0,0.0,0.0,200.0,0.2,0.998,131.271,14.586,0.0,0.0,43.109,43.109,1.0,1.0,0.808,minimize_generator,full_grid,False,5000.0,0.0,5000,inf
2013-10-29,736.165,299.529,1035.694,751.312,219.6,970.912,970.912,0.0,25.218,0.0,0.0,0.0,64.782,25.218,0.0,0.0,223.957,0.224,0.891,54.0,6.0,0.0,0.0,17.734,17.734,1.0,1.0,0.937,minimize_generator,full_grid,False,5000.0,0.0,5000,inf
2013-10-30,813.285,189.571,1002.856,735.131,247.12,982.251,982.251,0.0,0.0,20.605,0.0,0.0,0.0,0.0,0.0,0.0,202.268,0.202,0.891,0.0,0.0,0.0,0.0,0.0,0.0,1.0,1.0,0.998,minimize_generator,full_grid,False,5000.0,0.0,5000,inf
2013-10-31,731.49,78.563,810.053,720.977,137.96,858.937,810.053,48.884,48.884,0.0,0.0,0.0,0.0,0.0,0.0,0.0,248.708,0.249,0.911,0.0,0.0,0.0,0.0,0.0,0.0,1.0,1.0,1.0,minimize_generator,full_grid,False,5000.0,0.0,5000,inf
2013-11-01,737.085,719.854,1456.939,636.739,238.6,875.339,875.339,0.0,0.0,46.272,535.328,0.0,0.0,0.0,0.0,0.0,200.0,0.2,0.911,0.0,0.0,29.662,0.0,0.0,29.662,0.633,1.0,0.63,minimize_generator,full_grid,False,535.328,0.0,5000,inf
2013-11-02,733.565,698.495,1432.06,703.537,218.68,922.217,922.217,0.0,0.0,0.0,509.843,0.0,0.0,0.0,0.0,0.0,200.0,0.2,0.911,0.0,0.0,28.282,0.0,0.0,28.282,0.644,1.0,0.644,minimize_generator,full_grid,False,1045.171,0.0,5000,inf
2013-11-03,733.925,634.362,1368.287,666.16,73.52,739.68,739.68,0.0,0.0,0.0,628.607,0.0,0.0,0.0,0.0,0.0,200.0,0.2,0.911,0.0,0.0,35.02,0.0,0.0,35.02,0.541,1.0,0.541,minimize_generator,full_grid,False,1673.778,0.0,5000,inf
2013-11-04,738.39,678.083,1416.473,644.984,50.88,695.864,695.864,0.0,0.0,0.0,720.609,0.0,0.0,0.0,0.0,0.0,200.0,0.2,0.911,0.0,0.0,40.038,0.0,0.0,40.038,0.491,1.0,0.491,minimize_generator,full_grid,False,2394.387,0.0,5000,inf
2013-11-05,734.3,686.558,1420.858,681.062,146.84,827.902,827.902,0.0,0.0,0.0,592.956,0.0,0.0,0.0,0.0,0.0,200.0,0.2,0.911,0.0,0.0,32.919,0.0,0.0,32.919,0.583,1.0,0.583,minimize_generator,full_grid,False,2987.343,0.0,5000,inf
2013-11-06,734.125,650.813,1384.938,689.036,25.0,714.036,714.036,0.0,0.0,0.0,670.902,0.0,0.0,0.0,0.0,0.0,200.0,0.2,0.911,0.0,0.0,37.334,0.0,0.0,37.334,0.516,1.0,0.516,minimize_generator,full_grid,False,3658.245,0.0,5000,inf
2013-11-07,735.79,625.546,1361.336,670.313,5.52,675.833,675.833,0.0,0.0,0.0,685.503,0.0,0.0,0.0,0.0,0.0,200.0,0.2,0.911,0.0,0.0,38.217,0.0,0.0,38.217,0.496,1.0,0.496,minimize_generator,full_grid,False,4343.748,0.0,5000,inf
2013-11-08,730.195,648.746,1378.941,647.49,181.76,829.25,829.25,0.0,0.0,0.0,549.691,0.0,0.0,0.0,0.0,0.0,200.0,0.2,0.911,0.0,0.0,30.586,0.0,0.0,30.586,0.601,1.0,0.601,minimize_generator,full_grid,False,4893.439,0.0,5000,inf
2013-11-09,665.11,665.419,1330.529,622.813,213.92,836.733,836.733,0.0,0.0,0.0,106.561,0.0,387.235,0.0,0.0,0.0,200.0,0.2,0.911,221.447,24.0,5.898,0.0,73.609,79.507,0.92,1.0,0.629,minimize_generator,full_grid,False,5000.0,0.0,5000,inf
2013-11-10,663.99,675.401,1339.391,641.1,104.4,745.5,745.5,0.0,0.0,0.0,0.0,0.0,593.891,0.0,0.0,0.0,200.0,0.2,0.911,262.778,24.0,0.0,0.0,87.347,87.347,1.0,1.0,0.557,minimize_generator,full_grid,False,5000.0,0.0,5000,inf
2013-11-11,659.86,600.281,1260.141,655.159,8.36,663.519,663.519,0.0,0.0,0.0,0.0,0.0,596.622,0.0,0.0,0.0,200.0,0.2,0.911,263.324,24.0,0.0,0.0,87.529,87.529,1.0,1.0,0.527,minimize_generator,full_grid,False,5000.0,0.0,5000,inf
2013-11-12,738.03,673.233,1411.263,643.522,65.04,708.562,708.562,0.0,0.0,0.0,0.0,0.0,702.701,0.0,0.0,0.0,200.0,0.2,0.911,284.54,24.0,0.0,0.0,94.581,94.581,1.0,1.0,0.502,minimize_generator,full_grid,False,5000.0,0.0,5000,inf
2013-11-13,662.86,637.37,1300.23,644.22,97.36,741.58,741.58,0.0,0.0,0.0,0.0,0.0,558.65,0.0,0.0,0.0,200.0,0.2,0.911,255.73,24.0,0.0,0.0,85.005,85.005,1.0,1.0,0.57,minimize_generator,full_grid,False,5000.0,0.0,5000,inf
2013-11-14,665.855,623.542,1289.397,656.43,18.68,675.11,675.11,0.0,0.0,0.0,0.0,0.0,614.287,0.0,0.0,0.0,200.0,0.2,0.911,266.857,24.0,0.0,0.0,88.703,88.703,1.0,1.0,0.524,minimize_generator,full_grid,False,5000.0,0.0,5000,inf
2013-11-15,665.47,671.777,1337.247,662.593,168.72,831.313,831.313,0.0,0.0,0.0,0.0,0.0,505.934,0.0,0.0,0.0,200.0,0.2,0.911,245.187,24.0,0.0,0.0,81.5,81.5,1.0,1.0,0.622,minimize_generator,full_grid,False,5000.0,0.0,5000,inf
2013-11-16,730.37,737.868,1468.238,663.098,289.04,952.138,952.138,0.0,0.0,0.0,0.0,0.0,516.1,0.0,0.0,0.0,200.0,0.2,0.911,247.22,24.0,0.0,0.0,82.176,82.176,1.0,1.0,0.648,minimize_generator,full_grid,False,5000.0,0.0,5000,inf
2013-11-17,731.875,717.485,1449.36,647.329,372.36,1019.689,1019.689,0.0,0.0,0.0,0.0,0.0,429.671,0.0,0.0,0.0,200.0,0.2,0.911,229.934,24.0,0.0,0.0,76.43,76.43,1.0,1.0,0.704,minimize_generator,full_grid,False,5000.0,0.0,5000,inf
2013-11-18,731.875,637.483,1369.358,608.189,325.64,933.829,933.829,0.0,0.0,0.0,0.0,0.0,435.529,0.0,0.0,0.0,200.0,0.2,0.911,231.106,24.0,0.0,0.0,76.82,76.82,1.0,1.0,0.682,minimize_generator,full_grid,False,5000.0,0.0,5000,inf
2013-11-19,663.245,621.639,1284.884,606.476,113.28,719.756,719.756,0.0,0.0,0.0,0.0,0.0,565.128,0.0,0.0,0.0,200.0,0.2,0.911,257.026,24.0,0.0,0.0,85.435,85.435,1.0,1.0,0.56,minimize_generator,full_grid,False,5000.0,0.0,5000,inf
2013-11-20,664.375,648.888,1313.263,629.213,55.4,684.613,684.613,0.0,0.0,0.0,0.0,0.0,628.65,0.0,0.0,0.0,200.0,0.2,0.911,269.73,24.0,0.0,0.0,89.658,89.658,1.0,1.0,0.521,minimize_generator,full_grid,False,5000.0,0.0,5000,inf
2013-11-21,665.855,576.019,1241.874,604.658,18.96,623.618,623.618,0.0,0.0,0.0,0.0,0.0,618.256,0.0,0.0,0.0,200.0,0.2,0.911,267.651,24.0,0.0,0.0,88.967,88.967,1.0,1.0,0.502,minimize_generator,full_grid,False,5000.0,0.0,5000,inf
2013-11-22,663.605,524.568,1188.173,457.252,53.12,510.372,510.372,0.0,0.0,0.0,0.0,0.0,677.801,0.0,0.0,0.0,200.0,0.2,0.911,279.56,24.0,0.0,0.0,92.926,92.926,1.0,1.0,0.43,minimize_generator,full_grid,False,5000.0,0.0,5000,inf
2013-11-23,733.355,538.521,1271.876,548.17,9.36,557.53,557.53,0.0,0.0,0.0,0.0,0.0,714.346,0.0,0.0,0.0,200.0,0.2,0.911,286.869,24.0,0.0,0.0,95.355,95.355,1.0,1.0,0.438,minimize_generator,full_grid,False,5000.0,0.0,5000,inf
2013-11-24,665.855,558.835,1224.69,531.23,21.88,553.11,553.11,0.0,0.0,0.0,0.0,0.0,671.58,0.0,0.0,0.0,200.0,0.2,0.911,278.316,24.0,0.0,0.0,92.512,92.512,1.0,1.0,0.452,minimize_generator,full_grid,False,5000.0,0.0,5000,inf
2013-11-25,729.625,565.668,1295.293,591.202,3.68,594.882,594.882,0.0,0.0,0.0,0.0,0.0,700.411,0.0,0.0,0.0,200.0,0.2,0.911,284.082,24.0,0.0,0.0,94.429,94.429,1.0,1.0,0.459,minimize_generator,full_grid,False,5000.0,0.0,5000,inf
2013-11-26,666.03,661.399,1327.429,593.909,83.96,677.869,677.869,0.0,0.0,0.0,0.0,0.0,649.56,0.0,0.0,0.0,200.0,0.2,0.911,273.912,24.0,0.0,0.0,91.048,91.048,1.0,1.0,0.511,minimize_generator,full_grid,False,5000.0,0.0,5000,inf
2013-11-27,730.755,643.775,1374.53,562.596,46.6,609.196,609.196,0.0,0.0,0.0,0.0,0.0,765.334,0.0,0.0,0.0,200.0,0.2,0.911,297.067,24.0,0.0,0.0,98.745,98.745,1.0,1.0,0.443,minimize_generator,full_grid,False,5000.0,0.0,5000,inf
2013-11-28,663.805,588.397,1252.202,472.519,57.72,530.239,530.239,0.0,0.0,0.0,0.0,0.0,721.963,0.0,0.0,0.0,200.0,0.2,0.911,288.393,24.0,0.0,0.0,95.862,95.862,1.0,1.0,0.423,minimize_generator,full_grid,False,5000.0,0.0,5000,inf
2013-11-29,657.61,626.916,1284.526,560.107,254.68,814.787,814.787,0.0,0.0,0.0,0.0,0.0,469.739,0.0,0.0,0.0,200.0,0.2,0.911,237.948,24.0,0.0,0.0,79.094,79.094,1.0,1.0,0.634,minimize_generator,full_grid,False,5000.0,0.0,5000,inf
2013-11-30,664.165,494.311,1158.476,551.947,28.0,579.947,579.947,0.0,0.0,0.0,0.0,0.0,578.529,0.0,0.0,0.0,200.0,0.2,0.911,259.706,24.0,0.0,0.0,86.326,86.326,1.0,1.0,0.501,minimize_generator,full_grid,False,5000.0,0.0,5000,inf
2013-12-01,659.475,539.534,1199.009,433.044,58.32,491.364,491.364,0.0,0.0,0.0,707.645,0.0,0.0,0.0,0.0,0.0,200.0,0.2,0.911,0.0,0.0,39.596,0.0,0.0,39.596,0.41,1.0,0.41,minimize_generator,full_grid,False,707.645,0.0,5000,inf
2013-12-02,659.86,485.534,1145.394,391.824,43.52,435.344,435.344,0.0,0.0,0.0,710.05,0.0,0.0,0.0,0.0,0.0,200.0,0.2,0.911,0.0,0.0,39.881,0.0,0.0,39.881,0.38,1.0,0.38,minimize_generator,full_grid,False,1417.695,0.0,5000,inf
2013-12-03,664.165,562.768,1226.933,555.605,25.36,580.965,580.965,0.0,0.0,0.0,645.968,0.0,0.0,0.0,0.0,0.0,200.0,0.2,0.911,0.0,0.0,36.1,0.0,0.0,36.1,0.474,1.0,0.474,minimize_generator,full_grid,False,2063.663,0.0,5000,inf
2013-12-04,729.45,571.68,1301.13,420.616,310.68,731.296,731.296,0.0,0.0,0.0,569.834,0.0,0.0,0.0,0.0,0.0,200.0,0.2,0.911,0.0,0.0,31.934,0.0,0.0,31.934,0.562,1.0,0.562,minimize_generator,full_grid,False,2633.497,0.0,5000,inf
2013-12-05,661.165,304.614,965.779,491.139,395.52,886.659,886.659,0.0,0.0,0.0,79.12,0.0,0.0,0.0,0.0,0.0,200.0,0.2,0.911,0.0,0.0,4.513,0.0,0.0,4.513,0.918,1.0,0.918,minimize_generator,full_grid,False,2712.617,0.0,5000,inf
2013-12-06,662.11,305.437,967.547,605.36,222.48,827.84,827.84,0.0,0.0,0.0,139.707,0.0,0.0,0.0,0.0,0.0,200.0,0.2,0.911,0.0,0.0,7.969,0.0,0.0,7.969,0.856,1.0,0.856,minimize_generator,full_grid,False,2852.324,0.0,5000,inf
2013-12-07,730.57,319.961,1050.531,528.271,231.96,760.231,760.231,0.0,0.0,0.0,290.3,0.0,0.0,0.0,0.0,0.0,200.0,0.2,0.911,0.0,0.0,16.586,0.0,0.0,16.586,0.724,1.0,0.724,minimize_generator,full_grid,False,3142.624,0.0,5000,inf
2013-12-08,661.34,335.576,996.916,483.6,365.96,849.56,849.56,0.0,0.0,0.0,147.356,0.0,0.0,0.0,0.0,0.0,200.0,0.2,0.911,0.0,0.0,8.381,0.0,0.0,8.381,0.852,1.0,0.852,minimize_generator,full_grid,False,3289.98,0.0,5000,inf
2013-12-09,733.355,357.388,1090.743,608.923,380.24,989.163,989.163,0.0,0.0,0.0,101.58,0.0,0.0,0.0,0.0,0.0,200.0,0.2,0.911,0.0,0.0,5.785,0.0,0.0,5.785,0.907,1.0,0.907,minimize_generator,full_grid,False,3391.56,0.0,5000,inf
2013-12-10,662.685,319.094,981.779,604.678,257.48,862.158,862.158,0.0,0.0,0.0,119.621,0.0,0.0,0.0,0.0,0.0,200.0,0.2,0.911,0.0,0.0,6.815,0.0,0.0,6.815,0.878,1.0,0.878,minimize_generator,full_grid,False,3511.182,0.0,5000,inf
2013-12-11,586.525,345.312,931.837,466.688,507.52,974.208,931.837,42.371,42.371,0.0,0.0,0.0,0.0,0.0,0.0,0.0,240.252,0.24,0.926,0.0,0.0,0.0,0.0,0.0,0.0,1.0,1.0,1.0,minimize_generator,full_grid,False,3511.182,0.0,5000,inf
2013-12-12,662.86,222.301,885.161,405.697,547.44,953.137,885.161,67.976,67.976,0.0,0.0,0.0,0.0,0.0,0.0,0.0,304.829,0.305,0.942,0.0,0.0,0.0,0.0,0.0,0.0,1.0,1.0,1.0,minimize_generator,full_grid,False,3511.182,0.0,5000,inf
2013-12-13,660.98,229.517,890.497,382.221,500.52,882.741,882.741,0.0,0.0,7.756,0.0,0.0,0.0,0.0,0.0,0.0,296.665,0.297,0.942,0.0,0.0,0.0,0.0,0.0,0.0,1.0,1.0,0.999,minimize_generator,full_grid,False,3511.182,0.0,5000,inf
2013-12-14,664.55,251.148,915.698,494.312,453.32,947.632,915.698,31.934,31.934,0.0,0.0,0.0,0.0,0.0,0.0,0.0,327.003,0.327,0.947,0.0,0.0,0.0,0.0,0.0,0.0,1.0,1.0,1.0,minimize_generator,full_grid,False,3511.182,0.0,5000,inf
2013-12-15,661.725,244.643,906.368,603.121,76.24,679.361,679.361,0.0,0.0,120.653,106.354,0.0,0.0,0.0,0.0,0.0,200.0,0.2,0.947,0.0,0.0,6.106,0.0,0.0,6.106,0.883,1.0,0.876,minimize_generator,full_grid,False,3617.536,0.0,5000,inf
2013-12-16,658.555,249.789,908.344,579.804,83.96,663.764,663.764,0.0,0.0,0.0,244.58,0.0,0.0,0.0,0.0,0.0,200.0,0.2,0.947,0.0,0.0,14.032,0.0,0.0,14.032,0.731,1.0,0.731,minimize_generator,full_grid,False,3862.116,0.0,5000,inf
2013-12-17,587.445,246.603,834.048,573.383,89.8,663.183,663.183,0.0,0.0,0.0,170.865,0.0,0.0,0.0,0.0,0.0,200.0,0.2,0.947,0.0,0.0,9.774,0.0,0.0,9.774,0.795,1.0,0.795,minimize_generator,full_grid,False,4032.981,0.0,5000,inf
2013-12-18,657.995,258.87,916.865,588.831,222.48,811.311,811.311,0.0,0.0,0.0,105.554,0.0,0.0,0.0,0.0,0.0,200.0,0.2,0.947,0.0,0.0,6.05,0.0,0.0,6.05,0.885,1.0,0.885,minimize_generator,full_grid,False,4138.535,0.0,5000,inf
2013-12-19,588.565,244.99,833.555,594.068,67.6,661.668,661.668,0.0,0.0,0.0,171.887,0.0,0.0,0.0,0.0,0.0,200.0,0.2,0.947,0.0,0.0,9.835,0.0,0.0,9.835,0.794,1.0,0.794,minimize_generator,full_grid,False,4310.421,0.0,5000,inf
2013-12-20,589.485,272.896,862.381,569.568,74.2,643.768,643.768,0.0,0.0,0.0,218.613,0.0,0.0,0.0,0.0,0.0,200.0,0.2,0.947,0.0,0.0,12.469,0.0,0.0,12.469,0.747,1.0,0.747,minimize_generator,full_grid,False,4529.035,0.0,5000,inf
2013-12-21,660.595,350.271,1010.866,584.708,200.6,785.308,785.308,0.0,0.0,0.0,225.558,0.0,0.0,0.0,0.0,0.0,200.0,0.2,0.947,0.0,0.0,12.81,0.0,0.0,12.81,0.777,1.0,0.777,minimize_generator,full_grid,False,4754.592,0.0,5000,inf
2013-12-22,664.935,337.899,1002.834,600.256,172.44,772.696,772.696,0.0,0.0,0.0,230.138,0.0,0.0,0.0,0.0,0.0,200.0,0.2,0.947,0.0,0.0,13.088,0.0,0.0,13.088,0.771,1.0,0.771,minimize_generator,full_grid,False,4984.731,0.0,5000,inf
2013-12-23,659.475,323.335,982.81,623.885,131.84,755.725,755.725,0.0,0.0,0.0,15.269,0.0,211.816,0.0,0.0,0.0,200.0,0.2,0.947,127.09,14.121,0.869,0.0,43.096,43.965,0.984,1.0,0.769,minimize_generator,full_grid,False,5000.0,0.0,5000,inf
2013-12-24,586.7,31.537,618.237,627.028,140.6,767.628,618.237,149.391,149.391,0.0,0.0,0.0,0.0,0.0,0.0,0.0,341.922,0.342,0.969,0.0,0.0,0.0,0.0,0.0,0.0,1.0,1.0,1.0,minimize_generator,full_grid,False,5000.0,0.0,5000,inf
2013-12-25,659.475,19.898,679.373,537.574,158.6,696.174,679.373,16.801,16.801,0.0,0.0,0.0,0.0,0.0,0.0,0.0,357.883,0.358,0.971,0.0,0.0,0.0,0.0,0.0,0.0,1.0,1.0,1.0,minimize_generator,full_grid,False,5000.0,0.0,5000,inf
2013-12-26,662.11,22.893,685.003,377.537,5.68,383.217,383.217,0.0,0.0,149.988,0.0,0.0,151.797,0.0,0.0,0.0,200.0,0.2,0.971,91.078,10.12,0.0,0.0,30.885,30.885,1.0,1.0,0.772,minimize_generator,full_grid,False,5000.0,0.0,5000,inf
2013-12-27,588.565,23.766,612.331,565.242,13.4,578.642,578.642,0.0,56.311,0.0,0.0,0.0,33.689,56.311,0.0,0.0,253.496,0.253,0.766,54.0,6.0,0.0,0.0,18.311,18.311,1.0,1.0,0.945,minimize_generator,full_grid,False,5000.0,0.0,5000,inf
2013-12-28,657.075,24.233,681.308,443.023,36.36,479.383,479.383,0.0,0.0,50.821,0.0,0.0,151.104,0.0,0.0,0.0,200.0,0.2,0.766,90.662,10.074,0.0,0.0,30.744,30.744,1.0,1.0,0.761,minimize_generator,full_grid,False,5000.0,0.0,5000,inf
2013-12-29,657.435,22.264,679.699,585.603,369.96,955.563,679.699,275.864,275.864,0.0,0.0,0.0,0.0,0.0,0.0,0.0,462.071,0.462,0.899,0.0,0.0,0.0,0.0,0.0,0.0,1.0,1.0,1.0,minimize_generator,full_grid,False,5000.0,0.0,5000,inf
2013-12-30,587.62,22.173,609.793,501.998,230.08,732.078,609.793,122.285,122.285,0.0,0.0,0.0,0.0,0.0,0.0,0.0,578.242,0.578,0.919,0.0,0.0,0.0,0.0,0.0,0.0,1.0,1.0,1.0,minimize_generator,full_grid,False,5000.0,0.0,5000,inf
2013-12-31,659.675,21.661,681.336,538.671,250.88,789.551,681.336,108.215,108.215,0.0,0.0,0.0,0.0,0.0,0.0,0.0,681.046,0.681,0.931,0.0,0.0,0.0,0.0,0.0,0.0,1.0,1.0,1.0,minimize_generator,full_grid,False,5000.0,0.0,5000,inf
2014-01-01,587.085,22.908,609.993,526.873,76.24,603.113,603.113,0.0,0.0,6.88,0.0,0.0,0.0,0.0,0.0,0.0,673.804,0.674,0.931,0.0,0.0,0.0,0.0,0.0,0.0,1.0,1.0,0.999,minimize_generator,full_grid,False,0.0,0.0,5000,inf
2014-01-02,588.95,24.613,613.563,601.958,123.28,725.238,613.563,111.675,111.675,0.0,0.0,0.0,0.0,0.0,0.0,0.0,779.895,0.78,0.941,0.0,0.0,0.0,0.0,0.0,0.0,1.0,1.0,1.0,minimize_generator,full_grid,False,0.0,0.0,5000,inf
2014-01-03,584.1,24.189,608.289,569.631,147.72,717.351,608.289,109.062,21.163,0.0,0.0,87.899,0.0,0.0,0.0,0.0,800.0,0.8,0.942,0.0,0.0,0.0,0.0,0.0,0.0,1.0,0.877,1.0,minimize_generator,full_grid,False,0.0,87.899,5000,inf
2014-01-04,585.58,22.91,608.49,545.912,351.2,897.112,608.49,288.622,0.0,0.0,0.0,288.622,0.0,0.0,0.0,0.0,800.0,0.8,0.942,0.0,0.0,0.0,0.0,0.0,0.0,1.0,0.678,1.0,minimize_generator,full_grid,False,0.0,376.521,5000,inf
2014-01-05,656.69,20.898,677.588,522.956,342.8,865.756,677.588,188.168,0.0,0.0,0.0,188.168,0.0,0.0,0.0,0.0,800.0,0.8,0.942,0.0,0.0,0.0,0.0,0.0,0.0,1.0,0.783,1.0,minimize_generator,full_grid,False,0.0,564.689,5000,inf
2014-01-06,585.755,21.766,607.521,606.414,31.2,637.614,607.521,30.093,0.0,0.0,0.0,30.093,0.0,0.0,0.0,0.0,800.0,0.8,0.942,0.0,0.0,0.0,0.0,0.0,0.0,1.0,0.953,1.0,minimize_generator,full_grid,False,0.0,594.782,5000,inf
2014-01-07,660.42,22.91,683.33,532.701,70.2,602.901,602.901,0.0,0.0,80.429,0.0,0.0,0.0,0.0,0.0,0.0,715.338,0.715,0.942,0.0,0.0,0.0,0.0,0.0,0.0,1.0,1.0,0.993,minimize_generator,full_grid,False,0.0,594.782,5000,inf
2014-01-08,585.58,23.627,609.207,617.4,44.04,661.44,609.207,52.233,52.233,0.0,0.0,0.0,0.0,0.0,0.0,0.0,764.959,0.765,0.946,0.0,0.0,0.0,0.0,0.0,0.0,1.0,1.0,1.0,minimize_generator,full_grid,False,0.0,594.782,5000,inf
2014-01-09,587.83,22.55,610.38,547.962,220.56,768.522,610.38,158.142,36.886,0.0,0.0,121.256,0.0,0.0,0.0,0.0,800.0,0.8,0.948,0.0,0.0,0.0,0.0,0.0,0.0,1.0,0.842,1.0,minimize_generator,full_grid,False,0.0,716.038,5000,inf
2014-01-10,657.25,18.411,675.661,454.32,377.88,832.2,675.661,156.539,0.0,0.0,0.0,156.539,0.0,0.0,0.0,0.0,800.0,0.8,0.948,0.0,0.0,0.0,0.0,0.0,0.0,1.0,0.812,1.0,minimize_generator,full_grid,False,0.0,872.577,5000,inf
2014-01-11,581.665,14.112,595.777,513.82,186.44,700.26,595.777,104.483,0.0,0.0,0.0,104.483,0.0,0.0,0.0,0.0,800.0,0.8,0.948,0.0,0.0,0.0,0.0,0.0,0.0,1.0,0.851,1.0,minimize_generator,full_grid,False,0.0,977.06,5000,inf
2014-01-12,572.425,15.262,587.687,624.639,50.88,675.519,587.687,87.832,0.0,0.0,0.0,87.832,0.0,0.0,0.0,0.0,800.0,0.8,0.948,0.0,0.0,0.0,0.0,0.0,0.0,1.0,0.87,1.0,minimize_generator,full_grid,False,0.0,1064.893,5000,inf
2014-01-13,581.29,19.266,600.556,580.793,11.72,592.513,592.513,0.0,0.0,8.043,0.0,0.0,0.0,0.0,0.0,0.0,791.533,0.792,0.948,0.0,0.0,0.0,0.0,0.0,0.0,1.0,1.0,0.999,minimize_generator,full_grid,False,0.0,1064.893,5000,inf
2014-01-14,658.38,13.256,671.636,530.85,1.28,532.13,532.13,0.0,0.0,139.506,0.0,0.0,0.0,0.0,0.0,0.0,644.684,0.645,0.948,0.0,0.0,0.0,0.0,0.0,0.0,1.0,1.0,0.989,minimize_generator,full_grid,False,0.0,1064.893,5000,inf
2014-01-15,584.835,7.898,592.733,651.888,25.72,677.608,592.733,84.875,84.875,0.0,0.0,0.0,0.0,0.0,0.0,0.0,725.316,0.725,0.954,0.0,0.0,0.0,0.0,0.0,0.0,1.0,1.0,1.0,minimize_generator,full_grid,False,0.0,1064.893,5000,inf
2014-01-16,663.605,8.377,671.982,657.639,27.2,684.839,671.982,12.857,12.857,0.0,0.0,0.0,0.0,0.0,0.0,0.0,737.53,0.738,0.955,0.0,0.0,0.0,0.0,0.0,0.0,1.0,1.0,1.0,minimize_generator,full_grid,False,0.0,1064.893,5000,inf
2014-01-17,584.835,10.838,595.673,640.448,212.0,852.448,595.673,256.775,65.758,0.0,0.0,191.017,0.0,0.0,0.0,0.0,800.0,0.8,0.958,0.0,0.0,0.0,0.0,0.0,0.0,1.0,0.776,1.0,minimize_generator,full_grid,False,0.0,1255.91,5000,inf
2014-01-18,587.62,9.429,597.049,666.441,50.32,716.761,597.049,119.712,0.0,0.0,0.0,119.712,0.0,0.0,0.0,0.0,800.0,0.8,0.958,0.0,0.0,0.0,0.0,0.0,0.0,1.0,0.833,1.0,minimize_generator,full_grid,False,0.0,1375.622,5000,inf
2014-01-19,659.475,8.538,668.013,618.665,26.08,644.745,644.745,0.0,0.0,23.268,0.0,0.0,0.0,0.0,0.0,0.0,775.507,0.776,0.958,0.0,0.0,0.0,0.0,0.0,0.0,1.0,1.0,0.999,minimize_generator,full_grid,False,0.0,1375.622,5000,inf
2014-01-20,661.34,7.773,669.113,652.324,10.4,662.724,662.724,0.0,0.0,6.389,0.0,0.0,0.0,0.0,0.0,0.0,768.782,0.769,0.958,0.0,0.0,0.0,0.0,0.0,0.0,1.0,1.0,1.0,minimize_generator,full_grid,False,0.0,1375.622,5000,inf
2014-01-21,661.54,8.564,670.104,614.853,34.6,649.453,649.453,0.0,0.0,20.651,0.0,0.0,0.0,0.0,0.0,0.0,747.044,0.747,0.958,0.0,0.0,0.0,0.0,0.0,0.0,1.0,1.0,0.999,minimize_generator,full_grid,False,0.0,1375.622,5000,inf
2014-01-22,658.38,10.006,668.386,621.611,118.24,739.851,668.386,71.465,55.744,0.0,0.0,15.722,0.0,0.0,0.0,0.0,800.0,0.8,0.961,0.0,0.0,0.0,0.0,0.0,0.0,1.0,0.979,1.0,minimize_generator,full_grid,False,0.0,1391.343,5000,inf
2014-01-23,657.81,11.0,668.81,600.97,306.24,907.21,668.81,238.4,0.0,0.0,0.0,238.4,0.0,0.0,0.0,0.0,800.0,0.8,0.961,0.0,0.0,0.0,0.0,0.0,0.0,1.0,0.737,1.0,minimize_generator,full_grid,False,0.0,1629.743,5000,inf
2014-01-24,589.31,10.475,599.785,695.28,184.56,879.84,599.785,280.055,0.0,0.0,0.0,280.055,0.0,0.0,0.0,0.0,800.0,0.8,0.961,0.0,0.0,0.0,0.0,0.0,0.0,1.0,0.682,1.0,minimize_generator,full_grid,False,0.0,1909.799,5000,inf
2014-01-25,656.865,7.744,664.609,688.088,0.56,688.648,664.609,24.039,0.0,0.0,0.0,24.039,0.0,0.0,0.0,0.0,800.0,0.8,0.961,0.0,0.0,0.0,0.0,0.0,0.0,1.0,0.965,1.0,minimize_generator,full_grid,False,0.0,1933.838,5000,inf
2014-01-26,585.22,9.459,594.679,491.081,151.32,642.401,594.679,47.722,0.0,0.0,0.0,47.722,0.0,0.0,0.0,0.0,800.0,0.8,0.961,0.0,0.0,0.0,0.0,0.0,0.0,1.0,0.926,1.0,minimize_generator,full_grid,False,0.0,1981.56,5000,inf
2014-01-27,584.275,10.503,594.778,593.092,214.84,807.932,594.778,213.154,0.0,0.0,0.0,213.154,0.0,0.0,0.0,0.0,800.0,0.8,0.961,0.0,0.0,0.0,0.0,0.0,0.0,1.0,0.736,1.0,minimize_generator,full_grid,False,0.0,2194.714,5000,inf
2014-01-28,587.445,9.559,597.004,658.516,290.84,949.356,597.004,352.352,0.0,0.0,0.0,352.352,0.0,0.0,0.0,0.0,800.0,0.8,0.961,0.0,0.0,0.0,0.0,0.0,0.0,1.0,0.629,1.0,minimize_generator,full_grid,False,0.0,2547.066,5000,inf
2014-01-29,586.885,8.814,595.699,702.773,39.12,741.893,595.699,146.194,0.0,0.0,0.0,146.194,0.0,0.0,0.0,0.0,800.0,0.8,0.961,0.0,0.0,0.0,0.0,0.0,0.0,1.0,0.803,1.0,minimize_generator,full_grid,False,0.0,2693.261,5000,inf
2014-01-30,585.755,11.496,597.251,728.503,197.76,926.263,597.251,329.012,0.0,0.0,0.0,329.012,0.0,0.0,0.0,0.0,800.0,0.8,0.961,0.0,0.0,0.0,0.0,0.0,0.0,1.0,0.645,1.0,minimize_generator,full_grid,False,0.0,3022.272,5000,inf
2014-01-31,657.075,10.55,667.625,670.778,88.32,759.098,667.625,91.473,0.0,0.0,0.0,91.473,0.0,0.0,0.0,0.0,800.0,0.8,0.961,0.0,0.0,0.0,0.0,0.0,0.0,1.0,0.879,1.0,minimize_generator,full_grid,False,0.0,3113.745,5000,inf
2014-02-01,658.17,9.644,667.814,605.299,148.64,753.939,667.814,86.125,0.0,0.0,0.0,86.125,0.0,0.0,0.0,0.0,800.0,0.8,0.961,0.0,0.0,0.0,0.0,0.0,0.0,1.0,0.886,1.0,minimize_generator,full_grid,False,0.0,86.125,5000,inf
2014-02-02,588.18,8.656,596.836,489.845,19.92,509.765,509.765,0.0,0.0,87.071,0.0,0.0,0.0,0.0,0.0,0.0,708.346,0.708,0.961,0.0,0.0,0.0,0.0,0.0,0.0,1.0,1.0,0.994,minimize_generator,full_grid,False,0.0,86.125,5000,inf
2014-02-03,660.245,11.277,671.522,659.784,428.96,1088.744,671.522,417.222,96.478,0.0,0.0,320.744,0.0,0.0,0.0,0.0,800.0,0.8,0.965,0.0,0.0,0.0,0.0,0.0,0.0,1.0,0.705,1.0,minimize_generator,full_grid,False,0.0,406.869,5000,inf
2014-02-04,583.715,11.204,594.919,712.276,340.28,1052.556,594.919,457.637,0.0,0.0,0.0,457.637,0.0,0.0,0.0,0.0,800.0,0.8,0.965,0.0,0.0,0.0,0.0,0.0,0.0,1.0,0.565,1.0,minimize_generator,full_grid,False,0.0,864.506,5000,inf
2014-02-05,587.445,10.945,598.39,741.721,293.6,1035.321,598.39,436.931,0.0,0.0,0.0,436.931,0.0,0.0,0.0,0.0,800.0,0.8,0.965,0.0,0.0,0.0,0.0,0.0,0.0,1.0,0.578,1.0,minimize_generator,full_grid,False,0.0,1301.438,5000,inf
2014-02-06,585.58,10.861,596.441,704.018,402.96,1106.978,596.441,510.537,0.0,0.0,0.0,510.537,0.0,0.0,0.0,0.0,800.0,0.8,0.965,0.0,0.0,0.0,0.0,0.0,0.0,1.0,0.539,1.0,minimize_generator,full_grid,False,0.0,1811.974,5000,inf
2014-02-07,581.465,9.474,590.939,763.775,141.48,905.255,590.939,314.316,0.0,0.0,0.0,314.316,0.0,0.0,0.0,0.0,800.0,0.8,0.965,0.0,0.0,0.0,0.0,0.0,0.0,1.0,0.653,1.0,minimize_generator,full_grid,False,0.0,2126.29,5000,inf
2014-02-08,588.18,11.387,599.567,755.895,184.56,940.455,599.567,340.888,0.0,0.0,0.0,340.888,0.0,0.0,0.0,0.0,800.0,0.8,0.965,0.0,0.0,0.0,0.0,0.0,0.0,1.0,0.638,1.0,minimize_generator,full_grid,False,0.0,2467.178,5000,inf
2014-02-09,588.18,9.784,597.964,791.285,22.88,814.165,597.964,216.201,0.0,0.0,0.0,216.201,0.0,0.0,0.0,0.0,800.0,0.8,0.965,0.0,0.0,0.0,0.0,0.0,0.0,1.0,0.734,1.0,minimize_generator,full_grid,False,0.0,2683.379,5000,inf
2014-02-10,661.165,11.511,672.676,811.489,86.12,897.609,672.676,224.933,0.0,0.0,0.0,224.933,0.0,0.0,0.0,0.0,800.0,0.8,0.965,0.0,0.0,0.0,0.0,0.0,0.0,1.0,0.749,1.0,minimize_generator,full_grid,False,0.0,2908.312,5000,inf
2014-02-11,657.995,12.82,670.815,824.995,113.28,938.275,670.815,267.46,0.0,0.0,0.0,267.46,0.0,0.0,0.0,0.0,800.0,0.8,0.965,0.0,0.0,0.0,0.0,0.0,0.0,1.0,0.715,1.0,minimize_generator,full_grid,False,0.0,3175.772,5000,inf
2014-02-12,585.22,11.239,596.459,828.608,17.76,846.368,596.459,249.909,0.0,0.0,0.0,249.909,0.0,0.0,0.0,0.0,800.0,0.8,0.965,0.0,0.0,0.0,0.0,0.0,0.0,1.0,0.705,1.0,minimize_generator,full_grid,False,0.0,3425.681,5000,inf
2014-02-13,663.245,12.298,675.543,797.722,103.6,901.322,675.543,225.779,0.0,0.0,0.0,225.779,0.0,0.0,0.0,0.0,800.0,0.8,0.965,0.0,0.0,0.0,0.0,0.0,0.0,1.0,0.75,1.0,minimize_generator,full_grid,False,0.0,3651.46,5000,inf
2014-02-14,660.805,13.249,674.054,750.773,310.68,1061.453,674.054,387.399,0.0,0.0,0.0,387.399,0.0,0.0,0.0,0.0,800.0,0.8,0.965,0.0,0.0,0.0,0.0,0.0,0.0,1.0,0.635,1.0,minimize_generator,full_grid,False,0.0,4038.859,5000,inf
2014-02-15,658.555,483.719,1142.274,678.462,384.88,1063.342,1063.342,0.0,0.0,78.932,0.0,0.0,0.0,0.0,0.0,0.0,716.914,0.717,0.965,0.0,0.0,0.0,0.0,0.0,0.0,1.0,1.0,0.998,minimize_generator,full_grid,False,0.0,4038.859,5000,inf
2014-02-16,588.75,418.307,1007.057,559.378,521.32,1080.698,1007.057,73.641,73.641,0.0,0.0,0.0,0.0,0.0,0.0,0.0,786.873,0.787,0.969,0.0,0.0,0.0,0.0,0.0,0.0,1.0,1.0,1.0,minimize_generator,full_grid,False,0.0,4038.859,5000,inf
2014-02-17,586.315,461.393,1047.708,836.832,135.32,972.152,972.152,0.0,0.0,75.556,0.0,0.0,0.0,0.0,0.0,0.0,707.34,0.707,0.969,0.0,0.0,0.0,0.0,0.0,0.0,1.0,1.0,0.998,minimize_generator,full_grid,False,0.0,4038.859,5000,inf
2014-02-18,588.565,458.884,1047.449,834.325,48.16,882.485,882.485,0.0,0.0,164.964,0.0,0.0,0.0,0.0,0.0,0.0,533.694,0.534,0.969,0.0,0.0,0.0,0.0,0.0,0.0,1.0,1.0,0.995,minimize_generator,full_grid,False,0.0,4038.859,5000,inf
2014-02-19,661.165,513.457,1174.622,851.555,37.72,889.275,889.275,0.0,0.0,285.347,0.0,0.0,0.0,0.0,0.0,0.0,233.329,0.233,0.969,0.0,0.0,0.0,0.0,0.0,0.0,1.0,1.0,0.992,minimize_generator,full_grid,False,0.0,4038.859,5000,inf
2014-02-20,664.55,486.924,1151.474,860.039,13.4,873.439,873.439,0.0,0.0,31.662,246.373,0.0,0.0,0.0,0.0,0.0,200.0,0.2,0.969,0.0,0.0,13.842,0.0,0.0,13.842,0.786,1.0,0.785,minimize_generator,full_grid,False,246.373,4038.859,5000,inf
2014-02-21,663.605,476.311,1139.916,739.096,30.36,769.456,769.456,0.0,0.0,0.0,370.46,0.0,0.0,0.0,0.0,0.0,200.0,0.2,0.969,0.0,0.0,20.831,0.0,0.0,20.831,0.675,1.0,0.675,minimize_generator,full_grid,False,616.833,4038.859,5000,inf
2014-02-22,588.95,526.441,1115.391,809.66,24.28,833.94,833.94,0.0,0.0,0.0,281.451,0.0,0.0,0.0,0.0,0.0,200.0,0.2,0.969,0.0,0.0,15.681,0.0,0.0,15.681,0.748,1.0,0.748,minimize_generator,full_grid,False,898.284,4038.859,5000,inf
2014-02-23,586.7,516.34,1103.04,825.309,319.52,1144.829,1103.04,41.789,41.789,0.0,0.0,0.0,0.0,0.0,0.0,0.0,239.7,0.24,0.974,0.0,0.0,0.0,0.0,0.0,0.0,1.0,1.0,1.0,minimize_generator,full_grid,False,898.284,4038.859,5000,inf
2014-02-24,658.555,506.447,1165.002,839.757,359.44,1199.197,1165.002,34.195,34.195,0.0,0.0,0.0,0.0,0.0,0.0,0.0,272.185,0.272,0.977,0.0,0.0,0.0,0.0,0.0,0.0,1.0,1.0,1.0,minimize_generator,full_grid,False,898.284,4038.859,5000,inf
2014-02-25,584.835,543.205,1128.04,889.062,433.64,1322.702,1128.04,194.662,194.662,0.0,0.0,0.0,0.0,0.0,0.0,0.0,457.114,0.457,0.986,0.0,0.0,0.0,0.0,0.0,0.0,1.0,1.0,1.0,minimize_generator,full_grid,False,898.284,4038.859,5000,inf
2014-02-26,659.675,534.53,1194.205,895.365,218.68,1114.045,1114.045,0.0,0.0,80.16,0.0,0.0,0.0,0.0,0.0,0.0,372.735,0.373,0.986,0.0,0.0,0.0,0.0,0.0,0.0,1.0,1.0,0.999,minimize_generator,full_grid,False,898.284,4038.859,5000,inf
2014-02-27,657.995,575.812,1233.807,887.143,421.48,1308.623,1233.807,74.816,74.816,0.0,0.0,0.0,0.0,0.0,0.0,0.0,443.81,0.444,0.988,0.0,0.0,0.0,0.0,0.0,0.0,1.0,1.0,1.0,minimize_generator,full_grid,False,898.284,4038.859,5000,inf
2014-02-28,657.075,493.473,1150.548,918.618,65.68,984.298,984.298,0.0,0.0,166.25,0.0,0.0,0.0,0.0,0.0,0.0,268.81,0.269,0.988,0.0,0.0,0.0,0.0,0.0,0.0,1.0,1.0,0.998,minimize_generator,full_grid,False,898.284,4038.859,5000,inf
2014-03-01,586.315,463.664,1049.979,770.014,39.6,809.614,809.614,0.0,0.0,65.37,174.995,0.0,0.0,0.0,0.0,0.0,200.0,0.2,0.988,0.0,0.0,9.84,0.0,0.0,9.84,0.833,1.0,0.833,minimize_generator,full_grid,False,174.995,0.0,5000,inf
2014-03-02,661.165,332.912,994.077,427.211,35.92,463.131,463.131,0.0,0.0,0.0,530.946,0.0,0.0,0.0,0.0,0.0,200.0,0.2,0.988,0.0,0.0,30.275,0.0,0.0,30.275,0.466,1.0,0.466,minimize_generator,full_grid,False,705.941,0.0,5000,inf
2014-03-03,657.435,377.881,1035.316,578.067,18.36,596.427,596.427,0.0,0.0,0.0,438.889,0.0,0.0,0.0,0.0,0.0,200.0,0.2,0.988,0.0,0.0,24.928,0.0,0.0,24.928,0.576,1.0,0.576,minimize_generator,full_grid,False,1144.829,0.0,5000,inf
2014-03-04,588.565,493.909,1082.474,816.04,55.96,872.0,872.0,0.0,0.0,0.0,210.474,0.0,0.0,0.0,0.0,0.0,200.0,0.2,0.988,0.0,0.0,11.813,0.0,0.0,11.813,0.806,1.0,0.806,minimize_generator,full_grid,False,1355.303,0.0,5000,inf
2014-03-05,582.41,489.47,1071.88,866.492,14.96,881.452,881.452,0.0,0.0,0.0,190.428,0.0,0.0,0.0,0.0,0.0,200.0,0.2,0.988,0.0,0.0,10.687,0.0,0.0,10.687,0.822,1.0,0.822,minimize_generator,full_grid,False,1545.731,0.0,5000,inf
2014-03-06,660.035,495.754,1155.789,853.631,1.4,855.031,855.031,0.0,0.0,0.0,300.758,0.0,0.0,0.0,0.0,0.0,200.0,0.2,0.988,0.0,0.0,16.94,0.0,0.0,16.94,0.74,1.0,0.74,minimize_generator,full_grid,False,1846.489,0.0,5000,inf
2014-03-07,730.57,592.838,1323.408,868.987,88.32,957.307,957.307,0.0,0.0,0.0,366.101,0.0,0.0,0.0,0.0,0.0,200.0,0.2,0.988,0.0,0.0,20.569,0.0,0.0,20.569,0.723,1.0,0.723,minimize_generator,full_grid,False,2212.59,0.0,5000,inf
2014-03-08,730.37,525.351,1255.721,649.895,289.92,939.815,939.815,0.0,0.0,0.0,315.906,0.0,0.0,0.0,0.0,0.0,200.0,0.2,0.988,0.0,0.0,17.818,0.0,0.0,17.818,0.748,1.0,0.748,minimize_generator,full_grid,False,2528.496,0.0,5000,inf
2014-03-09,659.3,296.647,955.947,261.686,50.88,312.566,312.566,0.0,0.0,0.0,643.381,0.0,0.0,0.0,0.0,0.0,200.0,0.2,0.988,0.0,0.0,36.804,0.0,0.0,36.804,0.327,1.0,0.327,minimize_generator,full_grid,False,3171.876,0.0,5000,inf
2014-03-10,658.94,542.325,1201.265,961.505,355.36,1316.865,1201.265,115.6,115.6,0.0,0.0,0.0,0.0,0.0,0.0,0.0,309.82,0.31,0.993,0.0,0.0,0.0,0.0,0.0,0.0,1.0,1.0,1.0,minimize_generator,full_grid,False,3171.876,0.0,5000,inf
2014-03-11,663.605,576.554,1240.159,970.024,237.68,1207.704,1207.704,0.0,0.0,32.455,0.0,0.0,0.0,0.0,0.0,0.0,275.656,0.276,0.993,0.0,0.0,0.0,0.0,0.0,0.0,1.0,1.0,1.0,minimize_generator,full_grid,False,3171.876,0.0,5000,inf
2014-03-12,657.995,535.85,1193.845,876.074,349.52,1225.594,1193.845,31.749,31.749,0.0,0.0,0.0,0.0,0.0,0.0,0.0,305.817,0.306,0.993,0.0,0.0,0.0,0.0,0.0,0.0,1.0,1.0,1.0,minimize_generator,full_grid,False,3171.876,0.0,5000,inf
2014-03-13,663.605,433.851,1097.456,698.566,382.56,1081.126,1081.126,0.0,0.0,16.33,0.0,0.0,0.0,0.0,0.0,0.0,288.628,0.289,0.993,0.0,0.0,0.0,0.0,0.0,0.0,1.0,1.0,1.0,minimize_generator,full_grid,False,3171.876,0.0,5000,inf
2014-03-14,665.47,463.968,1129.438,728.476,471.88,1200.356,1129.438,70.918,70.918,0.0,0.0,0.0,0.0,0.0,0.0,0.0,356.0,0.356,0.995,0.0,0.0,0.0,0.0,0.0,0.0,1.0,1.0,1.0,minimize_generator,full_grid,False,3171.876,0.0,5000,inf
2014-03-15,730.57,526.647,1257.217,1026.146,55.4,1081.546,1081.546,0.0,0.0,148.2,27.471,0.0,0.0,0.0,0.0,0.0,200.0,0.2,0.995,0.0,0.0,1.549,0.0,0.0,1.549,0.978,1.0,0.978,minimize_generator,full_grid,False,3199.348,0.0,5000,inf
2014-03-16,662.86,547.196,1210.056,877.02,148.64,1025.66,1025.66,0.0,0.0,0.0,184.396,0.0,0.0,0.0,0.0,0.0,200.0,0.2,0.995,0.0,0.0,10.355,0.0,0.0,10.355,0.848,1.0,0.848,minimize_generator,full_grid,False,3383.744,0.0,5000,inf
2014-03-17,662.685,623.235,1285.92,861.428,93.52,954.948,954.948,0.0,0.0,0.0,330.972,0.0,0.0,0.0,0.0,0.0,200.0,0.2,0.995,0.0,0.0,18.506,0.0,0.0,18.506,0.743,1.0,0.743,minimize_generator,full_grid,False,3714.716,0.0,5000,inf
2014-03-18,660.035,663.053,1323.088,857.438,355.36,1212.798,1212.798,0.0,0.0,0.0,110.29,0.0,0.0,0.0,0.0,0.0,200.0,0.2,0.995,0.0,0.0,6.153,0.0,0.0,6.153,0.917,1.0,0.917,minimize_generator,full_grid,False,3825.006,0.0,5000,inf
2014-03-19,660.595,637.027,1297.622,931.048,293.6,1224.648,1224.648,0.0,0.0,0.0,72.974,0.0,0.0,0.0,0.0,0.0,200.0,0.2,0.995,0.0,0.0,4.077,0.0,0.0,4.077,0.944,1.0,0.944,minimize_generator,full_grid,False,3897.98,0.0,5000,inf
2014-03-20,663.43,662.473,1325.903,917.295,180.8,1098.095,1098.095,0.0,0.0,0.0,227.808,0.0,0.0,0.0,0.0,0.0,200.0,0.2,0.995,0.0,0.0,12.712,0.0,0.0,12.712,0.828,1.0,0.828,minimize_generator,full_grid,False,4125.788,0.0,5000,inf
2014-03-21,666.03,690.818,1356.848,975.664,218.68,1194.344,1194.344,0.0,0.0,0.0,162.504,0.0,0.0,0.0,0.0,0.0,200.0,0.2,0.995,0.0,0.0,9.057,0.0,0.0,9.057,0.88,1.0,0.88,minimize_generator,full_grid,False,4288.291,0.0,5000,inf
2014-03-22,731.315,704.316,1435.631,1015.112,106.0,1121.112,1121.112,0.0,0.0,0.0,314.519,0.0,0.0,0.0,0.0,0.0,200.0,0.2,0.995,0.0,0.0,17.572,0.0,0.0,17.572,0.781,1.0,0.781,minimize_generator,full_grid,False,4602.81,0.0,5000,inf
2014-03-23,661.9,665.931,1327.831,896.887,180.8,1077.687,1077.687,0.0,0.0,0.0,250.144,0.0,0.0,0.0,0.0,0.0,200.0,0.2,0.995,0.0,0.0,13.955,0.0,0.0,13.955,0.812,1.0,0.812,minimize_generator,full_grid,False,4852.955,0.0,5000,inf
2014-03-24,734.125,800.918,1535.043,988.871,358.64,1347.511,1347.511,0.0,49.513,0.0,147.045,0.0,40.487,49.513,0.0,0.0,247.037,0.247,0.805,54.0,6.0,8.181,0.0,18.095,26.277,0.904,1.0,0.878,minimize_generator,full_grid,False,5000.0,0.0,5000,inf
2014-03-25,664.725,735.053,1399.778,912.711,424.92,1337.631,1337.631,0.0,72.538,44.686,0.0,0.0,17.462,72.538,-0.0,0.0,268.912,0.269,0.599,54.0,6.0,0.0,0.0,18.095,18.095,1.0,1.0,0.981,minimize_generator,full_grid,False,5000.0,0.0,5000,inf
2014-03-26,666.03,909.143,1575.173,1062.477,203.48,1265.957,1265.957,0.0,0.0,65.466,0.0,0.0,243.75,0.0,0.0,0.0,200.0,0.2,0.599,146.25,16.25,0.0,0.0,49.008,49.008,1.0,1.0,0.829,minimize_generator,full_grid,False,5000.0,0.0,5000,inf
2014-03-27,663.605,909.914,1573.519,1065.672,106.0,1171.672,1171.672,0.0,0.0,0.0,0.0,0.0,401.847,0.0,0.0,0.0,200.0,0.2,0.599,224.369,24.0,0.0,0.0,75.186,75.186,1.0,1.0,0.745,minimize_generator,full_grid,False,5000.0,0.0,5000,inf
2014-03-28,657.25,841.918,1499.168,1045.522,30.36,1075.882,1075.882,0.0,0.0,0.0,0.0,0.0,423.286,0.0,0.0,0.0,200.0,0.2,0.599,228.657,24.0,0.0,0.0,76.623,76.623,1.0,1.0,0.718,minimize_generator,full_grid,False,5000.0,0.0,5000,inf
2014-03-29,733.355,887.544,1620.899,1034.687,37.72,1072.407,1072.407,0.0,0.0,0.0,0.0,0.0,548.492,0.0,0.0,0.0,200.0,0.2,0.599,253.698,24.0,0.0,0.0,85.014,85.014,1.0,1.0,0.662,minimize_generator,full_grid,False,5000.0,0.0,5000,inf
2014-03-30,733.18,802.189,1535.369,1015.855,431.64,1447.495,1447.495,0.0,2.126,0.0,0.0,0.0,87.874,2.126,0.0,0.0,202.02,0.202,0.593,54.0,6.0,0.0,0.0,18.095,18.095,1.0,1.0,0.943,minimize_generator,full_grid,False,5000.0,0.0,5000,inf
2014-03-31,729.625,753.896,1483.521,1030.708,4.04,1034.748,1034.748,0.0,0.0,1.919,0.0,0.0,446.853,0.0,0.0,0.0,200.0,0.2,0.593,233.371,24.0,0.0,0.0,78.203,78.203,1.0,1.0,0.698,minimize_generator,full_grid,False,5000.0,0.0,5000,inf
2014-04-01,731.315,893.025,1624.34,1029.456,149.52,1178.976,1178.976,0.0,0.0,0.0,445.364,0.0,0.0,0.0,0.0,0.0,200.0,0.2,0.593,0.0,0.0,24.988,0.0,0.0,24.988,0.726,1.0,0.726,minimize_generator,full_grid,False,445.364,0.0,5000,inf
2014-04-02,733.18,905.38,1638.56,1077.608,451.48,1529.088,1529.088,0.0,0.0,0.0,109.472,0.0,0.0,0.0,0.0,0.0,200.0,0.2,0.593,0.0,0.0,6.139,0.0,0.0,6.139,0.933,1.0,0.933,minimize_generator,full_grid,False,554.836,0.0,5000,inf
2014-04-03,662.685,957.329,1620.014,1080.825,259.36,1340.185,1340.185,0.0,0.0,0.0,279.829,0.0,0.0,0.0,0.0,0.0,200.0,0.2,0.593,0.0,0.0,15.598,0.0,0.0,15.598,0.827,1.0,0.827,minimize_generator,full_grid,False,834.665,0.0,5000,inf
2014-04-04,730.01,959.687,1689.697,1112.915,206.32,1319.235,1319.235,0.0,0.0,0.0,370.462,0.0,0.0,0.0,0.0,0.0,200.0,0.2,0.593,0.0,0.0,20.726,0.0,0.0,20.726,0.781,1.0,0.781,minimize_generator,full_grid,False,1205.127,0.0,5000,inf
2014-04-05,735.22,959.799,1695.019,1099.389,15.76,1115.149,1115.149,0.0,0.0,0.0,579.87,0.0,0.0,0.0,0.0,0.0,200.0,0.2,0.593,0.0,0.0,32.45,0.0,0.0,32.45,0.658,1.0,0.658,minimize_generator,full_grid,False,1784.997,0.0,5000,inf
2014-04-06,664.725,999.862,1664.587,1089.434,7.28,1096.714,1096.714,0.0,0.0,0.0,567.873,0.0,0.0,0.0,0.0,0.0,200.0,0.2,0.593,0.0,0.0,31.604,0.0,0.0,31.604,0.659,1.0,0.659,minimize_generator,full_grid,False,2352.87,0.0,5000,inf
2014-04-07,733.925,838.162,1572.087,866.541,5.52,872.061,872.061,0.0,0.0,0.0,700.026,0.0,0.0,0.0,0.0,0.0,200.0,0.2,0.593,0.0,0.0,39.38,0.0,0.0,39.38,0.555,1.0,0.555,minimize_generator,full_grid,False,3052.896,0.0,5000,inf
2014-04-08,665.11,1054.831,1719.941,1081.377,166.88,1248.257,1248.257,0.0,0.0,0.0,471.684,0.0,0.0,0.0,0.0,0.0,200.0,0.2,0.593,0.0,0.0,26.198,0.0,0.0,26.198,0.726,1.0,0.726,minimize_generator,full_grid,False,3524.58,0.0,5000,inf
2014-04-09,735.22,987.778,1722.998,1029.711,258.44,1288.151,1288.151,0.0,0.0,0.0,434.847,0.0,0.0,0.0,0.0,0.0,200.0,0.2,0.593,0.0,0.0,24.307,0.0,0.0,24.307,0.748,1.0,0.748,minimize_generator,full_grid,False,3959.427,0.0,5000,inf
2014-04-10,733.74,959.932,1693.672,1045.404,379.44,1424.844,1424.844,0.0,0.0,0.0,268.828,0.0,0.0,0.0,0.0,0.0,200.0,0.2,0.593,0.0,0.0,15.042,0.0,0.0,15.042,0.841,1.0,0.841,minimize_generator,full_grid,False,4228.255,0.0,5000,inf
2014-04-11,665.11,925.754,1590.864,1080.437,121.6,1202.037,1202.037,0.0,0.0,0.0,388.827,0.0,0.0,0.0,0.0,0.0,200.0,0.2,0.593,0.0,0.0,21.705,0.0,0.0,21.705,0.756,1.0,0.756,minimize_generator,full_grid,False,4617.082,0.0,5000,inf
2014-04-12,809.73,859.073,1668.803,788.947,293.6,1082.547,1082.547,0.0,0.0,0.0,382.918,0.0,203.338,0.0,0.0,0.0,200.0,0.2,0.593,122.003,13.556,21.604,0.0,41.213,62.816,0.771,1.0,0.649,minimize_generator,full_grid,False,5000.0,0.0,5000,inf
2014-04-13,732.06,837.121,1569.181,959.436,325.64,1285.076,1285.076,0.0,0.0,0.0,0.0,0.0,284.105,0.0,0.0,0.0,200.0,0.2,0.593,170.463,18.94,0.0,0.0,57.582,57.582,1.0,1.0,0.819,minimize_generator,full_grid,False,5000.0,0.0,5000,inf
2014-04-14,732.06,790.785,1522.845,1086.294,49.8,1136.094,1136.094,0.0,0.0,0.0,0.0,0.0,386.751,0.0,0.0,0.0,200.0,0.2,0.593,221.35,24.0,0.0,0.0,74.772,74.772,1.0,1.0,0.746,minimize_generator,full_grid,False,5000.0,0.0,5000,inf
2014-04-15,736.165,625.103,1361.268,607.187,50.32,657.507,657.507,0.0,0.0,0.0,0.0,0.0,703.761,0.0,0.0,0.0,200.0,0.2,0.593,284.752,24.0,0.0,0.0,96.189,96.189,1.0,1.0,0.483,minimize_generator,full_grid,False,5000.0,0.0,5000,inf
2014-04-16,811.035,765.254,1576.289,1053.376,38.68,1092.056,1092.056,0.0,0.0,0.0,0.0,0.0,484.233,0.0,0.0,0.0,200.0,0.2,0.593,240.847,24.0,0.0,0.0,81.358,81.358,1.0,1.0,0.693,minimize_generator,full_grid,False,5000.0,0.0,5000,inf
2014-04-17,732.235,755.494,1487.729,1102.315,173.36,1275.675,1275.675,0.0,0.0,0.0,0.0,0.0,212.054,0.0,0.0,0.0,200.0,0.2,0.593,127.232,14.137,0.0,0.0,42.979,42.979,1.0,1.0,0.857,minimize_generator,full_grid,False,5000.0,0.0,5000,inf
2014-04-18,736.525,728.033,1464.558,1092.554,31.6,1124.154,1124.154,0.0,0.0,0.0,0.0,0.0,340.404,0.0,0.0,0.0,200.0,0.2,0.593,204.243,22.694,0.0,0.0,68.993,68.993,1.0,1.0,0.768,minimize_generator,full_grid,False,5000.0,0.0,5000,inf
2014-04-19,738.215,776.589,1514.804,1037.0,154.96,1191.96,1191.96,0.0,0.0,0.0,0.0,0.0,322.844,0.0,0.0,0.0,200.0,0.2,0.593,193.707,21.523,0.0,0.0,65.434,65.434,1.0,1.0,0.787,minimize_generator,full_grid,False,5000.0,0.0,5000,inf
2014-04-20,810.475,499.645,1310.12,842.079,246.16,1088.239,1088.239,0.0,0.0,0.0,0.0,0.0,221.881,0.0,0.0,0.0,200.0,0.2,0.593,133.129,14.792,0.0,0.0,44.971,44.971,1.0,1.0,0.831,minimize_generator,full_grid,False,5000.0,0.0,5000,inf
2014-04-21,738.03,645.478,1383.508,1096.67,460.48,1557.15,1383.508,173.642,173.642,0.0,0.0,0.0,0.0,0.0,0.0,0.0,364.96,0.365,0.777,0.0,0.0,0.0,0.0,0.0,0.0,1.0,1.0,1.0,minimize_generator,full_grid,False,5000.0,0.0,5000,inf
2014-04-22,736.35,523.984,1260.334,989.339,164.08,1153.419,1153.419,0.0,0.0,106.915,0.0,0.0,0.0,0.0,0.0,0.0,252.417,0.252,0.777,0.0,0.0,0.0,0.0,0.0,0.0,1.0,1.0,0.981,minimize_generator,full_grid,False,5000.0,0.0,5000,inf
2014-04-23,734.87,418.98,1153.85,1112.328,84.68,1197.008,1153.85,43.158,43.158,0.0,0.0,0.0,0.0,0.0,0.0,0.0,293.417,0.293,0.808,0.0,0.0,0.0,0.0,0.0,0.0,1.0,1.0,1.0,minimize_generator,full_grid,False,5000.0,0.0,5000,inf
2014-04-24,738.6,320.461,1059.061,976.247,11.96,988.207,988.207,0.0,0.0,70.854,0.0,0.0,0.0,0.0,0.0,0.0,218.834,0.219,0.808,0.0,0.0,0.0,0.0,0.0,0.0,1.0,1.0,0.987,minimize_generator,full_grid,False,5000.0,0.0,5000,inf
2014-04-25,734.66,182.002,916.662,753.822,137.96,891.782,891.782,0.0,83.012,17.893,0.0,0.0,6.988,83.012,0.0,0.0,278.862,0.279,0.58,54.0,6.0,0.0,0.0,18.241,18.241,1.0,1.0,0.989,minimize_generator,full_grid,False,5000.0,0.0,5000,inf
2014-04-26,664.935,202.444,867.379,921.986,299.04,1221.026,867.379,353.647,353.647,0.0,0.0,0.0,0.0,0.0,0.0,0.0,614.826,0.615,0.809,0.0,0.0,0.0,0.0,0.0,0.0,1.0,1.0,1.0,minimize_generator,full_grid,False,5000.0,0.0,5000,inf
2014-04-27,811.77,143.563,955.333,1155.415,209.16,1364.575,955.333,409.242,194.92,0.0,0.0,214.323,0.0,0.0,0.0,0.0,800.0,0.8,0.853,0.0,0.0,0.0,0.0,0.0,0.0,1.0,0.843,1.0,minimize_generator,full_grid,False,5000.0,214.323,5000,inf
2014-04-28,813.845,98.063,911.908,1176.432,100.44,1276.872,911.908,364.964,0.0,0.0,0.0,364.964,0.0,0.0,0.0,0.0,800.0,0.8,0.853,0.0,0.0,0.0,0.0,0.0,0.0,1.0,0.714,1.0,minimize_generator,full_grid,False,5000.0,579.287,5000,inf
2014-04-29,731.14,64.119,795.259,1141.529,91.28,1232.809,795.259,437.55,0.0,0.0,0.0,437.55,0.0,0.0,0.0,0.0,800.0,0.8,0.853,0.0,0.0,0.0,0.0,0.0,0.0,1.0,0.645,1.0,minimize_generator,full_grid,False,5000.0,1016.837,5000,inf
2014-04-30,736.35,52.754,789.104,1169.29,289.92,1459.21,789.104,670.106,0.0,0.0,0.0,670.106,0.0,0.0,0.0,0.0,800.0,0.8,0.853,0.0,0.0,0.0,0.0,0.0,0.0,1.0,0.541,1.0,minimize_generator,full_grid,False,5000.0,1686.943,5000,inf
2014-05-01,813.845,1202.676,2016.521,1127.89,8.56,1136.45,1136.45,0.0,0.0,570.0,310.071,0.0,0.0,0.0,0.0,0.0,200.0,0.2,0.853,0.0,0.0,17.356,0.0,0.0,17.356,0.846,1.0,0.805,minimize_generator,full_grid,False,310.071,0.0,5000,inf
2014-05-02,890.045,1255.672,2145.717,1109.635,315.12,1424.755,1424.755,0.0,0.0,0.0,720.962,0.0,0.0,0.0,0.0,0.0,200.0,0.2,0.853,0.0,0.0,40.428,0.0,0.0,40.428,0.664,1.0,0.664,minimize_generator,full_grid,False,1031.033,0.0,5000,inf
2014-05-03,812.155,1250.746,2062.901,1121.843,20.56,1142.403,1142.403,0.0,0.0,0.0,920.498,0.0,0.0,0.0,0.0,0.0,200.0,0.2,0.853,0.0,0.0,51.44,0.0,0.0,51.44,0.554,1.0,0.554,minimize_generator,full_grid,False,1951.53,0.0,5000,inf
2014-05-04,809.73,1189.192,1998.922,1002.908,87.56,1090.468,1090.468,0.0,0.0,0.0,908.454,0.0,0.0,0.0,0.0,0.0,200.0,0.2,0.853,0.0,0.0,50.861,0.0,0.0,50.861,0.546,1.0,0.546,minimize_generator,full_grid,False,2859.985,0.0,5000,inf
2014-05-05,811.98,995.796,1807.776,780.75,54.24,834.99,834.99,0.0,0.0,0.0,972.786,0.0,0.0,0.0,0.0,0.0,200.0,0.2,0.853,0.0,0.0,54.853,0.0,0.0,54.853,0.462,1.0,0.462,minimize_generator,full_grid,False,3832.771,0.0,5000,inf
2014-05-06,818.135,884.493,1702.628,639.275,282.6,921.875,921.875,0.0,0.0,0.0,780.753,0.0,0.0,0.0,0.0,0.0,200.0,0.2,0.853,0.0,0.0,44.247,0.0,0.0,44.247,0.541,1.0,0.541,minimize_generator,full_grid,False,4613.524,0.0,5000,inf
2014-05-07,810.85,992.321,1803.171,822.243,280.76,1103.003,1103.003,0.0,0.0,0.0,386.476,0.0,313.691,0.0,0.0,0.0,200.0,0.2,0.853,188.215,20.913,21.794,0.0,64.576,86.371,0.786,1.0,0.612,minimize_generator,full_grid,False,5000.0,0.0,5000,inf
2014-05-08,810.675,991.467,1802.142,1035.784,356.16,1391.944,1391.944,0.0,0.0,0.0,0.0,0.0,410.198,0.0,0.0,0.0,200.0,0.2,0.853,226.04,24.0,0.0,0.0,77.554,77.554,1.0,1.0,0.772,minimize_generator,full_grid,False,5000.0,0.0,5000,inf
2014-05-09,812.155,984.383,1796.538,1194.411,45.56,1239.971,1239.971,0.0,0.0,0.0,0.0,0.0,556.567,0.0,0.0,0.0,200.0,0.2,0.853,255.313,24.0,0.0,0.0,87.598,87.598,1.0,1.0,0.69,minimize_generator,full_grid,False,5000.0,0.0,5000,inf
2014-05-10,810.675,996.723,1807.398,1200.903,97.36,1298.263,1298.263,0.0,0.0,0.0,0.0,0.0,509.135,0.0,0.0,0.0,200.0,0.2,0.853,245.827,24.0,0.0,0.0,84.343,84.343,1.0,1.0,0.718,minimize_generator,full_grid,False,5000.0,0.0,5000,inf
2014-05-11,814.94,923.18,1738.12,1130.538,347.88,1478.418,1478.418,0.0,0.0,0.0,0.0,0.0,259.702,0.0,0.0,0.0,200.0,0.2,0.853,155.821,17.313,0.0,0.0,53.462,53.462,1.0,1.0,0.851,minimize_generator,full_grid,False,5000.0,0.0,5000,inf
2014-05-12,891.35,873.568,1764.918,1176.355,420.8,1597.155,1597.155,0.0,0.0,0.0,0.0,0.0,167.763,0.0,0.0,0.0,200.0,0.2,0.853,100.658,11.184,0.0,0.0,34.536,34.536,1.0,1.0,0.905,minimize_generator,full_grid,False,5000.0,0.0,5000,inf
2014-05-13,816.27,885.208,1701.478,1214.793,350.36,1565.153,1565.153,0.0,0.0,0.0,0.0,0.0,136.325,0.0,0.0,0.0,200.0,0.2,0.853,81.795,9.088,0.0,0.0,28.064,28.064,1.0,1.0,0.92,minimize_generator,full_grid,False,5000.0,0.0,5000,inf
2014-05-14,814.405,840.339,1654.744,1234.142,179.88,1414.022,1414.022,0.0,0.0,0.0,0.0,0.0,240.722,0.0,0.0,0.0,200.0,0.2,0.853,144.433,16.048,0.0,0.0,49.555,49.555,1.0,1.0,0.855,minimize_generator,full_grid,False,5000.0,0.0,5000,inf
2014-05-15,814.58,576.78,1391.36,944.764,83.96,1028.724,1028.724,0.0,0.0,0.0,0.0,0.0,362.636,0.0,0.0,0.0,200.0,0.2,0.853,216.527,24.0,0.0,0.0,74.29,74.29,1.0,1.0,0.739,minimize_generator,full_grid,False,5000.0,0.0,5000,inf
2014-05-16,810.115,708.83,1518.945,1088.665,154.96,1243.625,1243.625,0.0,0.0,0.0,0.0,0.0,275.32,0.0,0.0,0.0,200.0,0.2,0.853,165.192,18.355,0.0,0.0,56.677,56.677,1.0,1.0,0.819,minimize_generator,full_grid,False,5000.0,0.0,5000,inf
2014-05-17,890.045,682.593,1572.638,1160.762,335.16,1495.922,1495.922,0.0,13.284,0.0,0.0,0.0,76.716,13.284,0.0,0.0,212.62,0.213,0.803,54.0,6.0,0.0,0.0,18.527,18.527,1.0,1.0,0.951,minimize_generator,full_grid,False,5000.0,0.0,5000,inf
2014-05-18,816.27,596.693,1412.963,1182.819,536.88,1719.699,1412.963,306.736,306.736,0.0,0.0,0.0,0.0,0.0,0.0,0.0,504.019,0.504,0.917,0.0,0.0,0.0,0.0,0.0,0.0,1.0,1.0,1.0,minimize_generator,full_grid,False,5000.0,0.0,5000,inf
2014-05-19,816.07,523.283,1339.353,1104.733,487.68,1592.413,1339.353,253.06,253.06,0.0,0.0,0.0,0.0,0.0,0.0,0.0,744.426,0.744,0.944,0.0,0.0,0.0,0.0,0.0,0.0,1.0,1.0,1.0,minimize_generator,full_grid,False,5000.0,0.0,5000,inf
2014-05-20,899.545,324.755,1224.3,1046.48,347.04,1393.52,1224.3,169.22,58.499,0.0,0.0,110.721,0.0,0.0,0.0,0.0,800.0,0.8,0.948,0.0,0.0,0.0,0.0,0.0,0.0,1.0,0.921,1.0,minimize_generator,full_grid,False,5000.0,110.721,5000,inf
2014-05-21,818.31,384.251,1202.561,918.92,60.72,979.64,979.64,0.0,0.0,222.921,0.0,0.0,0.0,0.0,0.0,0.0,565.347,0.565,0.948,0.0,0.0,0.0,0.0,0.0,0.0,1.0,1.0,0.99,minimize_generator,full_grid,False,5000.0,110.721,5000,inf
2014-05-22,814.765,238.613,1053.378,1144.28,281.68,1425.96,1053.378,372.582,247.003,0.0,0.0,125.579,0.0,0.0,0.0,0.0,800.0,0.8,0.963,0.0,0.0,0.0,0.0,0.0,0.0,1.0,0.912,1.0,minimize_generator,full_grid,False,5000.0,236.3,5000,inf
2014-05-23,816.27,208.799,1025.069,1181.238,238.6,1419.838,1025.069,394.769,0.0,0.0,0.0,394.769,0.0,0.0,0.0,0.0,800.0,0.8,0.963,0.0,0.0,0.0,0.0,0.0,0.0,1.0,0.722,1.0,minimize_generator,full_grid,False,5000.0,631.069,5000,inf
2014-05-24,893.005,189.092,1082.097,1214.283,278.0,1492.283,1082.097,410.186,0.0,0.0,0.0,410.186,0.0,0.0,0.0,0.0,800.0,0.8,0.963,0.0,0.0,0.0,0.0,0.0,0.0,1.0,0.725,1.0,minimize_generator,full_grid,False,5000.0,1041.255,5000,inf
2014-05-25,818.67,168.164,986.834,1227.048,341.12,1568.168,986.834,581.334,0.0,0.0,0.0,581.334,0.0,0.0,0.0,0.0,800.0,0.8,0.963,0.0,0.0,0.0,0.0,0.0,0.0,1.0,0.629,1.0,minimize_generator,full_grid,False,5000.0,1622.589,5000,inf
2014-05-26,813.285,151.036,964.321,1206.733,387.96,1594.693,964.321,630.372,0.0,0.0,0.0,630.372,0.0,0.0,0.0,0.0,800.0,0.8,0.963,0.0,0.0,0.0,0.0,0.0,0.0,1.0,0.605,1.0,minimize_generator,full_grid,False,5000.0,2252.961,5000,inf
2014-05-27,892.83,124.966,1017.796,1134.332,104.4,1238.732,1017.796,220.936,0.0,0.0,0.0,220.936,0.0,0.0,0.0,0.0,800.0,0.8,0.963,0.0,0.0,0.0,0.0,0.0,0.0,1.0,0.822,1.0,minimize_generator,full_grid,False,5000.0,2473.897,5000,inf
2014-05-28,816.63,101.808,918.438,1112.128,177.08,1289.208,918.438,370.77,0.0,0.0,0.0,370.77,0.0,0.0,0.0,0.0,800.0,0.8,0.963,0.0,0.0,0.0,0.0,0.0,0.0,1.0,0.712,1.0,minimize_generator,full_grid,False,5000.0,2844.668,5000,inf
2014-05-29,896.945,85.53,982.475,1153.469,405.88,1559.349,982.475,576.874,0.0,0.0,0.0,576.874,0.0,0.0,0.0,0.0,800.0,0.8,0.963,0.0,0.0,0.0,0.0,0.0,0.0,1.0,0.63,1.0,minimize_generator,full_grid,False,5000.0,3421.542,5000,inf
2014-05-30,894.135,62.548,956.683,1155.991,53.68,1209.671,956.683,252.988,0.0,0.0,0.0,252.988,0.0,0.0,0.0,0.0,800.0,0.8,0.963,0.0,0.0,0.0,0.0,0.0,0.0,1.0,0.791,1.0,minimize_generator,full_grid,False,5000.0,3674.53,5000,inf
2014-05-31,818.135,37.831,855.966,980.878,259.36,1240.238,855.966,384.272,0.0,0.0,0.0,384.272,0.0,0.0,0.0,0.0,800.0,0.8,0.963,0.0,0.0,0.0,0.0,0.0,0.0,1.0,0.69,1.0,minimize_generator,full_grid,False,5000.0,4058.802,5000,inf
2014-06-01,895.43,801.083,1696.513,1202.926,538.28,1741.206,1696.513,44.693,0.0,0.0,0.0,44.693,0.0,0.0,0.0,0.0,800.0,0.8,0.963,0.0,0.0,0.0,0.0,0.0,0.0,1.0,0.974,1.0,minimize_generator,full_grid,False,0.0,44.693,5000,inf
2014-06-02,891.14,861.263,1752.403,1239.691,447.76,1687.451,1687.451,0.0,0.0,64.952,0.0,0.0,0.0,0.0,0.0,0.0,731.63,0.732,0.963,0.0,0.0,0.0,0.0,0.0,0.0,1.0,1.0,0.999,minimize_generator,full_grid,False,0.0,44.693,5000,inf
2014-06-03,894.135,813.876,1708.011,1141.198,34.16,1175.358,1175.358,0.0,0.0,505.048,27.604,0.0,0.0,0.0,0.0,0.0,200.0,0.2,0.963,0.0,0.0,1.614,0.0,0.0,1.614,0.984,1.0,0.973,minimize_generator,full_grid,False,27.604,44.693,5000,inf
2014-06-04,893.005,753.073,1646.078,1083.681,15.76,1099.441,1099.441,0.0,0.0,0.0,546.637,0.0,0.0,0.0,0.0,0.0,200.0,0.2,0.963,0.0,0.0,32.072,0.0,0.0,32.072,0.668,1.0,0.668,minimize_generator,full_grid,False,574.242,44.693,5000,inf
2014-06-05,817.75,880.627,1698.377,1005.786,429.64,1435.426,1435.426,0.0,0.0,0.0,262.951,0.0,0.0,0.0,0.0,0.0,200.0,0.2,0.963,0.0,0.0,15.269,0.0,0.0,15.269,0.845,1.0,0.845,minimize_generator,full_grid,False,837.192,44.693,5000,inf
2014-06-06,818.67,774.474,1593.144,1211.721,487.16,1698.881,1593.144,105.737,105.737,0.0,0.0,0.0,0.0,0.0,0.0,0.0,300.45,0.3,0.975,0.0,0.0,0.0,0.0,0.0,0.0,1.0,1.0,1.0,minimize_generator,full_grid,False,837.192,44.693,5000,inf
2014-06-07,895.64,761.589,1657.229,1227.734,394.8,1622.534,1622.534,0.0,0.0,34.695,0.0,0.0,0.0,0.0,0.0,0.0,263.929,0.264,0.975,0.0,0.0,0.0,0.0,0.0,0.0,1.0,1.0,0.999,minimize_generator,full_grid,False,837.192,44.693,5000,inf
2014-06-08,890.78,745.422,1636.202,1216.201,235.76,1451.961,1451.961,0.0,0.0,60.733,123.508,0.0,0.0,0.0,0.0,0.0,200.0,0.2,0.975,0.0,0.0,7.249,0.0,0.0,7.249,0.925,1.0,0.924,minimize_generator,full_grid,False,960.701,44.693,5000,inf
2014-06-09,890.78,754.939,1645.719,1203.88,287.2,1491.08,1491.08,0.0,0.0,0.0,154.639,0.0,0.0,0.0,0.0,0.0,200.0,0.2,0.975,0.0,0.0,9.071,0.0,0.0,9.071,0.906,1.0,0.906,minimize_generator,full_grid,False,1115.34,44.693,5000,inf
2014-06-10,818.31,770.378,1588.688,1205.07,350.36,1555.43,1555.43,0.0,0.0,0.0,33.258,0.0,0.0,0.0,0.0,0.0,200.0,0.2,0.975,0.0,0.0,1.942,0.0,0.0,1.942,0.979,1.0,0.979,minimize_generator,full_grid,False,1148.598,44.693,5000,inf
2014-06-11,894.135,752.904,1647.039,1198.136,154.04,1352.176,1352.176,0.0,0.0,0.0,294.863,0.0,0.0,0.0,0.0,0.0,200.0,0.2,0.975,0.0,0.0,17.301,0.0,0.0,17.301,0.821,1.0,0.821,minimize_generator,full_grid,False,1443.461,44.693,5000,inf
2014-06-12,900.465,689.196,1589.661,1118.775,137.08,1255.855,1255.855,0.0,0.0,0.0,333.806,0.0,0.0,0.0,0.0,0.0,200.0,0.2,0.975,0.0,0.0,19.664,0.0,0.0,19.664,0.79,1.0,0.79,minimize_generator,full_grid,False,1777.267,44.693,5000,inf
2014-06-13,818.495,666.627,1485.122,1207.167,305.32,1512.487,1485.122,27.365,27.365,0.0,0.0,0.0,0.0,0.0,0.0,0.0,225.997,0.226,0.978,0.0,0.0,0.0,0.0,0.0,0.0,1.0,1.0,1.0,minimize_generator,full_grid,False,1777.267,44.693,5000,inf
2014-06-14,893.215,658.026,1551.241,1192.499,231.0,1423.499,1423.499,0.0,0.0,24.697,103.044,0.0,0.0,0.0,0.0,0.0,200.0,0.2,0.978,0.0,0.0,6.08,0.0,0.0,6.08,0.934,1.0,0.933,minimize_generator,full_grid,False,1880.311,44.693,5000,inf
2014-06-15,898.6,647.427,1546.027,1197.772,308.0,1505.772,1505.772,0.0,0.0,0.0,40.255,0.0,0.0,0.0,0.0,0.0,200.0,0.2,0.978,0.0,0.0,2.377,0.0,0.0,2.377,0.974,1.0,0.974,minimize_generator,full_grid,False,1920.566,44.693,5000,inf
2014-06-16,893.215,646.572,1539.787,1184.829,29.56,1214.389,1214.389,0.0,0.0,0.0,325.398,0.0,0.0,0.0,0.0,0.0,200.0,0.2,0.978,0.0,0.0,19.212,0.0,0.0,19.212,0.789,1.0,0.789,minimize_generator,full_grid,False,2245.964,44.693,5000,inf
2014-06-17,895.43,671.725,1567.155,1169.447,179.88,1349.327,1349.327,0.0,0.0,0.0,217.828,0.0,0.0,0.0,0.0,0.0,200.0,0.2,0.978,0.0,0.0,12.842,0.0,0.0,12.842,0.861,1.0,0.861,minimize_generator,full_grid,False,2463.792,44.693,5000,inf
2014-06-18,889.835,647.352,1537.187,1221.953,316.88,1538.833,1537.187,1.646,1.646,0.0,0.0,0.0,0.0,0.0,0.0,0.0,201.564,0.202,0.978,0.0,0.0,0.0,0.0,0.0,0.0,1.0,1.0,1.0,minimize_generator,full_grid,False,2463.792,44.693,5000,inf
2014-06-19,895.64,688.428,1584.068,1183.476,258.44,1441.916,1441.916,0.0,0.0,1.486,140.666,0.0,0.0,0.0,0.0,0.0,200.0,0.2,0.978,0.0,0.0,8.285,0.0,0.0,8.285,0.911,1.0,0.911,minimize_generator,full_grid,False,2604.458,44.693,5000,inf
2014-06-20,893.39,644.63,1538.02,1160.731,213.92,1374.651,1374.651,0.0,0.0,0.0,163.369,0.0,0.0,0.0,0.0,0.0,200.0,0.2,0.978,0.0,0.0,9.647,0.0,0.0,9.647,0.894,1.0,0.894,minimize_generator,full_grid,False,2767.827,44.693,5000,inf
2014-06-21,897.865,510.759,1408.624,1172.258,512.52,1684.778,1408.624,276.154,276.154,0.0,0.0,0.0,0.0,0.0,0.0,0.0,462.346,0.462,0.991,0.0,0.0,0.0,0.0,0.0,0.0,1.0,1.0,1.0,minimize_generator,full_grid,False,2767.827,44.693,5000,inf
2014-06-22,898.81,487.53,1386.34,1223.352,286.28,1509.632,1386.34,123.292,123.292,0.0,0.0,0.0,0.0,0.0,0.0,0.0,579.473,0.579,0.993,0.0,0.0,0.0,0.0,0.0,0.0,1.0,1.0,1.0,minimize_generator,full_grid,False,2767.827,44.693,5000,inf
2014-06-23,904.195,496.466,1400.661,1223.096,352.88,1575.976,1400.661,175.315,175.315,0.0,0.0,0.0,0.0,0.0,0.0,0.0,746.022,0.746,0.994,0.0,0.0,0.0,0.0,0.0,0.0,1.0,1.0,1.0,minimize_generator,full_grid,False,2767.827,44.693,5000,inf
2014-06-24,896.735,467.54,1364.275,1203.694,363.52,1567.214,1364.275,202.939,56.819,0.0,0.0,146.121,0.0,0.0,0.0,0.0,800.0,0.8,0.995,0.0,0.0,0.0,0.0,0.0,0.0,1.0,0.907,1.0,minimize_generator,full_grid,False,2767.827,190.813,5000,inf
2014-06-25,896.0,439.759,1335.759,1220.175,294.48,1514.655,1335.759,178.896,0.0,0.0,0.0,178.896,0.0,0.0,0.0,0.0,800.0,0.8,0.995,0.0,0.0,0.0,0.0,0.0,0.0,1.0,0.882,1.0,minimize_generator,full_grid,False,2767.827,369.709,5000,inf
2014-06-26,895.64,414.63,1310.27,1237.206,124.96,1362.166,1310.27,51.896,0.0,0.0,0.0,51.896,0.0,0.0,0.0,0.0,800.0,0.8,0.995,0.0,0.0,0.0,0.0,0.0,0.0,1.0,0.962,1.0,minimize_generator,full_grid,False,2767.827,421.605,5000,inf
2014-06-27,893.775,433.364,1327.139,1203.906,83.96,1287.866,1287.866,0.0,0.0,39.273,0.0,0.0,0.0,0.0,0.0,0.0,758.66,0.759,0.995,0.0,0.0,0.0,0.0,0.0,0.0,1.0,1.0,1.0,minimize_generator,full_grid,False,2767.827,421.605,5000,inf
2014-06-28,896.375,386.682,1283.057,1191.729,14.96,1206.689,1206.689,0.0,0.0,76.368,0.0,0.0,0.0,0.0,0.0,0.0,678.273,0.678,0.995,0.0,0.0,0.0,0.0,0.0,0.0,1.0,1.0,1.0,minimize_generator,full_grid,False,2767.827,421.605,5000,inf
2014-06-29,894.135,104.481,998.616,1169.207,92.04,1261.247,998.616,262.631,128.134,0.0,0.0,134.496,0.0,0.0,0.0,0.0,800.0,0.8,0.995,0.0,0.0,0.0,0.0,0.0,0.0,1.0,0.893,1.0,minimize_generator,full_grid,False,2767.827,556.102,5000,inf
2014-06-30,896.0,16.522,912.522,1155.816,231.96,1387.776,912.522,475.254,0.0,0.0,0.0,475.254,0.0,0.0,0.0,0.0,800.0,0.8,0.995,0.0,0.0,0.0,0.0,0.0,0.0,1.0,0.658,1.0,minimize_generator,full_grid,False,2767.827,1031.356,5000,inf
2014-07-01,900.29,19.552,919.842,1151.095,418.68,1569.775,919.842,649.933,0.0,0.0,0.0,649.933,0.0,0.0,0.0,0.0,800.0,0.8,0.995,0.0,0.0,0.0,0.0,0.0,0.0,1.0,0.586,1.0,minimize_generator,full_grid,False,0.0,649.933,5000,inf
2014-07-02,891.7,28.282,919.982,1175.638,356.16,1531.798,919.982,611.816,0.0,0.0,0.0,611.816,0.0,0.0,0.0,0.0,800.0,0.8,0.995,0.0,0.0,0.0,0.0,0.0,0.0,1.0,0.601,1.0,minimize_generator,full_grid,False,0.0,1261.749,5000,inf
2014-07-03,899.73,37.617,937.347,1189.265,392.52,1581.785,937.347,644.438,0.0,0.0,0.0,644.438,0.0,0.0,0.0,0.0,800.0,0.8,0.995,0.0,0.0,0.0,0.0,0.0,0.0,1.0,0.593,1.0,minimize_generator,full_grid,False,0.0,1906.187,5000,inf
2014-07-04,900.465,36.758,937.223,1204.577,261.24,1465.817,937.223,528.594,0.0,0.0,0.0,528.594,0.0,0.0,0.0,0.0,800.0,0.8,0.995,0.0,0.0,0.0,0.0,0.0,0.0,1.0,0.639,1.0,minimize_generator,full_grid,False,0.0,2434.781,5000,inf
2014-07-05,895.255,36.895,932.15,1163.688,223.4,1387.088,932.15,454.938,0.0,0.0,0.0,454.938,0.0,0.0,0.0,0.0,800.0,0.8,0.995,0.0,0.0,0.0,0.0,0.0,0.0,1.0,0.672,1.0,minimize_generator,full_grid,False,0.0,2889.72,5000,inf
2014-07-06,817.19,37.421,854.611,1174.53,235.76,1410.29,854.611,555.679,0.0,0.0,0.0,555.679,0.0,0.0,0.0,0.0,800.0,0.8,0.995,0.0,0.0,0.0,0.0,0.0,0.0,1.0,0.606,1.0,minimize_generator,full_grid,False,0.0,3445.399,5000,inf
2014-07-07,893.565,37.416,930.981,1167.992,311.56,1479.552,930.981,548.571,0.0,0.0,0.0,548.571,0.0,0.0,0.0,0.0,800.0,0.8,0.995,0.0,0.0,0.0,0.0,0.0,0.0,1.0,0.629,1.0,minimize_generator,full_grid,False,0.0,3993.97,5000,inf
2014-07-08,900.675,38.632,939.307,1177.187,291.76,1468.947,939.307,529.64,0.0,0.0,0.0,529.64,0.0,0.0,0.0,0.0,800.0,0.8,0.995,0.0,0.0,0.0,0.0,0.0,0.0,1.0,0.639,1.0,minimize_generator,full_grid,False,0.0,4523.61,5000,inf
2014-07-09,895.815,41.812,937.627,1183.084,203.48,1386.564,937.627,448.937,0.0,0.0,0.0,448.937,0.0,0.0,0.0,0.0,800.0,0.8,0.995,0.0,0.0,0.0,0.0,0.0,0.0,1.0,0.676,1.0,minimize_generator,full_grid,False,0.0,4972.547,5000,inf
2014-07-10,892.27,44.024,936.294,1177.823,92.76,1270.583,936.294,334.289,0.0,0.0,0.0,334.289,0.0,0.0,0.0,0.0,800.0,0.8,0.995,0.0,0.0,0.0,0.0,0.0,0.0,1.0,0.737,1.0,minimize_generator,full_grid,False,0.0,5306.836,5000,inf
2014-07-11,894.135,43.977,938.112,1185.988,263.12,1449.108,938.112,510.996,0.0,0.0,0.0,510.996,0.0,0.0,0.0,0.0,800.0,0.8,0.995,0.0,0.0,0.0,0.0,0.0,0.0,1.0,0.647,1.0,minimize_generator,full_grid,False,0.0,5817.832,5000,inf
2014-07-12,899.16,41.824,940.984,1162.302,204.4,1366.702,940.984,425.718,0.0,0.0,0.0,425.718,0.0,0.0,0.0,0.0,800.0,0.8,0.995,0.0,0.0,0.0,0.0,0.0,0.0,1.0,0.689,1.0,minimize_generator,full_grid,False,0.0,6243.55,5000,inf
2014-07-13,898.04,41.753,939.793,1123.099,413.08,1536.179,939.793,596.386,0.0,0.0,0.0,596.386,0.0,0.0,0.0,0.0,800.0,0.8,0.995,0.0,0.0,0.0,0.0,0.0,0.0,1.0,0.612,1.0,minimize_generator,full_grid,False,0.0,6839.936,5000,inf
2014-07-14,895.08,41.703,936.783,1192.097,481.56,1673.657,936.783,736.874,0.0,0.0,0.0,736.874,0.0,0.0,0.0,0.0,800.0,0.8,0.995,0.0,0.0,0.0,0.0,0.0,0.0,1.0,0.56,1.0,minimize_generator,full_grid,False,0.0,7576.81,5000,inf
2014-07-15,894.695,41.414,936.109,1187.913,436.28,1624.193,936.109,688.084,0.0,0.0,0.0,688.084,0.0,0.0,0.0,0.0,800.0,0.8,0.995,0.0,0.0,0.0,0.0,0.0,0.0,1.0,0.576,1.0,minimize_generator,full_grid,False,0.0,8264.894,5000,inf
2014-07-16,894.51,40.314,934.824,1202.051,447.16,1649.211,934.824,714.387,0.0,0.0,0.0,714.387,0.0,0.0,0.0,0.0,800.0,0.8,0.995,0.0,0.0,0.0,0.0,0.0,0.0,1.0,0.567,1.0,minimize_generator,full_grid,False,0.0,8979.281,5000,inf
2014-07-17,892.645,39.235,931.88,1176.578,448.4,1624.978,931.88,693.098,0.0,0.0,0.0,693.098,0.0,0.0,0.0,0.0,800.0,0.8,0.995,0.0,0.0,0.0,0.0,0.0,0.0,1.0,0.573,1.0,minimize_generator,full_grid,False,0.0,9672.379,5000,inf
2014-07-18,901.97,36.944,938.914,1170.627,405.88,1576.507,938.914,637.593,0.0,0.0,0.0,637.593,0.0,0.0,0.0,0.0,800.0,0.8,0.995,0.0,0.0,0.0,0.0,0.0,0.0,1.0,0.596,1.0,minimize_generator,full_grid,False,0.0,10309.972,5000,inf
2014-07-19,894.87,34.6,929.47,1151.515,470.24,1621.755,929.47,692.285,0.0,0.0,0.0,692.285,0.0,0.0,0.0,0.0,800.0,0.8,0.995,0.0,0.0,0.0,0.0,0.0,0.0,1.0,0.573,1.0,minimize_generator,full_grid,False,0.0,11002.257,5000,inf
2014-07-20,900.465,32.735,933.2,1168.52,377.88,1546.4,933.2,613.2,0.0,0.0,0.0,613.2,0.0,0.0,0.0,0.0,800.0,0.8,0.995,0.0,0.0,0.0,0.0,0.0,0.0,1.0,0.603,1.0,minimize_generator,full_grid,False,0.0,11615.457,5000,inf
2014-07-21,901.595,28.029,929.624,1127.163,91.28,1218.443,929.624,288.819,0.0,0.0,0.0,288.819,0.0,0.0,0.0,0.0,800.0,0.8,0.995,0.0,0.0,0.0,0.0,0.0,0.0,1.0,0.763,1.0,minimize_generator,full_grid,False,0.0,11904.276,5000,inf
2014-07-22,899.73,11.405,911.135,1111.639,125.84,1237.479,911.135,326.344,0.0,0.0,0.0,326.344,0.0,0.0,0.0,0.0,800.0,0.8,0.995,0.0,0.0,0.0,0.0,0.0,0.0,1.0,0.736,1.0,minimize_generator,full_grid,False,0.0,12230.62,5000,inf
2014-07-23,894.31,11.285,905.595,1102.094,135.32,1237.414,905.595,331.819,0.0,0.0,0.0,331.819,0.0,0.0,0.0,0.0,800.0,0.8,0.995,0.0,0.0,0.0,0.0,0.0,0.0,1.0,0.732,1.0,minimize_generator,full_grid,False,0.0,12562.439,5000,inf
2014-07-24,897.295,11.737,909.032,1127.397,123.28,1250.677,909.032,341.645,0.0,0.0,0.0,341.645,0.0,0.0,0.0,0.0,800.0,0.8,0.995,0.0,0.0,0.0,0.0,0.0,0.0,1.0,0.727,1.0,minimize_generator,full_grid,False,0.0,12904.084,5000,inf
2014-07-25,895.815,12.522,908.337,1162.544,238.6,1401.144,908.337,492.807,0.0,0.0,0.0,492.807,0.0,0.0,0.0,0.0,800.0,0.8,0.995,0.0,0.0,0.0,0.0,0.0,0.0,1.0,0.648,1.0,minimize_generator,full_grid,False,0.0,13396.891,5000,inf
2014-07-26,892.445,11.737,904.182,1111.557,234.8,1346.357,904.182,442.175,0.0,0.0,0.0,442.175,0.0,0.0,0.0,0.0,800.0,0.8,0.995,0.0,0.0,0.0,0.0,0.0,0.0,1.0,0.672,1.0,minimize_generator,full_grid,False,0.0,13839.065,5000,inf
2014-07-27,896.945,11.476,908.421,1128.747,202.52,1331.267,908.421,422.846,0.0,0.0,0.0,422.846,0.0,0.0,0.0,0.0,800.0,0.8,0.995,0.0,0.0,0.0,0.0,0.0,0.0,1.0,0.682,1.0,minimize_generator,full_grid,False,0.0,14261.911,5000,inf
2014-07-28,891.35,12.212,903.562,1139.305,338.56,1477.865,903.562,574.303,0.0,0.0,0.0,574.303,0.0,0.0,0.0,0.0,800.0,0.8,0.995,0.0,0.0,0.0,0.0,0.0,0.0,1.0,0.611,1.0,minimize_generator,full_grid,False,0.0,14836.215,5000,inf
2014-07-29,900.105,12.331,912.436,1125.485,284.44,1409.925,912.436,497.489,0.0,0.0,0.0,497.489,0.0,0.0,0.0,0.0,800.0,0.8,0.995,0.0,0.0,0.0,0.0,0.0,0.0,1.0,0.647,1.0,minimize_generator,full_grid,False,0.0,15333.704,5000,inf
2014-07-30,893.775,13.971,907.746,1138.416,271.52,1409.936,907.746,502.19,0.0,0.0,0.0,502.19,0.0,0.0,0.0,0.0,800.0,0.8,0.995,0.0,0.0,0.0,0.0,0.0,0.0,1.0,0.644,1.0,minimize_generator,full_grid,False,0.0,15835.894,5000,inf
2014-07-31,896.175,12.237,908.412,1160.337,392.52,1552.857,908.412,644.445,0.0,0.0,0.0,644.445,0.0,0.0,0.0,0.0,800.0,0.8,0.995,0.0,0.0,0.0,0.0,0.0,0.0,1.0,0.585,1.0,minimize_generator,full_grid,False,0.0,16480.338,5000,inf
2014-08-01,896.375,11.266,907.641,1163.498,238.6,1402.098,907.641,494.457,0.0,0.0,0.0,494.457,0.0,0.0,0.0,0.0,800.0,0.8,0.995,0.0,0.0,0.0,0.0,0.0,0.0,1.0,0.647,1.0,minimize_generator,full_grid,False,0.0,494.457,5000,inf
2014-08-02,894.31,12.076,906.386,1137.813,303.52,1441.333,906.386,534.947,0.0,0.0,0.0,534.947,0.0,0.0,0.0,0.0,800.0,0.8,0.995,0.0,0.0,0.0,0.0,0.0,0.0,1.0,0.629,1.0,minimize_generator,full_grid,False,0.0,1029.404,5000,inf
2014-08-03,897.505,10.944,908.449,1142.153,386.44,1528.593,908.449,620.144,0.0,0.0,0.0,620.144,0.0,0.0,0.0,0.0,800.0,0.8,0.995,0.0,0.0,0.0,0.0,0.0,0.0,1.0,0.594,1.0,minimize_generator,full_grid,False,0.0,1649.548,5000,inf
2014-08-04,893.39,10.203,903.593,1129.569,309.8,1439.369,903.593,535.776,0.0,0.0,0.0,535.776,0.0,0.0,0.0,0.0,800.0,0.8,0.995,0.0,0.0,0.0,0.0,0.0,0.0,1.0,0.628,1.0,minimize_generator,full_grid,False,0.0,2185.324,5000,inf
2014-08-05,898.24,9.878,908.118,1124.333,200.6,1324.933,908.118,416.815,0.0,0.0,0.0,416.815,0.0,0.0,0.0,0.0,800.0,0.8,0.995,0.0,0.0,0.0,0.0,0.0,0.0,1.0,0.685,1.0,minimize_generator,full_grid,False,0.0,2602.139,5000,inf
2014-08-06,889.835,8.559,898.394,1096.234,21.52,1117.754,898.394,219.36,0.0,0.0,0.0,219.36,0.0,0.0,0.0,0.0,800.0,0.8,0.995,0.0,0.0,0.0,0.0,0.0,0.0,1.0,0.804,1.0,minimize_generator,full_grid,False,0.0,2821.499,5000,inf
2014-08-07,895.255,8.606,903.861,1100.519,17.2,1117.719,903.861,213.858,0.0,0.0,0.0,213.858,0.0,0.0,0.0,0.0,800.0,0.8,0.995,0.0,0.0,0.0,0.0,0.0,0.0,1.0,0.809,1.0,minimize_generator,full_grid,False,0.0,3035.357,5000,inf
2014-08-08,901.97,10.064,912.034,1085.278,342.8,1428.078,912.034,516.044,0.0,0.0,0.0,516.044,0.0,0.0,0.0,0.0,800.0,0.8,0.995,0.0,0.0,0.0,0.0,0.0,0.0,1.0,0.639,1.0,minimize_generator,full_grid,False,0.0,3551.401,5000,inf
2014-08-09,890.78,9.786,900.566,1136.218,444.0,1580.218,900.566,679.652,0.0,0.0,0.0,679.652,0.0,0.0,0.0,0.0,800.0,0.8,0.995,0.0,0.0,0.0,0.0,0.0,0.0,1.0,0.57,1.0,minimize_generator,full_grid,False,0.0,4231.053,5000,inf
2014-08-10,891.91,9.069,900.979,1118.897,254.68,1373.577,900.979,472.598,0.0,0.0,0.0,472.598,0.0,0.0,0.0,0.0,800.0,0.8,0.995,0.0,0.0,0.0,0.0,0.0,0.0,1.0,0.656,1.0,minimize_generator,full_grid,False,0.0,4703.651,5000,inf
2014-08-11,896.175,8.883,905.058,1097.283,187.4,1284.683,905.058,379.625,0.0,0.0,0.0,379.625,0.0,0.0,0.0,0.0,800.0,0.8,0.995,0.0,0.0,0.0,0.0,0.0,0.0,1.0,0.704,1.0,minimize_generator,full_grid,False,0.0,5083.276,5000,inf
2014-08-12,894.87,8.762,903.632,1082.276,335.16,1417.436,903.632,513.804,0.0,0.0,0.0,513.804,0.0,0.0,0.0,0.0,800.0,0.8,0.995,0.0,0.0,0.0,0.0,0.0,0.0,1.0,0.638,1.0,minimize_generator,full_grid,False,0.0,5597.081,5000,inf
2014-08-13,895.255,0.602,895.857,1084.441,303.52,1387.961,895.857,492.104,0.0,0.0,0.0,492.104,0.0,0.0,0.0,0.0,800.0,0.8,0.995,0.0,0.0,0.0,0.0,0.0,0.0,1.0,0.645,1.0,minimize_generator,full_grid,False,0.0,6089.185,5000,inf
2014-08-14,895.64,0.0,895.64,1065.805,357.8,1423.605,895.64,527.965,0.0,0.0,0.0,527.965,0.0,0.0,0.0,0.0,800.0,0.8,0.995,0.0,0.0,0.0,0.0,0.0,0.0,1.0,0.629,1.0,minimize_generator,full_grid,False,0.0,6617.15,5000,inf
2014-08-15,896.0,0.0,896.0,1073.379,402.2,1475.579,896.0,579.579,0.0,0.0,0.0,579.579,0.0,0.0,0.0,0.0,800.0,0.8,0.995,0.0,0.0,0.0,0.0,0.0,0.0,1.0,0.607,1.0,minimize_generator,full_grid,False,0.0,7196.729,5000,inf
2014-08-16,897.68,0.0,897.68,1093.61,319.52,1413.13,897.68,515.45,0.0,0.0,0.0,515.45,0.0,0.0,0.0,0.0,800.0,0.8,0.995,0.0,0.0,0.0,0.0,0.0,0.0,1.0,0.635,1.0,minimize_generator,full_grid,False,0.0,7712.179,5000,inf
2014-08-17,894.87,0.0,894.87,1096.005,341.96,1437.965,894.87,543.095,0.0,0.0,0.0,543.095,0.0,0.0,0.0,0.0,800.0,0.8,0.995,0.0,0.0,0.0,0.0,0.0,0.0,1.0,0.622,1.0,minimize_generator,full_grid,False,0.0,8255.274,5000,inf
2014-08-18,892.27,0.0,892.27,1016.133,75.52,1091.653,892.27,199.383,0.0,0.0,0.0,199.383,0.0,0.0,0.0,0.0,800.0,0.8,0.995,0.0,0.0,0.0,0.0,0.0,0.0,1.0,0.817,1.0,minimize_generator,full_grid,False,0.0,8454.657,5000,inf
2014-08-19,895.64,0.0,895.64,1046.984,74.2,1121.184,895.64,225.544,0.0,0.0,0.0,225.544,0.0,0.0,0.0,0.0,800.0,0.8,0.995,0.0,0.0,0.0,0.0,0.0,0.0,1.0,0.799,1.0,minimize_generator,full_grid,False,0.0,8680.202,5000,inf
2014-08-20,899.905,0.0,899.905,1016.55,309.8,1326.35,899.905,426.445,0.0,0.0,0.0,426.445,0.0,0.0,0.0,0.0,800.0,0.8,0.995,0.0,0.0,0.0,0.0,0.0,0.0,1.0,0.678,1.0,minimize_generator,full_grid,False,0.0,9106.647,5000,inf
2014-08-21,892.27,0.0,892.27,967.287,445.28,1412.567,892.27,520.297,0.0,0.0,0.0,520.297,0.0,0.0,0.0,0.0,800.0,0.8,0.995,0.0,0.0,0.0,0.0,0.0,0.0,1.0,0.632,1.0,minimize_generator,full_grid,False,0.0,9626.944,5000,inf
2014-08-22,818.31,0.0,818.31,1026.41,436.92,1463.33,818.31,645.02,0.0,0.0,0.0,645.02,0.0,0.0,0.0,0.0,800.0,0.8,0.995,0.0,0.0,0.0,0.0,0.0,0.0,1.0,0.559,1.0,minimize_generator,full_grid,False,0.0,10271.964,5000,inf
2014-08-23,896.375,0.0,896.375,1080.176,352.88,1433.056,896.375,536.681,0.0,0.0,0.0,536.681,0.0,0.0,0.0,0.0,800.0,0.8,0.995,0.0,0.0,0.0,0.0,0.0,0.0,1.0,0.625,1.0,minimize_generator,full_grid,False,0.0,10808.645,5000,inf
2014-08-24,891.7,0.0,891.7,1052.53,301.72,1354.25,891.7,462.55,0.0,0.0,0.0,462.55,0.0,0.0,0.0,0.0,800.0,0.8,0.995,0.0,0.0,0.0,0.0,0.0,0.0,1.0,0.658,1.0,minimize_generator,full_grid,False,0.0,11271.195,5000,inf
2014-08-25,813.285,0.0,813.285,1080.796,310.68,1391.476,813.285,578.191,0.0,0.0,0.0,578.191,0.0,0.0,0.0,0.0,800.0,0.8,0.995,0.0,0.0,0.0,0.0,0.0,0.0,1.0,0.584,1.0,minimize_generator,full_grid,False,0.0,11849.386,5000,inf
2014-08-26,894.87,0.0,894.87,1087.777,375.52,1463.297,894.87,568.427,0.0,0.0,0.0,568.427,0.0,0.0,0.0,0.0,800.0,0.8,0.995,0.0,0.0,0.0,0.0,0.0,0.0,1.0,0.612,1.0,minimize_generator,full_grid,False,0.0,12417.813,5000,inf
2014-08-27,818.88,0.0,818.88,1064.256,369.96,1434.216,818.88,615.336,0.0,0.0,0.0,615.336,0.0,0.0,0.0,0.0,800.0,0.8,0.995,0.0,0.0,0.0,0.0,0.0,0.0,1.0,0.571,1.0,minimize_generator,full_grid,False,0.0,13033.149,5000,inf
2014-08-28,890.965,0.0,890.965,1067.718,336.88,1404.598,890.965,513.633,0.0,0.0,0.0,513.633,0.0,0.0,0.0,0.0,800.0,0.8,0.995,0.0,0.0,0.0,0.0,0.0,0.0,1.0,0.634,1.0,minimize_generator,full_grid,False,0.0,13546.782,5000,inf
2014-08-29,892.27,0.0,892.27,1044.721,356.16,1400.881,892.27,508.611,0.0,0.0,0.0,508.611,0.0,0.0,0.0,0.0,800.0,0.8,0.995,0.0,0.0,0.0,0.0,0.0,0.0,1.0,0.637,1.0,minimize_generator,full_grid,False,0.0,14055.393,5000,inf
2014-08-30,891.525,0.0,891.525,1030.196,415.2,1445.396,891.525,553.871,0.0,0.0,0.0,553.871,0.0,0.0,0.0,0.0,800.0,0.8,0.995,0.0,0.0,0.0,0.0,0.0,0.0,1.0,0.617,1.0,minimize_generator,full_grid,False,0.0,14609.264,5000,inf
2014-08-31,893.215,0.0,893.215,1023.54,465.12,1488.66,893.215,595.445,0.0,0.0,0.0,595.445,0.0,0.0,0.0,0.0,800.0,0.8,0.995,0.0,0.0,0.0,0.0,0.0,0.0,1.0,0.6,1.0,minimize_generator,full_grid,False,0.0,15204.709,5000,inf
2014-09-01,818.135,385.945,1204.08,1036.208,484.64,1520.848,1204.08,316.768,0.0,0.0,0.0,316.768,0.0,0.0,0.0,0.0,800.0,0.8,0.995,0.0,0.0,0.0,0.0,0.0,0.0,1.0,0.792,1.0,minimize_generator,full_grid,False,0.0,316.768,5000,inf
2014-09-02,892.085,378.478,1270.563,1061.407,396.28,1457.687,1270.563,187.124,0.0,0.0,0.0,187.124,0.0,0.0,0.0,0.0,800.0,0.8,0.995,0.0,0.0,0.0,0.0,0.0,0.0,1.0,0.872,1.0,minimize_generator,full_grid,False,0.0,503.892,5000,inf
2014-09-03,818.31,366.623,1184.933,1030.079,335.16,1365.239,1184.933,180.306,0.0,0.0,0.0,180.306,0.0,0.0,0.0,0.0,800.0,0.8,0.995,0.0,0.0,0.0,0.0,0.0,0.0,1.0,0.868,1.0,minimize_generator,full_grid,False,0.0,684.197,5000,inf
2014-09-04,892.445,432.287,1324.732,1036.255,213.92,1250.175,1250.175,0.0,0.0,74.557,0.0,0.0,0.0,0.0,0.0,0.0,721.519,0.722,0.995,0.0,0.0,0.0,0.0,0.0,0.0,1.0,1.0,1.0,minimize_generator,full_grid,False,0.0,684.197,5000,inf
2014-09-05,891.7,385.775,1277.475,1013.237,365.96,1379.197,1277.475,101.722,82.612,0.0,0.0,19.11,0.0,0.0,0.0,0.0,800.0,0.8,0.996,0.0,0.0,0.0,0.0,0.0,0.0,1.0,0.986,1.0,minimize_generator,full_grid,False,0.0,703.308,5000,inf
2014-09-06,815.15,352.943,1168.093,1022.862,355.36,1378.222,1168.093,210.129,0.0,0.0,0.0,210.129,0.0,0.0,0.0,0.0,800.0,0.8,0.996,0.0,0.0,0.0,0.0,0.0,0.0,1.0,0.848,1.0,minimize_generator,full_grid,False,0.0,913.437,5000,inf
2014-09-07,893.005,345.646,1238.651,1024.226,299.04,1323.266,1238.651,84.615,0.0,0.0,0.0,84.615,0.0,0.0,0.0,0.0,800.0,0.8,0.996,0.0,0.0,0.0,0.0,0.0,0.0,1.0,0.936,1.0,minimize_generator,full_grid,False,0.0,998.052,5000,inf
2014-09-08,816.07,344.735,1160.805,1017.261,297.2,1314.461,1160.805,153.656,0.0,0.0,0.0,153.656,0.0,0.0,0.0,0.0,800.0,0.8,0.996,0.0,0.0,0.0,0.0,0.0,0.0,1.0,0.883,1.0,minimize_generator,full_grid,False,0.0,1151.708,5000,inf
2014-09-09,891.525,348.384,1239.909,1011.757,287.2,1298.957,1239.909,59.048,0.0,0.0,0.0,59.048,0.0,0.0,0.0,0.0,800.0,0.8,0.996,0.0,0.0,0.0,0.0,0.0,0.0,1.0,0.955,1.0,minimize_generator,full_grid,False,0.0,1210.756,5000,inf
2014-09-10,889.66,342.911,1232.571,999.414,315.12,1314.534,1232.571,81.963,0.0,0.0,0.0,81.963,0.0,0.0,0.0,0.0,800.0,0.8,0.996,0.0,0.0,0.0,0.0,0.0,0.0,1.0,0.938,1.0,minimize_generator,full_grid,False,0.0,1292.718,5000,inf
2014-09-11,894.87,347.47,1242.34,987.318,308.92,1296.238,1242.34,53.898,0.0,0.0,0.0,53.898,0.0,0.0,0.0,0.0,800.0,0.8,0.996,0.0,0.0,0.0,0.0,0.0,0.0,1.0,0.958,1.0,minimize_generator,full_grid,False,0.0,1346.616,5000,inf
2014-09-12,816.27,390.94,1207.21,987.92,386.44,1374.36,1207.21,167.15,0.0,0.0,0.0,167.15,0.0,0.0,0.0,0.0,800.0,0.8,0.996,0.0,0.0,0.0,0.0,0.0,0.0,1.0,0.878,1.0,minimize_generator,full_grid,False,0.0,1513.767,5000,inf
2014-09-13,815.5,385.929,1201.429,976.516,390.24,1366.756,1201.429,165.327,0.0,0.0,0.0,165.327,0.0,0.0,0.0,0.0,800.0,0.8,0.996,0.0,0.0,0.0,0.0,0.0,0.0,1.0,0.879,1.0,minimize_generator,full_grid,False,0.0,1679.094,5000,inf
2014-09-14,816.445,386.932,1203.377,995.185,371.56,1366.745,1203.377,163.368,0.0,0.0,0.0,163.368,0.0,0.0,0.0,0.0,800.0,0.8,0.996,0.0,0.0,0.0,0.0,0.0,0.0,1.0,0.88,1.0,minimize_generator,full_grid,False,0.0,1842.462,5000,inf
2014-09-15,815.15,398.655,1213.805,995.048,337.72,1332.768,1213.805,118.963,0.0,0.0,0.0,118.963,0.0,0.0,0.0,0.0,800.0,0.8,0.996,0.0,0.0,0.0,0.0,0.0,0.0,1.0,0.911,1.0,minimize_generator,full_grid,False,0.0,1961.425,5000,inf
2014-09-16,818.88,402.642,1221.522,985.021,168.72,1153.741,1153.741,0.0,0.0,67.781,0.0,0.0,0.0,0.0,0.0,0.0,728.651,0.729,0.996,0.0,0.0,0.0,0.0,0.0,0.0,1.0,1.0,1.0,minimize_generator,full_grid,False,0.0,1961.425,5000,inf
2014-09-17,809.73,340.875,1150.605,927.185,7.84,935.025,935.025,0.0,0.0,215.58,0.0,0.0,0.0,0.0,0.0,0.0,501.725,0.502,0.996,0.0,0.0,0.0,0.0,0.0,0.0,1.0,1.0,0.999,minimize_generator,full_grid,False,0.0,1961.425,5000,inf
2014-09-18,811.42,351.442,1162.862,907.382,387.2,1294.582,1162.862,131.72,131.72,0.0,0.0,0.0,0.0,0.0,0.0,0.0,626.858,0.627,0.997,0.0,0.0,0.0,0.0,0.0,0.0,1.0,1.0,1.0,minimize_generator,full_grid,False,0.0,1961.425,5000,inf
2014-09-19,811.21,368.872,1180.082,951.99,393.28,1345.27,1180.082,165.188,165.188,0.0,0.0,0.0,0.0,0.0,0.0,0.0,783.787,0.784,0.997,0.0,0.0,0.0,0.0,0.0,0.0,1.0,1.0,1.0,minimize_generator,full_grid,False,0.0,1961.425,5000,inf
2014-09-20,818.31,397.681,1215.991,955.945,423.56,1379.505,1215.991,163.514,17.066,0.0,0.0,146.447,0.0,0.0,0.0,0.0,800.0,0.8,0.997,0.0,0.0,0.0,0.0,0.0,0.0,1.0,0.894,1.0,minimize_generator,full_grid,False,0.0,2107.872,5000,inf
2014-09-21,891.525,377.988,1269.513,952.04,280.76,1232.8,1232.8,0.0,0.0,36.713,0.0,0.0,0.0,0.0,0.0,0.0,761.355,0.761,0.997,0.0,0.0,0.0,0.0,0.0,0.0,1.0,1.0,1.0,minimize_generator,full_grid,False,0.0,2107.872,5000,inf
2014-09-22,813.845,395.304,1209.149,953.891,264.04,1217.931,1209.149,8.782,8.782,0.0,0.0,0.0,0.0,0.0,0.0,0.0,769.697,0.77,0.997,0.0,0.0,0.0,0.0,0.0,0.0,1.0,1.0,1.0,minimize_generator,full_grid,False,0.0,2107.872,5000,inf
2014-09-23,813.285,404.418,1217.703,941.197,219.6,1160.797,1160.797,0.0,0.0,56.906,0.0,0.0,0.0,0.0,0.0,0.0,709.796,0.71,0.997,0.0,0.0,0.0,0.0,0.0,0.0,1.0,1.0,1.0,minimize_generator,full_grid,False,0.0,2107.872,5000,inf
2014-09-24,813.845,445.329,1259.174,918.116,107.6,1025.716,1025.716,0.0,0.0,233.458,0.0,0.0,0.0,0.0,0.0,0.0,464.05,0.464,0.997,0.0,0.0,0.0,0.0,0.0,0.0,1.0,1.0,1.0,minimize_generator,full_grid,False,0.0,2107.872,5000,inf
2014-09-25,817.75,483.256,1301.006,896.538,250.88,1147.418,1147.418,0.0,0.0,153.588,0.0,0.0,0.0,0.0,0.0,0.0,302.379,0.302,0.997,0.0,0.0,0.0,0.0,0.0,0.0,1.0,1.0,1.0,minimize_generator,full_grid,False,0.0,2107.872,5000,inf
2014-09-26,738.6,479.177,1217.777,911.925,400.0,1311.925,1217.777,94.148,94.148,0.0,0.0,0.0,0.0,0.0,0.0,0.0,391.819,0.392,0.998,0.0,0.0,0.0,0.0,0.0,0.0,1.0,1.0,1.0,minimize_generator,full_grid,False,0.0,2107.872,5000,inf
2014-09-27,813.635,458.38,1272.015,903.574,109.2,1012.774,1012.774,0.0,0.0,182.228,77.013,0.0,0.0,0.0,0.0,0.0,200.0,0.2,0.998,0.0,0.0,4.586,0.0,0.0,4.586,0.939,1.0,0.939,minimize_generator,full_grid,False,77.013,2107.872,5000,inf
2014-09-28,816.07,411.17,1227.24,872.914,411.64,1284.554,1227.24,57.314,57.314,0.0,0.0,0.0,0.0,0.0,0.0,0.0,254.448,0.254,0.998,0.0,0.0,0.0,0.0,0.0,0.0,1.0,1.0,1.0,minimize_generator,full_grid,False,77.013,2107.872,5000,inf
2014-09-29,814.02,374.218,1188.238,882.659,429.64,1312.299,1188.238,124.061,124.061,0.0,0.0,0.0,0.0,0.0,0.0,0.0,372.306,0.372,0.999,0.0,0.0,0.0,0.0,0.0,0.0,1.0,1.0,1.0,minimize_generator,full_grid,False,77.013,2107.872,5000,inf
2014-09-30,812.54,390.541,1203.081,905.819,323.04,1228.859,1203.081,25.778,25.778,0.0,0.0,0.0,0.0,0.0,0.0,0.0,396.795,0.397,0.999,0.0,0.0,0.0,0.0,0.0,0.0,1.0,1.0,1.0,minimize_generator,full_grid,False,77.013,2107.872,5000,inf
2014-10-01,815.325,764.886,1580.211,856.782,333.44,1190.222,1190.222,0.0,0.0,186.956,203.033,0.0,0.0,0.0,0.0,0.0,200.0,0.2,0.999,0.0,0.0,11.884,0.0,0.0,11.884,0.872,1.0,0.871,minimize_generator,full_grid,False,203.033,0.0,5000,inf
2014-10-02,730.195,725.871,1456.066,913.983,235.76,1149.743,1149.743,0.0,0.0,0.0,306.323,0.0,0.0,0.0,0.0,0.0,200.0,0.2,0.999,0.0,0.0,17.893,0.0,0.0,17.893,0.79,1.0,0.79,minimize_generator,full_grid,False,509.356,0.0,5000,inf
2014-10-03,813.46,678.546,1492.006,896.996,151.32,1048.316,1048.316,0.0,0.0,0.0,443.69,0.0,0.0,0.0,0.0,0.0,200.0,0.2,0.999,0.0,0.0,26.08,0.0,0.0,26.08,0.703,1.0,0.703,minimize_generator,full_grid,False,953.047,0.0,5000,inf
2014-10-04,737.295,718.388,1455.683,882.327,264.96,1147.287,1147.287,0.0,0.0,0.0,308.396,0.0,0.0,0.0,0.0,0.0,200.0,0.2,0.999,0.0,0.0,18.027,0.0,0.0,18.027,0.788,1.0,0.788,minimize_generator,full_grid,False,1261.443,0.0,5000,inf
2014-10-05,732.435,763.776,1496.211,872.701,325.64,1198.341,1198.341,0.0,0.0,0.0,297.87,0.0,0.0,0.0,0.0,0.0,200.0,0.2,0.999,0.0,0.0,17.369,0.0,0.0,17.369,0.801,1.0,0.801,minimize_generator,full_grid,False,1559.312,0.0,5000,inf
2014-10-06,811.77,809.126,1620.896,814.421,278.0,1092.421,1092.421,0.0,0.0,0.0,528.475,0.0,0.0,0.0,0.0,0.0,200.0,0.2,0.999,0.0,0.0,30.867,0.0,0.0,30.867,0.674,1.0,0.674,minimize_generator,full_grid,False,2087.787,0.0,5000,inf
2014-10-07,814.765,765.429,1580.194,801.189,175.2,976.389,976.389,0.0,0.0,0.0,603.805,0.0,0.0,0.0,0.0,0.0,200.0,0.2,0.999,0.0,0.0,35.341,0.0,0.0,35.341,0.618,1.0,0.618,minimize_generator,full_grid,False,2691.592,0.0,5000,inf
2014-10-08,737.855,757.197,1495.052,700.493,264.96,965.453,965.453,0.0,0.0,0.0,529.599,0.0,0.0,0.0,0.0,0.0,200.0,0.2,0.999,0.0,0.0,30.9,0.0,0.0,30.9,0.646,1.0,0.646,minimize_generator,full_grid,False,3221.19,0.0,5000,inf
2014-10-09,812.54,659.104,1471.644,605.085,353.68,958.765,958.765,0.0,0.0,0.0,512.879,0.0,0.0,0.0,0.0,0.0,200.0,0.2,0.999,0.0,0.0,30.177,0.0,0.0,30.177,0.651,1.0,0.651,minimize_generator,full_grid,False,3734.069,0.0,5000,inf
2014-10-10,814.765,637.595,1452.36,745.994,111.64,857.634,857.634,0.0,0.0,0.0,594.726,0.0,0.0,0.0,0.0,0.0,200.0,0.2,0.999,0.0,0.0,35.037,0.0,0.0,35.037,0.591,1.0,0.591,minimize_generator,full_grid,False,4328.795,0.0,5000,inf
2014-10-11,813.285,725.797,1539.082,783.574,358.64,1142.214,1142.214,0.0,0.0,0.0,396.868,0.0,0.0,0.0,0.0,0.0,200.0,0.2,0.999,0.0,0.0,23.272,0.0,0.0,23.272,0.742,1.0,0.742,minimize_generator,full_grid,False,4725.663,0.0,5000,inf
2014-10-12,814.205,683.415,1497.62,798.675,253.72,1052.395,1052.395,0.0,0.0,0.0,274.337,0.0,170.888,0.0,0.0,0.0,200.0,0.2,0.999,102.533,11.393,16.122,0.0,37.025,53.147,0.817,1.0,0.703,minimize_generator,full_grid,False,5000.0,0.0,5000,inf
2014-10-13,810.475,706.193,1516.668,791.423,292.68,1084.103,1084.103,0.0,0.0,0.0,0.0,0.0,432.565,0.0,0.0,0.0,200.0,0.2,0.999,230.513,24.0,0.0,0.0,83.238,83.238,1.0,1.0,0.715,minimize_generator,full_grid,False,5000.0,0.0,5000,inf
2014-10-14,736.735,679.195,1415.93,801.083,269.64,1070.723,1070.723,0.0,0.0,0.0,0.0,0.0,345.207,0.0,0.0,0.0,200.0,0.2,0.999,207.124,23.014,0.0,0.0,74.793,74.793,1.0,1.0,0.756,minimize_generator,full_grid,False,5000.0,0.0,5000,inf
2014-10-15,730.195,659.511,1389.706,816.712,248.08,1064.792,1064.792,0.0,0.0,0.0,0.0,0.0,324.914,0.0,0.0,0.0,200.0,0.2,0.999,194.949,21.661,0.0,0.0,70.396,70.396,1.0,1.0,0.766,minimize_generator,full_grid,False,5000.0,0.0,5000,inf
2014-10-16,734.87,678.081,1412.951,808.593,270.56,1079.153,1079.153,0.0,0.0,0.0,0.0,0.0,333.798,0.0,0.0,0.0,200.0,0.2,0.999,200.279,22.253,0.0,0.0,72.321,72.321,1.0,1.0,0.764,minimize_generator,full_grid,False,5000.0,0.0,5000,inf
2014-10-17,732.435,684.159,1416.594,825.583,154.04,979.623,979.623,0.0,0.0,0.0,0.0,0.0,436.971,0.0,0.0,0.0,200.0,0.2,0.999,231.394,24.0,0.0,0.0,83.556,83.556,1.0,1.0,0.692,minimize_generator,full_grid,False,5000.0,0.0,5000,inf
2014-10-18,814.205,729.999,1544.204,821.533,187.4,1008.933,1008.933,0.0,0.0,0.0,0.0,0.0,535.271,0.0,0.0,0.0,200.0,0.2,0.999,251.054,24.0,0.0,0.0,90.656,90.656,1.0,1.0,0.653,minimize_generator,full_grid,False,5000.0,0.0,5000,inf
2014-10-19,734.125,653.452,1387.577,776.371,352.88,1129.251,1129.251,0.0,0.0,0.0,0.0,0.0,258.326,0.0,0.0,0.0,200.0,0.2,0.999,154.996,17.222,0.0,0.0,55.969,55.969,1.0,1.0,0.814,minimize_generator,full_grid,False,5000.0,0.0,5000,inf
2014-10-20,735.045,645.678,1380.723,806.446,356.16,1162.606,1162.606,0.0,0.0,0.0,0.0,0.0,218.117,0.0,0.0,0.0,200.0,0.2,0.999,130.87,14.541,0.0,0.0,47.257,47.257,1.0,1.0,0.842,minimize_generator,full_grid,False,5000.0,0.0,5000,inf
2014-10-21,736.35,518.824,1255.174,800.165,46.6,846.765,846.765,0.0,0.0,0.0,0.0,0.0,408.409,0.0,0.0,0.0,200.0,0.2,0.999,225.682,24.0,0.0,0.0,81.494,81.494,1.0,1.0,0.675,minimize_generator,full_grid,False,5000.0,0.0,5000,inf
2014-10-22,734.125,499.189,1233.314,787.47,14.16,801.63,801.63,0.0,0.0,0.0,0.0,0.0,431.684,0.0,0.0,0.0,200.0,0.2,0.999,230.337,24.0,0.0,0.0,83.175,83.175,1.0,1.0,0.65,minimize_generator,full_grid,False,5000.0,0.0,5000,inf
2014-10-23,810.85,599.708,1410.558,769.891,278.92,1048.811,1048.811,0.0,0.0,0.0,0.0,0.0,361.747,0.0,0.0,0.0,200.0,0.2,0.999,216.349,24.0,0.0,0.0,78.124,78.124,1.0,1.0,0.744,minimize_generator,full_grid,False,5000.0,0.0,5000,inf
2014-10-24,730.93,613.551,1344.481,773.621,187.4,961.021,961.021,0.0,0.0,0.0,0.0,0.0,383.46,0.0,0.0,0.0,200.0,0.2,0.999,220.692,24.0,0.0,0.0,79.692,79.692,1.0,1.0,0.715,minimize_generator,full_grid,False,5000.0,0.0,5000,inf
2014-10-25,733.74,594.577,1328.317,781.274,216.76,998.034,998.034,0.0,0.0,0.0,0.0,0.0,330.283,0.0,0.0,0.0,200.0,0.2,0.999,198.17,22.019,0.0,0.0,71.559,71.559,1.0,1.0,0.751,minimize_generator,full_grid,False,5000.0,0.0,5000,inf
2014-10-26,729.835,527.255,1257.09,777.011,125.84,902.851,902.851,0.0,0.0,0.0,0.0,0.0,354.239,0.0,0.0,0.0,200.0,0.2,0.999,212.543,23.616,0.0,0.0,76.749,76.749,1.0,1.0,0.718,minimize_generator,full_grid,False,5000.0,0.0,5000,inf
2014-10-27,664.375,457.681,1122.056,765.437,143.28,908.717,908.717,0.0,0.0,0.0,0.0,0.0,213.339,0.0,0.0,0.0,200.0,0.2,0.999,128.004,14.223,0.0,0.0,46.222,46.222,1.0,1.0,0.81,minimize_generator,full_grid,False,5000.0,0.0,5000,inf
2014-10-28,729.625,366.505,1096.13,748.627,233.88,982.507,982.507,0.0,0.0,0.0,0.0,0.0,113.623,0.0,0.0,0.0,200.0,0.2,0.999,68.174,7.575,0.0,0.0,24.618,24.618,1.0,1.0,0.896,minimize_generator,full_grid,False,5000.0,0.0,5000,inf
2014-10-29,731.49,268.536,1000.026,741.385,276.16,1017.545,1000.026,17.519,17.519,0.0,0.0,0.0,0.0,0.0,0.0,0.0,216.643,0.217,0.999,0.0,0.0,0.0,0.0,0.0,0.0,1.0,1.0,1.0,minimize_generator,full_grid,False,5000.0,0.0,5000,inf
2014-10-30,729.835,171.884,901.719,742.198,365.16,1107.358,901.719,205.639,205.639,0.0,0.0,0.0,0.0,0.0,0.0,0.0,412.0,0.412,1.0,0.0,0.0,0.0,0.0,0.0,0.0,1.0,1.0,1.0,minimize_generator,full_grid,False,5000.0,0.0,5000,inf
2014-10-31,665.47,73.32,738.79,734.791,350.36,1085.151,738.79,346.361,346.361,0.0,0.0,0.0,0.0,0.0,0.0,0.0,741.043,0.741,1.0,0.0,0.0,0.0,0.0,0.0,0.0,1.0,1.0,1.0,minimize_generator,full_grid,False,5000.0,0.0,5000,inf
2014-11-01,662.11,672.398,1334.508,656.485,187.4,843.885,843.885,0.0,0.0,490.623,0.0,0.0,0.0,0.0,0.0,0.0,224.598,0.225,1.0,0.0,0.0,0.0,0.0,0.0,0.0,1.0,1.0,1.0,minimize_generator,full_grid,False,0.0,0.0,5000,inf
2014-11-02,730.195,631.193,1361.388,689.929,8.56,698.489,698.489,0.0,0.0,23.368,639.531,0.0,0.0,0.0,0.0,0.0,200.0,0.2,1.0,0.0,0.0,38.305,0.0,0.0,38.305,0.53,1.0,0.53,minimize_generator,full_grid,False,639.531,0.0,5000,inf
2014-11-03,661.165,696.748,1357.913,676.117,340.28,1016.397,1016.397,0.0,0.0,0.0,341.516,0.0,0.0,0.0,0.0,0.0,200.0,0.2,1.0,0.0,0.0,20.295,0.0,0.0,20.295,0.748,1.0,0.748,minimize_generator,full_grid,False,981.047,0.0,5000,inf
2014-11-04,732.62,641.977,1374.597,702.399,312.48,1014.879,1014.879,0.0,0.0,0.0,359.718,0.0,0.0,0.0,0.0,0.0,200.0,0.2,1.0,0.0,0.0,21.534,0.0,0.0,21.534,0.738,1.0,0.738,minimize_generator,full_grid,False,1340.765,0.0,5000,inf
2014-11-05,729.835,676.382,1406.217,637.271,165.96,803.231,803.231,0.0,0.0,0.0,602.986,0.0,0.0,0.0,0.0,0.0,200.0,0.2,1.0,0.0,0.0,36.017,0.0,0.0,36.017,0.571,1.0,0.571,minimize_generator,full_grid,False,1943.751,0.0,5000,inf
2014-11-06,660.42,707.146,1367.566,688.406,138.84,827.246,827.246,0.0,0.0,0.0,540.32,0.0,0.0,0.0,0.0,0.0,200.0,0.2,1.0,0.0,0.0,32.088,0.0,0.0,32.088,0.605,1.0,0.605,minimize_generator,full_grid,False,2484.072,0.0,5000,inf
2014-11-07,664.725,672.83,1337.555,646.793,95.8,742.593,742.593,0.0,0.0,0.0,594.962,0.0,0.0,0.0,0.0,0.0,200.0,0.2,1.0,0.0,0.0,35.413,0.0,0.0,35.413,0.555,1.0,0.555,minimize_generator,full_grid,False,3079.033,0.0,5000,inf
2014-11-08,662.86,620.76,1283.62,583.248,38.2,621.448,621.448,0.0,0.0,0.0,662.172,0.0,0.0,0.0,0.0,0.0,200.0,0.2,1.0,0.0,0.0,39.535,0.0,0.0,39.535,0.484,1.0,0.484,minimize_generator,full_grid,False,3741.205,0.0,5000,inf
2014-11-09,729.45,674.155,1403.605,666.48,23.24,689.72,689.72,0.0,0.0,0.0,713.885,0.0,0.0,0.0,0.0,0.0,200.0,0.2,1.0,0.0,0.0,42.645,0.0,0.0,42.645,0.491,1.0,0.491,minimize_generator,full_grid,False,4455.09,0.0,5000,inf
2014-11-10,733.005,689.547,1422.552,669.04,134.44,803.48,803.48,0.0,15.837,0.0,544.91,0.0,74.163,15.837,0.0,0.0,215.045,0.215,0.93,54.0,6.0,32.528,0.0,19.256,51.785,0.617,1.0,0.565,minimize_generator,full_grid,False,5000.0,0.0,5000,inf
2014-11-11,657.25,732.415,1389.665,648.795,240.52,889.315,889.315,0.0,0.0,14.293,0.0,0.0,486.057,0.0,0.0,0.0,200.0,0.2,0.93,241.211,24.0,0.0,0.0,86.016,86.016,1.0,1.0,0.65,minimize_generator,full_grid,False,5000.0,0.0,5000,inf
2014-11-12,664.935,667.264,1332.199,683.149,228.16,911.309,911.309,0.0,0.0,0.0,0.0,0.0,420.89,0.0,0.0,0.0,200.0,0.2,0.93,228.178,24.0,0.0,0.0,81.368,81.368,1.0,1.0,0.684,minimize_generator,full_grid,False,5000.0,0.0,5000,inf
2014-11-13,663.605,639.846,1303.451,649.191,58.92,708.111,708.111,0.0,0.0,0.0,0.0,0.0,595.34,0.0,0.0,0.0,200.0,0.2,0.93,263.068,24.0,0.0,0.0,93.81,93.81,1.0,1.0,0.543,minimize_generator,full_grid,False,5000.0,0.0,5000,inf
2014-11-14,729.45,536.372,1265.822,654.762,0.04,654.802,654.802,0.0,0.0,0.0,0.0,0.0,611.02,0.0,0.0,0.0,200.0,0.2,0.93,266.204,24.0,0.0,0.0,94.928,94.928,1.0,1.0,0.517,minimize_generator,full_grid,False,5000.0,0.0,5000,inf
2014-11-15,664.375,643.912,1308.287,642.545,187.4,829.945,829.945,0.0,0.0,0.0,0.0,0.0,478.342,0.0,0.0,0.0,200.0,0.2,0.93,239.668,24.0,0.0,0.0,85.466,85.466,1.0,1.0,0.634,minimize_generator,full_grid,False,5000.0,0.0,5000,inf
2014-11-16,660.035,666.324,1326.359,652.668,342.8,995.468,995.468,0.0,0.0,0.0,0.0,0.0,330.891,0.0,0.0,0.0,200.0,0.2,0.93,198.534,22.059,0.0,0.0,70.797,70.797,1.0,1.0,0.751,minimize_generator,full_grid,False,5000.0,0.0,5000,inf
2014-11-17,661.34,642.09,1303.43,634.831,259.36,894.191,894.191,0.0,0.0,0.0,0.0,0.0,409.239,0.0,0.0,0.0,200.0,0.2,0.93,225.848,24.0,0.0,0.0,80.537,80.537,1.0,1.0,0.686,minimize_generator,full_grid,False,5000.0,0.0,5000,inf
2014-11-18,659.3,672.169,1331.469,642.276,97.36,739.636,739.636,0.0,0.0,0.0,0.0,0.0,591.833,0.0,0.0,0.0,200.0,0.2,0.93,262.367,24.0,0.0,0.0,93.56,93.56,1.0,1.0,0.556,minimize_generator,full_grid,False,5000.0,0.0,5000,inf
2014-11-19,729.45,636.354,1365.804,585.142,89.8,674.942,674.942,0.0,0.0,0.0,0.0,0.0,690.862,0.0,0.0,0.0,200.0,0.2,0.93,282.172,24.0,0.0,0.0,100.623,100.623,1.0,1.0,0.494,minimize_generator,full_grid,False,5000.0,0.0,5000,inf
2014-11-20,661.9,676.158,1338.058,605.673,106.8,712.473,712.473,0.0,0.0,0.0,0.0,0.0,625.585,0.0,0.0,0.0,200.0,0.2,0.93,269.117,24.0,0.0,0.0,95.967,95.967,1.0,1.0,0.532,minimize_generator,full_grid,False,5000.0,0.0,5000,inf
2014-11-21,732.06,669.935,1401.995,638.592,307.12,945.712,945.712,0.0,0.0,0.0,0.0,0.0,456.283,0.0,0.0,0.0,200.0,0.2,0.93,235.257,24.0,0.0,0.0,83.892,83.892,1.0,1.0,0.675,minimize_generator,full_grid,False,5000.0,0.0,5000,inf
2014-11-22,660.98,636.542,1297.522,642.83,369.16,1011.99,1011.99,0.0,0.0,0.0,0.0,0.0,285.532,0.0,0.0,0.0,200.0,0.2,0.93,171.319,19.035,0.0,0.0,61.092,61.092,1.0,1.0,0.78,minimize_generator,full_grid,False,5000.0,0.0,5000,inf
2014-11-23,658.38,638.026,1296.406,597.191,384.88,982.071,982.071,0.0,0.0,0.0,0.0,0.0,314.335,0.0,0.0,0.0,200.0,0.2,0.93,188.601,20.956,0.0,0.0,67.255,67.255,1.0,1.0,0.758,minimize_generator,full_grid,False,5000.0,0.0,5000,inf
2014-11-24,588.39,603.677,1192.067,574.437,379.44,953.877,953.877,0.0,0.0,0.0,0.0,0.0,238.19,0.0,0.0,0.0,200.0,0.2,0.93,142.914,15.879,0.0,0.0,50.963,50.963,1.0,1.0,0.8,minimize_generator,full_grid,False,5000.0,0.0,5000,inf
2014-11-25,587.085,583.764,1170.849,626.603,228.16,854.763,854.763,0.0,0.0,0.0,0.0,0.0,316.086,0.0,0.0,0.0,200.0,0.2,0.93,189.652,21.072,0.0,0.0,67.63,67.63,1.0,1.0,0.73,minimize_generator,full_grid,False,5000.0,0.0,5000,inf
2014-11-26,587.62,565.441,1153.061,514.335,309.8,824.135,824.135,0.0,0.0,0.0,0.0,0.0,328.926,0.0,0.0,0.0,200.0,0.2,0.93,197.356,21.928,0.0,0.0,70.377,70.377,1.0,1.0,0.715,minimize_generator,full_grid,False,5000.0,0.0,5000,inf
2014-11-27,660.98,623.498,1284.478,621.193,339.44,960.633,960.633,0.0,0.0,0.0,0.0,0.0,323.845,0.0,0.0,0.0,200.0,0.2,0.93,194.307,21.59,0.0,0.0,69.29,69.29,1.0,1.0,0.748,minimize_generator,full_grid,False,5000.0,0.0,5000,inf
2014-11-28,661.725,603.227,1264.952,641.038,178.0,819.038,819.038,0.0,0.0,0.0,0.0,0.0,445.914,0.0,0.0,0.0,200.0,0.2,0.93,233.183,24.0,0.0,0.0,83.153,83.153,1.0,1.0,0.647,minimize_generator,full_grid,False,5000.0,0.0,5000,inf
2014-11-29,586.885,521.427,1108.312,622.736,115.76,738.496,738.496,0.0,0.0,0.0,0.0,0.0,369.816,0.0,0.0,0.0,200.0,0.2,0.93,217.963,24.0,0.0,0.0,77.726,77.726,1.0,1.0,0.666,minimize_generator,full_grid,False,5000.0,0.0,5000,inf
2014-11-30,663.07,458.997,1122.067,616.355,162.28,778.635,778.635,0.0,0.0,0.0,0.0,0.0,343.432,0.0,0.0,0.0,200.0,0.2,0.93,206.059,22.895,0.0,0.0,73.481,73.481,1.0,1.0,0.694,minimize_generator,full_grid,False,5000.0,0.0,5000,inf
2014-12-01,657.25,631.288,1288.538,608.024,79.0,687.024,687.024,0.0,0.0,0.0,601.514,0.0,0.0,0.0,0.0,0.0,200.0,0.2,0.93,0.0,0.0,36.145,0.0,0.0,36.145,0.533,1.0,0.533,minimize_generator,full_grid,False,601.514,0.0,5000,inf
2014-12-02,659.475,492.419,1151.894,597.75,3.56,601.31,601.31,0.0,0.0,0.0,550.584,0.0,0.0,0.0,0.0,0.0,200.0,0.2,0.93,0.0,0.0,33.394,0.0,0.0,33.394,0.522,1.0,0.522,minimize_generator,full_grid,False,1152.098,0.0,5000,inf
2014-12-03,665.11,554.812,1219.922,577.898,28.0,605.898,605.898,0.0,0.0,0.0,614.024,0.0,0.0,0.0,0.0,0.0,200.0,0.2,0.93,0.0,0.0,37.091,0.0,0.0,37.091,0.497,1.0,0.497,minimize_generator,full_grid,False,1766.121,0.0,5000,inf
2014-12-04,661.725,378.476,1040.201,406.216,0.56,406.776,406.776,0.0,0.0,0.0,633.425,0.0,0.0,0.0,0.0,0.0,200.0,0.2,0.93,0.0,0.0,38.782,0.0,0.0,38.782,0.391,1.0,0.391,minimize_generator,full_grid,False,2399.546,0.0,5000,inf
2014-12-05,657.25,287.414,944.664,553.159,14.96,568.119,568.119,0.0,0.0,0.0,376.545,0.0,0.0,0.0,0.0,0.0,200.0,0.2,0.93,0.0,0.0,23.256,0.0,0.0,23.256,0.601,1.0,0.601,minimize_generator,full_grid,False,2776.091,0.0,5000,inf
2014-12-06,587.83,286.457,874.287,530.713,19.6,550.313,550.313,0.0,0.0,0.0,323.974,0.0,0.0,0.0,0.0,0.0,200.0,0.2,0.93,0.0,0.0,19.941,0.0,0.0,19.941,0.629,1.0,0.629,minimize_generator,full_grid,False,3100.065,0.0,5000,inf
2014-12-07,582.97,268.994,851.964,501.638,21.52,523.158,523.158,0.0,0.0,0.0,328.806,0.0,0.0,0.0,0.0,0.0,200.0,0.2,0.93,0.0,0.0,20.274,0.0,0.0,20.274,0.614,1.0,0.614,minimize_generator,full_grid,False,3428.871,0.0,5000,inf
2014-12-08,588.18,291.805,879.985,477.663,52.0,529.663,529.663,0.0,0.0,0.0,350.322,0.0,0.0,0.0,0.0,0.0,200.0,0.2,0.93,0.0,0.0,21.55,0.0,0.0,21.55,0.602,1.0,0.602,minimize_generator,full_grid,False,3779.194,0.0,5000,inf
2014-12-09,656.69,336.447,993.137,510.146,139.72,649.866,649.866,0.0,0.0,0.0,343.271,0.0,0.0,0.0,0.0,0.0,200.0,0.2,0.93,0.0,0.0,21.094,0.0,0.0,21.094,0.654,1.0,0.654,minimize_generator,full_grid,False,4122.465,0.0,5000,inf
2014-12-10,586.7,286.748,873.448,572.704,59.52,632.224,632.224,0.0,0.0,0.0,241.224,0.0,0.0,0.0,0.0,0.0,200.0,0.2,0.93,0.0,0.0,14.846,0.0,0.0,14.846,0.724,1.0,0.724,minimize_generator,full_grid,False,4363.689,0.0,5000,inf
2014-12-11,589.695,280.263,869.958,551.043,9.76,560.803,560.803,0.0,0.0,0.0,309.155,0.0,0.0,0.0,0.0,0.0,200.0,0.2,0.93,0.0,0.0,19.044,0.0,0.0,19.044,0.645,1.0,0.645,minimize_generator,full_grid,False,4672.844,0.0,5000,inf
2014-12-12,657.25,315.64,972.89,525.237,105.2,630.437,630.437,0.0,74.703,0.0,327.156,0.0,15.297,74.703,0.0,0.0,270.968,0.271,0.686,54.0,6.0,20.146,0.0,20.029,40.175,0.664,1.0,0.648,minimize_generator,full_grid,False,5000.0,0.0,5000,inf
2014-12-13,589.125,352.262,941.387,557.717,470.24,1027.957,941.387,86.57,86.57,0.0,0.0,0.0,0.0,0.0,0.0,0.0,353.21,0.353,0.759,0.0,0.0,0.0,0.0,0.0,0.0,1.0,1.0,1.0,minimize_generator,full_grid,False,5000.0,0.0,5000,inf
2014-12-14,587.26,346.049,933.309,583.573,399.28,982.853,933.309,49.544,49.544,0.0,0.0,0.0,0.0,0.0,0.0,0.0,400.277,0.4,0.788,0.0,0.0,0.0,0.0,0.0,0.0,1.0,1.0,1.0,minimize_generator,full_grid,False,5000.0,0.0,5000,inf
2014-12-15,657.075,328.294,985.369,588.509,162.28,750.789,750.789,0.0,45.683,190.263,0.0,0.0,44.317,45.683,-0.0,0.0,243.399,0.243,0.647,54.0,6.0,0.0,0.0,20.029,20.029,1.0,1.0,0.914,minimize_generator,full_grid,False,5000.0,0.0,5000,inf
2014-12-16,657.81,300.293,958.103,582.126,85.4,667.526,667.526,0.0,0.0,41.229,0.0,0.0,249.348,0.0,0.0,0.0,200.0,0.2,0.647,149.609,16.623,0.0,0.0,55.49,55.49,1.0,1.0,0.725,minimize_generator,full_grid,False,5000.0,0.0,5000,inf
2014-12-17,585.22,278.681,863.901,466.716,103.6,570.316,570.316,0.0,0.0,0.0,0.0,0.0,293.585,0.0,0.0,0.0,200.0,0.2,0.647,176.151,19.572,0.0,0.0,65.334,65.334,1.0,1.0,0.66,minimize_generator,full_grid,False,5000.0,0.0,5000,inf
2014-12-18,661.165,226.117,887.282,511.132,3.12,514.252,514.252,0.0,0.0,0.0,0.0,0.0,373.03,0.0,0.0,0.0,200.0,0.2,0.647,218.606,24.0,0.0,0.0,81.081,81.081,1.0,1.0,0.58,minimize_generator,full_grid,False,5000.0,0.0,5000,inf
2014-12-19,588.565,311.408,899.973,573.539,186.44,759.979,759.979,0.0,0.0,0.0,0.0,0.0,139.994,0.0,0.0,0.0,200.0,0.2,0.647,83.996,9.333,0.0,0.0,31.154,31.154,1.0,1.0,0.844,minimize_generator,full_grid,False,5000.0,0.0,5000,inf
2014-12-20,588.95,285.305,874.255,503.429,185.52,688.949,688.949,0.0,0.0,0.0,0.0,0.0,185.306,0.0,0.0,0.0,200.0,0.2,0.647,111.184,12.354,0.0,0.0,41.238,41.238,1.0,1.0,0.788,minimize_generator,full_grid,False,5000.0,0.0,5000,inf
2014-12-21,658.17,326.149,984.319,519.693,276.16,795.853,795.853,0.0,0.0,0.0,0.0,0.0,188.466,0.0,0.0,0.0,200.0,0.2,0.647,113.08,12.564,0.0,0.0,41.941,41.941,1.0,1.0,0.809,minimize_generator,full_grid,False,5000.0,0.0,5000,inf
2014-12-22,589.31,318.118,907.428,569.418,254.68,824.098,824.098,0.0,6.67,0.0,0.0,0.0,83.33,6.67,0.0,0.0,206.337,0.206,0.627,54.0,6.0,0.0,0.0,20.029,20.029,1.0,1.0,0.908,minimize_generator,full_grid,False,5000.0,0.0,5000,inf
2014-12-23,658.73,288.804,947.534,601.566,317.76,919.326,919.326,0.0,67.812,6.02,0.0,0.0,22.188,67.812,0.0,0.0,264.421,0.264,0.474,54.0,6.0,0.0,0.0,20.029,20.029,1.0,1.0,0.974,minimize_generator,full_grid,False,5000.0,0.0,5000,inf
2014-12-24,589.31,33.506,622.816,609.485,35.48,644.965,622.816,22.149,22.149,0.0,0.0,0.0,0.0,0.0,0.0,0.0,285.463,0.285,0.513,0.0,0.0,0.0,0.0,0.0,0.0,1.0,1.0,1.0,minimize_generator,full_grid,False,5000.0,0.0,5000,inf
2014-12-25,585.965,25.584,611.549,594.072,57.72,651.792,611.549,40.243,40.243,0.0,0.0,0.0,0.0,0.0,0.0,0.0,323.693,0.324,0.571,0.0,0.0,0.0,0.0,0.0,0.0,1.0,1.0,1.0,minimize_generator,full_grid,False,5000.0,0.0,5000,inf
2014-12-26,589.31,25.033,614.343,548.398,196.84,745.238,614.343,130.895,130.895,0.0,0.0,0.0,0.0,0.0,0.0,0.0,448.044,0.448,0.69,0.0,0.0,0.0,0.0,0.0,0.0,1.0,1.0,1.0,minimize_generator,full_grid,False,5000.0,0.0,5000,inf
2014-12-27,583.715,26.199,609.914,571.328,92.76,664.088,609.914,54.174,54.174,0.0,0.0,0.0,0.0,0.0,0.0,0.0,499.509,0.5,0.722,0.0,0.0,0.0,0.0,0.0,0.0,1.0,1.0,1.0,minimize_generator,full_grid,False,5000.0,0.0,5000,inf
2014-12-28,588.18,25.886,614.066,577.206,354.52,931.726,614.066,317.66,316.307,0.0,0.0,1.354,0.0,0.0,0.0,0.0,800.0,0.8,0.826,0.0,0.0,0.0,0.0,0.0,0.0,1.0,0.999,1.0,minimize_generator,full_grid,False,5000.0,1.354,5000,inf
2014-12-29,587.62,27.994,615.614,589.447,161.36,750.807,615.614,135.193,0.0,0.0,0.0,135.193,0.0,0.0,0.0,0.0,800.0,0.8,0.826,0.0,0.0,0.0,0.0,0.0,0.0,1.0,0.82,1.0,minimize_generator,full_grid,False,5000.0,136.547,5000,inf
2014-12-30,586.885,28.339,615.224,611.679,224.36,836.039,615.224,220.815,0.0,0.0,0.0,220.815,0.0,0.0,0.0,0.0,800.0,0.8,0.826,0.0,0.0,0.0,0.0,0.0,0.0,1.0,0.736,1.0,minimize_generator,full_grid,False,5000.0,357.362,5000,inf
2014-12-31,587.085,28.477,615.562,589.23,83.24,672.47,615.562,56.908,0.0,0.0,0.0,56.908,0.0,0.0,0.0,0.0,800.0,0.8,0.826,0.0,0.0,0.0,0.0,0.0,0.0,1.0,0.915,1.0,minimize_generator,full_grid,False,5000.0,414.269,5000,inf
2015-01-01,571.935,26.5,598.435,521.927,487.16,1009.087,598.435,410.652,0.0,0.0,0.0,410.652,0.0,0.0,0.0,0.0,800.0,0.8,0.826,0.0,0.0,0.0,0.0,0.0,0.0,1.0,0.593,1.0,minimize_generator,full_grid,False,0.0,410.652,5000,inf
2015-01-02,583.715,23.71,607.425,491.902,372.36,864.262,607.425,256.837,0.0,0.0,0.0,256.837,0.0,0.0,0.0,0.0,800.0,0.8,0.826,0.0,0.0,0.0,0.0,0.0,0.0,1.0,0.703,1.0,minimize_generator,full_grid,False,0.0,667.49,5000,inf
2015-01-03,585.965,23.944,609.909,566.271,481.56,1047.831,609.909,437.922,0.0,0.0,0.0,437.922,0.0,0.0,0.0,0.0,800.0,0.8,0.826,0.0,0.0,0.0,0.0,0.0,0.0,1.0,0.582,1.0,minimize_generator,full_grid,False,0.0,1105.412,5000,inf
2015-01-04,586.14,22.543,608.683,594.193,395.52,989.713,608.683,381.03,0.0,0.0,0.0,381.03,0.0,0.0,0.0,0.0,800.0,0.8,0.826,0.0,0.0,0.0,0.0,0.0,0.0,1.0,0.615,1.0,minimize_generator,full_grid,False,0.0,1486.442,5000,inf
2015-01-05,581.665,23.632,605.297,618.944,66.96,685.904,605.297,80.607,0.0,0.0,0.0,80.607,0.0,0.0,0.0,0.0,800.0,0.8,0.826,0.0,0.0,0.0,0.0,0.0,0.0,1.0,0.882,1.0,minimize_generator,full_grid,False,0.0,1567.05,5000,inf
2015-01-06,657.075,21.638,678.713,525.855,391.76,917.615,678.713,238.902,0.0,0.0,0.0,238.902,0.0,0.0,0.0,0.0,800.0,0.8,0.826,0.0,0.0,0.0,0.0,0.0,0.0,1.0,0.74,1.0,minimize_generator,full_grid,False,0.0,1805.951,5000,inf
2015-01-07,582.235,21.274,603.509,507.636,544.72,1052.356,603.509,448.847,0.0,0.0,0.0,448.847,0.0,0.0,0.0,0.0,800.0,0.8,0.826,0.0,0.0,0.0,0.0,0.0,0.0,1.0,0.573,1.0,minimize_generator,full_grid,False,0.0,2254.799,5000,inf
2015-01-08,588.95,21.389,610.339,489.029,486.16,975.189,610.339,364.85,0.0,0.0,0.0,364.85,0.0,0.0,0.0,0.0,800.0,0.8,0.826,0.0,0.0,0.0,0.0,0.0,0.0,1.0,0.626,1.0,minimize_generator,full_grid,False,0.0,2619.649,5000,inf
2015-01-09,586.885,21.379,608.264,380.191,548.96,929.151,608.264,320.887,0.0,0.0,0.0,320.887,0.0,0.0,0.0,0.0,800.0,0.8,0.826,0.0,0.0,0.0,0.0,0.0,0.0,1.0,0.655,1.0,minimize_generator,full_grid,False,0.0,2940.536,5000,inf
2015-01-10,582.795,17.75,600.545,602.463,303.52,905.983,600.545,305.438,0.0,0.0,0.0,305.438,0.0,0.0,0.0,0.0,800.0,0.8,0.826,0.0,0.0,0.0,0.0,0.0,0.0,1.0,0.663,1.0,minimize_generator,full_grid,False,0.0,3245.974,5000,inf
2015-01-11,658.73,9.016,667.746,362.005,339.44,701.445,667.746,33.699,0.0,0.0,0.0,33.699,0.0,0.0,0.0,0.0,800.0,0.8,0.826,0.0,0.0,0.0,0.0,0.0,0.0,1.0,0.952,1.0,minimize_generator,full_grid,False,0.0,3279.673,5000,inf
2015-01-12,580.72,7.318,588.038,637.794,32.44,670.234,588.038,82.196,0.0,0.0,0.0,82.196,0.0,0.0,0.0,0.0,800.0,0.8,0.826,0.0,0.0,0.0,0.0,0.0,0.0,1.0,0.877,1.0,minimize_generator,full_grid,False,0.0,3361.869,5000,inf
2015-01-13,588.565,3.728,592.293,630.221,1.96,632.181,592.293,39.888,0.0,0.0,0.0,39.888,0.0,0.0,0.0,0.0,800.0,0.8,0.826,0.0,0.0,0.0,0.0,0.0,0.0,1.0,0.937,1.0,minimize_generator,full_grid,False,0.0,3401.757,5000,inf
2015-01-14,588.95,5.422,594.372,598.088,313.36,911.448,594.372,317.076,0.0,0.0,0.0,317.076,0.0,0.0,0.0,0.0,800.0,0.8,0.826,0.0,0.0,0.0,0.0,0.0,0.0,1.0,0.652,1.0,minimize_generator,full_grid,False,0.0,3718.834,5000,inf
2015-01-15,582.795,8.54,591.335,548.483,254.68,803.163,591.335,211.828,0.0,0.0,0.0,211.828,0.0,0.0,0.0,0.0,800.0,0.8,0.826,0.0,0.0,0.0,0.0,0.0,0.0,1.0,0.736,1.0,minimize_generator,full_grid,False,0.0,3930.661,5000,inf
2015-01-16,657.25,8.203,665.453,564.278,206.32,770.598,665.453,105.145,0.0,0.0,0.0,105.145,0.0,0.0,0.0,0.0,800.0,0.8,0.826,0.0,0.0,0.0,0.0,0.0,0.0,1.0,0.864,1.0,minimize_generator,full_grid,False,0.0,4035.806,5000,inf
2015-01-17,584.275,8.631,592.906,562.674,308.0,870.674,592.906,277.768,0.0,0.0,0.0,277.768,0.0,0.0,0.0,0.0,800.0,0.8,0.826,0.0,0.0,0.0,0.0,0.0,0.0,1.0,0.681,1.0,minimize_generator,full_grid,False,0.0,4313.574,5000,inf
2015-01-18,586.315,8.56,594.875,655.817,47.12,702.937,594.875,108.062,0.0,0.0,0.0,108.062,0.0,0.0,0.0,0.0,800.0,0.8,0.826,0.0,0.0,0.0,0.0,0.0,0.0,1.0,0.846,1.0,minimize_generator,full_grid,False,0.0,4421.636,5000,inf
2015-01-19,586.14,7.523,593.663,632.163,32.0,664.163,593.663,70.5,0.0,0.0,0.0,70.5,0.0,0.0,0.0,0.0,800.0,0.8,0.826,0.0,0.0,0.0,0.0,0.0,0.0,1.0,0.894,1.0,minimize_generator,full_grid,False,0.0,4492.136,5000,inf
2015-01-20,584.835,7.598,592.433,674.145,4.56,678.705,592.433,86.272,0.0,0.0,0.0,86.272,0.0,0.0,0.0,0.0,800.0,0.8,0.826,0.0,0.0,0.0,0.0,0.0,0.0,1.0,0.873,1.0,minimize_generator,full_grid,False,0.0,4578.408,5000,inf
2015-01-21,588.39,8.269,596.659,670.831,6.76,677.591,596.659,80.932,0.0,0.0,0.0,80.932,0.0,0.0,0.0,0.0,800.0,0.8,0.826,0.0,0.0,0.0,0.0,0.0,0.0,1.0,0.881,1.0,minimize_generator,full_grid,False,0.0,4659.34,5000,inf
2015-01-22,588.39,8.167,596.557,683.785,5.08,688.865,596.557,92.308,0.0,0.0,0.0,92.308,0.0,0.0,0.0,0.0,800.0,0.8,0.826,0.0,0.0,0.0,0.0,0.0,0.0,1.0,0.866,1.0,minimize_generator,full_grid,False,0.0,4751.648,5000,inf
2015-01-23,571.985,6.799,578.784,473.969,4.8,478.769,478.769,0.0,0.0,100.015,0.0,0.0,0.0,0.0,0.0,0.0,694.722,0.695,0.826,0.0,0.0,0.0,0.0,0.0,0.0,1.0,1.0,0.97,minimize_generator,full_grid,False,0.0,4751.648,5000,inf
2015-01-24,657.075,8.118,665.193,585.568,13.16,598.728,598.728,0.0,0.0,66.465,0.0,0.0,0.0,0.0,0.0,0.0,624.758,0.625,0.826,0.0,0.0,0.0,0.0,0.0,0.0,1.0,1.0,0.983,minimize_generator,full_grid,False,0.0,4751.648,5000,inf
2015-01-25,572.095,7.896,579.991,613.756,17.48,631.236,579.991,51.245,51.245,0.0,0.0,0.0,0.0,0.0,0.0,0.0,673.441,0.673,0.839,0.0,0.0,0.0,0.0,0.0,0.0,1.0,1.0,1.0,minimize_generator,full_grid,False,0.0,4751.648,5000,inf
2015-01-26,589.31,7.199,596.509,460.335,28.36,488.695,488.695,0.0,0.0,107.814,0.0,0.0,0.0,0.0,0.0,0.0,559.952,0.56,0.839,0.0,0.0,0.0,0.0,0.0,0.0,1.0,1.0,0.971,minimize_generator,full_grid,False,0.0,4751.648,5000,inf
2015-01-27,656.69,8.269,664.959,593.176,29.96,623.136,623.136,0.0,0.0,41.823,0.0,0.0,0.0,0.0,0.0,0.0,515.929,0.516,0.839,0.0,0.0,0.0,0.0,0.0,0.0,1.0,1.0,0.99,minimize_generator,full_grid,False,0.0,4751.648,5000,inf
2015-01-28,581.665,10.301,591.966,500.116,386.44,886.556,591.966,294.59,294.59,0.0,0.0,0.0,0.0,0.0,0.0,0.0,795.789,0.796,0.896,0.0,0.0,0.0,0.0,0.0,0.0,1.0,1.0,1.0,minimize_generator,full_grid,False,0.0,4751.648,5000,inf
2015-01-29,584.275,9.434,593.709,625.865,224.36,850.225,593.709,256.516,4.432,0.0,0.0,252.084,0.0,0.0,0.0,0.0,800.0,0.8,0.896,0.0,0.0,0.0,0.0,0.0,0.0,1.0,0.704,1.0,minimize_generator,full_grid,False,0.0,5003.731,5000,inf
2015-01-30,581.665,10.08,591.745,732.361,281.68,1014.041,591.745,422.296,0.0,0.0,0.0,422.296,0.0,0.0,0.0,0.0,800.0,0.8,0.896,0.0,0.0,0.0,0.0,0.0,0.0,1.0,0.584,1.0,minimize_generator,full_grid,False,0.0,5426.027,5000,inf
2015-01-31,585.02,10.13,595.15,739.977,151.32,891.297,595.15,296.147,0.0,0.0,0.0,296.147,0.0,0.0,0.0,0.0,800.0,0.8,0.896,0.0,0.0,0.0,0.0,0.0,0.0,1.0,0.668,1.0,minimize_generator,full_grid,False,0.0,5722.174,5000,inf
2015-02-01,584.835,10.041,594.876,749.38,65.04,814.42,594.876,219.544,0.0,0.0,0.0,219.544,0.0,0.0,0.0,0.0,800.0,0.8,0.896,0.0,0.0,0.0,0.0,0.0,0.0,1.0,0.73,1.0,minimize_generator,full_grid,False,0.0,219.544,5000,inf
2015-02-02,588.95,8.531,597.481,618.987,13.68,632.667,597.481,35.186,0.0,0.0,0.0,35.186,0.0,0.0,0.0,0.0,800.0,0.8,0.896,0.0,0.0,0.0,0.0,0.0,0.0,1.0,0.944,1.0,minimize_generator,full_grid,False,0.0,254.73,5000,inf
2015-02-03,657.995,11.597,669.592,688.54,145.96,834.5,669.592,164.908,0.0,0.0,0.0,164.908,0.0,0.0,0.0,0.0,800.0,0.8,0.896,0.0,0.0,0.0,0.0,0.0,0.0,1.0,0.802,1.0,minimize_generator,full_grid,False,0.0,419.638,5000,inf
2015-02-04,658.38,11.821,670.201,725.157,269.64,994.797,670.201,324.596,0.0,0.0,0.0,324.596,0.0,0.0,0.0,0.0,800.0,0.8,0.896,0.0,0.0,0.0,0.0,0.0,0.0,1.0,0.674,1.0,minimize_generator,full_grid,False,0.0,744.234,5000,inf
2015-02-05,584.275,10.547,594.822,674.633,88.32,762.953,594.822,168.131,0.0,0.0,0.0,168.131,0.0,0.0,0.0,0.0,800.0,0.8,0.896,0.0,0.0,0.0,0.0,0.0,0.0,1.0,0.78,1.0,minimize_generator,full_grid,False,0.0,912.366,5000,inf
2015-02-06,585.755,9.553,595.308,638.916,13.4,652.316,595.308,57.008,0.0,0.0,0.0,57.008,0.0,0.0,0.0,0.0,800.0,0.8,0.896,0.0,0.0,0.0,0.0,0.0,0.0,1.0,0.913,1.0,minimize_generator,full_grid,False,0.0,969.374,5000,inf
2015-02-07,572.425,10.534,582.959,687.838,58.92,746.758,582.959,163.799,0.0,0.0,0.0,163.799,0.0,0.0,0.0,0.0,800.0,0.8,0.896,0.0,0.0,0.0,0.0,0.0,0.0,1.0,0.781,1.0,minimize_generator,full_grid,False,0.0,1133.173,5000,inf
2015-02-08,583.715,11.56,595.275,733.595,421.48,1155.075,595.275,559.8,0.0,0.0,0.0,559.8,0.0,0.0,0.0,0.0,800.0,0.8,0.896,0.0,0.0,0.0,0.0,0.0,0.0,1.0,0.515,1.0,minimize_generator,full_grid,False,0.0,1692.973,5000,inf
2015-02-09,657.25,11.806,669.056,767.686,189.28,956.966,669.056,287.91,0.0,0.0,0.0,287.91,0.0,0.0,0.0,0.0,800.0,0.8,0.896,0.0,0.0,0.0,0.0,0.0,0.0,1.0,0.699,1.0,minimize_generator,full_grid,False,0.0,1980.883,5000,inf
2015-02-10,659.86,13.211,673.071,727.925,294.48,1022.405,673.071,349.334,0.0,0.0,0.0,349.334,0.0,0.0,0.0,0.0,800.0,0.8,0.896,0.0,0.0,0.0,0.0,0.0,0.0,1.0,0.658,1.0,minimize_generator,full_grid,False,0.0,2330.217,5000,inf
2015-02-11,582.585,10.599,593.184,600.359,509.64,1109.999,593.184,516.815,0.0,0.0,0.0,516.815,0.0,0.0,0.0,0.0,800.0,0.8,0.896,0.0,0.0,0.0,0.0,0.0,0.0,1.0,0.534,1.0,minimize_generator,full_grid,False,0.0,2847.032,5000,inf
2015-02-12,585.22,9.664,594.884,614.31,364.32,978.63,594.884,383.746,0.0,0.0,0.0,383.746,0.0,0.0,0.0,0.0,800.0,0.8,0.896,0.0,0.0,0.0,0.0,0.0,0.0,1.0,0.608,1.0,minimize_generator,full_grid,False,0.0,3230.777,5000,inf
2015-02-13,587.445,9.83,597.275,754.843,304.44,1059.283,597.275,462.008,0.0,0.0,0.0,462.008,0.0,0.0,0.0,0.0,800.0,0.8,0.896,0.0,0.0,0.0,0.0,0.0,0.0,1.0,0.564,1.0,minimize_generator,full_grid,False,0.0,3692.785,5000,inf
2015-02-14,588.75,8.816,597.566,724.731,42.52,767.251,597.566,169.685,0.0,0.0,0.0,169.685,0.0,0.0,0.0,0.0,800.0,0.8,0.896,0.0,0.0,0.0,0.0,0.0,0.0,1.0,0.779,1.0,minimize_generator,full_grid,False,0.0,3862.47,5000,inf
2015-02-15,584.835,340.972,925.807,556.49,33.72,590.21,590.21,0.0,0.0,335.597,0.0,0.0,0.0,0.0,0.0,0.0,446.74,0.447,0.896,0.0,0.0,0.0,0.0,0.0,0.0,1.0,1.0,0.962,minimize_generator,full_grid,False,0.0,3862.47,5000,inf
2015-02-16,589.485,446.194,1035.679,795.993,269.64,1065.633,1035.679,29.954,29.954,0.0,0.0,0.0,0.0,0.0,0.0,0.0,475.196,0.475,0.902,0.0,0.0,0.0,0.0,0.0,0.0,1.0,1.0,1.0,minimize_generator,full_grid,False,0.0,3862.47,5000,inf
2015-02-17,586.315,271.517,857.832,313.284,166.88,480.164,480.164,0.0,0.0,261.436,116.233,0.0,0.0,0.0,0.0,0.0,200.0,0.2,0.902,0.0,0.0,7.539,0.0,0.0,7.539,0.865,1.0,0.835,minimize_generator,full_grid,False,116.233,3862.47,5000,inf
2015-02-18,588.18,474.902,1063.082,817.45,400.0,1217.45,1063.082,154.368,154.368,0.0,0.0,0.0,0.0,0.0,0.0,0.0,346.649,0.347,0.944,0.0,0.0,0.0,0.0,0.0,0.0,1.0,1.0,1.0,minimize_generator,full_grid,False,116.233,3862.47,5000,inf
2015-02-19,657.435,446.758,1104.193,824.066,494.96,1319.026,1104.193,214.833,214.833,0.0,0.0,0.0,0.0,0.0,0.0,0.0,550.741,0.551,0.965,0.0,0.0,0.0,0.0,0.0,0.0,1.0,1.0,1.0,minimize_generator,full_grid,False,116.233,3862.47,5000,inf
2015-02-20,588.75,355.048,943.798,612.786,548.96,1161.746,943.798,217.948,217.948,0.0,0.0,0.0,0.0,0.0,0.0,0.0,757.791,0.758,0.974,0.0,0.0,0.0,0.0,0.0,0.0,1.0,1.0,1.0,minimize_generator,full_grid,False,116.233,3862.47,5000,inf
2015-02-21,587.26,383.439,970.699,609.556,508.8,1118.356,970.699,147.657,44.43,0.0,0.0,103.227,0.0,0.0,0.0,0.0,800.0,0.8,0.976,0.0,0.0,0.0,0.0,0.0,0.0,1.0,0.908,1.0,minimize_generator,full_grid,False,116.233,3965.696,5000,inf
2015-02-22,588.565,360.287,948.852,811.211,4.68,815.891,815.891,0.0,0.0,132.961,0.0,0.0,0.0,0.0,0.0,0.0,660.041,0.66,0.976,0.0,0.0,0.0,0.0,0.0,0.0,1.0,1.0,0.997,minimize_generator,full_grid,False,116.233,3965.696,5000,inf
2015-02-23,588.95,375.778,964.728,641.08,10.4,651.48,651.48,0.0,0.0,313.248,0.0,0.0,0.0,0.0,0.0,0.0,330.307,0.33,0.976,0.0,0.0,0.0,0.0,0.0,0.0,1.0,1.0,0.992,minimize_generator,full_grid,False,116.233,3965.696,5000,inf
2015-02-24,588.005,491.621,1079.626,454.393,292.68,747.073,747.073,0.0,0.0,123.792,208.761,0.0,0.0,0.0,0.0,0.0,200.0,0.2,0.976,0.0,0.0,13.262,0.0,0.0,13.262,0.807,1.0,0.804,minimize_generator,full_grid,False,324.994,3965.696,5000,inf
2015-02-25,588.75,532.403,1121.153,858.444,298.12,1156.564,1121.153,35.411,35.411,0.0,0.0,0.0,0.0,0.0,0.0,0.0,233.64,0.234,0.979,0.0,0.0,0.0,0.0,0.0,0.0,1.0,1.0,1.0,minimize_generator,full_grid,False,324.994,3965.696,5000,inf
2015-02-26,663.07,532.229,1195.299,841.738,58.92,900.658,900.658,0.0,0.0,31.958,262.683,0.0,0.0,0.0,0.0,0.0,200.0,0.2,0.979,0.0,0.0,16.713,0.0,0.0,16.713,0.78,1.0,0.78,minimize_generator,full_grid,False,587.677,3965.696,5000,inf
2015-02-27,658.94,556.095,1215.035,818.094,178.0,996.094,996.094,0.0,0.0,0.0,218.941,0.0,0.0,0.0,0.0,0.0,200.0,0.2,0.979,0.0,0.0,13.904,0.0,0.0,13.904,0.82,1.0,0.82,minimize_generator,full_grid,False,806.618,3965.696,5000,inf
2015-02-28,589.125,539.162,1128.287,774.742,440.16,1214.902,1128.287,86.615,86.615,0.0,0.0,0.0,0.0,0.0,0.0,0.0,282.284,0.282,0.985,0.0,0.0,0.0,0.0,0.0,0.0,1.0,1.0,1.0,minimize_generator,full_grid,False,806.618,3965.696,5000,inf
2015-03-01,659.86,578.027,1237.887,843.059,438.88,1281.939,1237.887,44.052,44.052,0.0,0.0,0.0,0.0,0.0,0.0,0.0,324.134,0.324,0.987,0.0,0.0,0.0,0.0,0.0,0.0,1.0,1.0,1.0,minimize_generator,full_grid,False,0.0,0.0,5000,inf
2015-03-02,589.485,573.783,1163.268,837.846,448.4,1286.246,1163.268,122.978,122.978,0.0,0.0,0.0,0.0,0.0,0.0,0.0,440.963,0.441,0.991,0.0,0.0,0.0,0.0,0.0,0.0,1.0,1.0,1.0,minimize_generator,full_grid,False,0.0,0.0,5000,inf
2015-03-03,662.11,582.335,1244.445,844.53,376.32,1220.85,1220.85,0.0,0.0,23.595,0.0,0.0,0.0,0.0,0.0,0.0,416.126,0.416,0.991,0.0,0.0,0.0,0.0,0.0,0.0,1.0,1.0,1.0,minimize_generator,full_grid,False,0.0,0.0,5000,inf
2015-03-04,659.475,565.317,1224.792,861.595,410.2,1271.795,1224.792,47.003,47.003,0.0,0.0,0.0,0.0,0.0,0.0,0.0,460.779,0.461,0.991,0.0,0.0,0.0,0.0,0.0,0.0,1.0,1.0,1.0,minimize_generator,full_grid,False,0.0,0.0,5000,inf
2015-03-05,657.81,552.261,1210.071,917.858,166.88,1084.738,1084.738,0.0,0.0,125.333,0.0,0.0,0.0,0.0,0.0,0.0,328.849,0.329,0.991,0.0,0.0,0.0,0.0,0.0,0.0,1.0,1.0,0.999,minimize_generator,full_grid,False,0.0,0.0,5000,inf
2015-03-06,660.245,573.482,1233.727,916.828,35.48,952.308,952.308,0.0,0.0,122.407,159.012,0.0,0.0,0.0,0.0,0.0,200.0,0.2,0.991,0.0,0.0,10.607,0.0,0.0,10.607,0.871,1.0,0.87,minimize_generator,full_grid,False,159.012,0.0,5000,inf
2015-03-07,586.14,551.85,1137.99,886.984,23.24,910.224,910.224,0.0,0.0,0.0,227.766,0.0,0.0,0.0,0.0,0.0,200.0,0.2,0.991,0.0,0.0,15.147,0.0,0.0,15.147,0.8,1.0,0.8,minimize_generator,full_grid,False,386.778,0.0,5000,inf
2015-03-08,588.005,569.106,1157.111,835.986,63.16,899.146,899.146,0.0,0.0,0.0,257.965,0.0,0.0,0.0,0.0,0.0,200.0,0.2,0.991,0.0,0.0,17.137,0.0,0.0,17.137,0.777,1.0,0.777,minimize_generator,full_grid,False,644.744,0.0,5000,inf
2015-03-09,588.005,600.046,1188.051,863.106,48.72,911.826,911.826,0.0,0.0,0.0,276.225,0.0,0.0,0.0,0.0,0.0,200.0,0.2,0.991,0.0,0.0,18.313,0.0,0.0,18.313,0.767,1.0,0.767,minimize_generator,full_grid,False,920.969,0.0,5000,inf
2015-03-10,660.035,581.989,1242.024,667.627,104.4,772.027,772.027,0.0,0.0,0.0,469.997,0.0,0.0,0.0,0.0,0.0,200.0,0.2,0.991,0.0,0.0,31.333,0.0,0.0,31.333,0.622,1.0,0.622,minimize_generator,full_grid,False,1390.965,0.0,5000,inf
2015-03-11,729.625,552.781,1282.406,719.224,77.6,796.824,796.824,0.0,0.0,0.0,485.582,0.0,0.0,0.0,0.0,0.0,200.0,0.2,0.991,0.0,0.0,32.557,0.0,0.0,32.557,0.621,1.0,0.621,minimize_generator,full_grid,False,1876.548,0.0,5000,inf
2015-03-12,731.875,601.541,1333.416,854.638,518.0,1372.638,1333.416,39.222,39.222,0.0,0.0,0.0,0.0,0.0,0.0,0.0,237.261,0.237,0.993,0.0,0.0,0.0,0.0,0.0,0.0,1.0,1.0,1.0,minimize_generator,full_grid,False,1876.548,0.0,5000,inf
2015-03-13,663.07,607.538,1270.608,947.914,178.0,1125.914,1125.914,0.0,0.0,35.398,109.297,0.0,0.0,0.0,0.0,0.0,200.0,0.2,0.993,0.0,0.0,7.276,0.0,0.0,7.276,0.914,1.0,0.914,minimize_generator,full_grid,False,1985.844,0.0,5000,inf
2015-03-14,662.86,629.124,1291.984,924.928,389.48,1314.408,1291.984,22.424,22.424,0.0,0.0,0.0,0.0,0.0,0.0,0.0,221.303,0.221,0.993,0.0,0.0,0.0,0.0,0.0,0.0,1.0,1.0,1.0,minimize_generator,full_grid,False,1985.844,0.0,5000,inf
2015-03-15,587.26,703.678,1290.938,1004.297,350.36,1354.657,1290.938,63.719,63.719,0.0,0.0,0.0,0.0,0.0,0.0,0.0,281.835,0.282,0.995,0.0,0.0,0.0,0.0,0.0,0.0,1.0,1.0,1.0,minimize_generator,full_grid,False,1985.844,0.0,5000,inf
2015-03-16,659.115,618.32,1277.435,799.306,294.48,1093.786,1093.786,0.0,0.0,77.743,105.906,0.0,0.0,0.0,0.0,0.0,200.0,0.2,0.995,0.0,0.0,7.044,0.0,0.0,7.044,0.917,1.0,0.917,minimize_generator,full_grid,False,2091.75,0.0,5000,inf
2015-03-17,658.38,629.337,1287.717,998.053,180.8,1178.853,1178.853,0.0,0.0,0.0,108.864,0.0,0.0,0.0,0.0,0.0,200.0,0.2,0.995,0.0,0.0,7.236,0.0,0.0,7.236,0.915,1.0,0.915,minimize_generator,full_grid,False,2200.614,0.0,5000,inf
2015-03-18,659.3,670.369,1329.669,990.97,183.64,1174.61,1174.61,0.0,0.0,0.0,155.059,0.0,0.0,0.0,0.0,0.0,200.0,0.2,0.995,0.0,0.0,10.282,0.0,0.0,10.282,0.883,1.0,0.883,minimize_generator,full_grid,False,2355.673,0.0,5000,inf
2015-03-19,661.34,683.542,1344.882,997.755,438.88,1436.635,1344.882,91.753,91.753,0.0,0.0,0.0,0.0,0.0,0.0,0.0,287.165,0.287,0.996,0.0,0.0,0.0,0.0,0.0,0.0,1.0,1.0,1.0,minimize_generator,full_grid,False,2355.673,0.0,5000,inf
2015-03-20,660.42,634.008,1294.428,1001.234,334.28,1335.514,1294.428,41.086,41.086,0.0,0.0,0.0,0.0,0.0,0.0,0.0,326.197,0.326,0.997,0.0,0.0,0.0,0.0,0.0,0.0,1.0,1.0,1.0,minimize_generator,full_grid,False,2355.673,0.0,5000,inf
2015-03-21,588.39,663.327,1251.717,1003.551,317.76,1321.311,1251.717,69.594,69.594,0.0,0.0,0.0,0.0,0.0,0.0,0.0,392.311,0.392,0.997,0.0,0.0,0.0,0.0,0.0,0.0,1.0,1.0,1.0,minimize_generator,full_grid,False,2355.673,0.0,5000,inf
2015-03-22,666.03,744.068,1410.098,1051.95,435.64,1487.59,1410.098,77.492,77.492,0.0,0.0,0.0,0.0,0.0,0.0,0.0,465.929,0.466,0.998,0.0,0.0,0.0,0.0,0.0,0.0,1.0,1.0,1.0,minimize_generator,full_grid,False,2355.673,0.0,5000,inf
2015-03-23,659.115,607.234,1266.349,824.683,5.84,830.523,830.523,0.0,0.0,252.633,183.194,0.0,0.0,0.0,0.0,0.0,200.0,0.2,0.998,0.0,0.0,12.193,0.0,0.0,12.193,0.855,1.0,0.855,minimize_generator,full_grid,False,2538.866,0.0,5000,inf
2015-03-24,664.725,760.07,1424.795,987.677,100.44,1088.117,1088.117,0.0,0.0,0.0,336.678,0.0,0.0,0.0,0.0,0.0,200.0,0.2,0.998,0.0,0.0,22.225,0.0,0.0,22.225,0.764,1.0,0.764,minimize_generator,full_grid,False,2875.545,0.0,5000,inf
2015-03-25,734.87,745.005,1479.875,952.526,50.32,1002.846,1002.846,0.0,0.0,0.0,477.029,0.0,0.0,0.0,0.0,0.0,200.0,0.2,0.998,0.0,0.0,31.634,0.0,0.0,31.634,0.678,1.0,0.678,minimize_generator,full_grid,False,3352.573,0.0,5000,inf
2015-03-26,660.595,842.481,1503.076,930.466,144.16,1074.626,1074.626,0.0,0.0,0.0,428.45,0.0,0.0,0.0,0.0,0.0,200.0,0.2,0.998,0.0,0.0,28.166,0.0,0.0,28.166,0.715,1.0,0.715,minimize_generator,full_grid,False,3781.023,0.0,5000,inf
2015-03-27,588.005,840.136,1428.141,956.056,98.12,1054.176,1054.176,0.0,0.0,0.0,373.965,0.0,0.0,0.0,0.0,0.0,200.0,0.2,0.998,0.0,0.0,24.479,0.0,0.0,24.479,0.738,1.0,0.738,minimize_generator,full_grid,False,4154.989,0.0,5000,inf
2015-03-28,663.99,791.874,1455.864,910.71,109.2,1019.91,1019.91,0.0,0.0,0.0,435.954,0.0,0.0,0.0,0.0,0.0,200.0,0.2,0.998,0.0,0.0,28.732,0.0,0.0,28.732,0.701,1.0,0.701,minimize_generator,full_grid,False,4590.943,0.0,5000,inf
2015-03-29,732.435,741.224,1473.659,761.012,359.44,1120.452,1120.452,0.0,0.0,0.0,353.207,0.0,0.0,0.0,0.0,0.0,200.0,0.2,0.998,0.0,0.0,23.425,0.0,0.0,23.425,0.76,1.0,0.76,minimize_generator,full_grid,False,4944.15,0.0,5000,inf
2015-03-30,735.99,663.377,1399.367,1001.641,352.88,1354.521,1354.521,0.0,0.0,0.0,44.846,0.0,0.0,0.0,0.0,0.0,200.0,0.2,0.998,0.0,0.0,2.987,0.0,0.0,2.987,0.968,1.0,0.968,minimize_generator,full_grid,False,4988.995,0.0,5000,inf
2015-03-31,660.98,388.247,1049.227,1025.566,272.44,1298.006,1049.227,248.779,248.779,0.0,0.0,0.0,0.0,0.0,0.0,0.0,436.34,0.436,0.999,0.0,0.0,0.0,0.0,0.0,0.0,1.0,1.0,1.0,minimize_generator,full_grid,False,4988.995,0.0,5000,inf
2015-04-01,731.14,789.741,1520.881,940.869,400.76,1341.629,1341.629,0.0,0.0,179.252,0.0,0.0,0.0,0.0,0.0,0.0,247.653,0.248,0.999,0.0,0.0,0.0,0.0,0.0,0.0,1.0,1.0,1.0,minimize_generator,full_grid,False,0.0,0.0,5000,inf
2015-04-02,664.725,948.453,1613.178,1056.578,249.96,1306.538,1306.538,0.0,0.0,45.27,261.37,0.0,0.0,0.0,0.0,0.0,200.0,0.2,0.999,0.0,0.0,18.283,0.0,0.0,18.283,0.838,1.0,0.838,minimize_generator,full_grid,False,261.37,0.0,5000,inf
2015-04-03,729.45,916.528,1645.978,937.25,193.04,1130.29,1130.29,0.0,0.0,0.0,515.688,0.0,0.0,0.0,0.0,0.0,200.0,0.2,0.999,0.0,0.0,36.246,0.0,0.0,36.246,0.687,1.0,0.687,minimize_generator,full_grid,False,777.058,0.0,5000,inf
2015-04-04,811.035,945.121,1756.156,1083.744,445.28,1529.024,1529.024,0.0,0.0,0.0,227.132,0.0,0.0,0.0,0.0,0.0,200.0,0.2,0.999,0.0,0.0,16.01,0.0,0.0,16.01,0.871,1.0,0.871,minimize_generator,full_grid,False,1004.19,0.0,5000,inf
2015-04-05,661.54,1000.92,1662.46,1100.641,201.56,1302.201,1302.201,0.0,0.0,0.0,360.259,0.0,0.0,0.0,0.0,0.0,200.0,0.2,0.999,0.0,0.0,25.145,0.0,0.0,25.145,0.783,1.0,0.783,minimize_generator,full_grid,False,1364.449,0.0,5000,inf
2015-04-06,731.7,1157.253,1888.953,1099.158,314.24,1413.398,1413.398,0.0,0.0,0.0,475.555,0.0,0.0,0.0,0.0,0.0,200.0,0.2,0.999,0.0,0.0,33.138,0.0,0.0,33.138,0.748,1.0,0.748,minimize_generator,full_grid,False,1840.005,0.0,5000,inf
2015-04-07,732.795,1191.515,1924.31,1098.035,243.36,1341.395,1341.395,0.0,0.0,0.0,582.915,0.0,0.0,0.0,0.0,0.0,200.0,0.2,0.999,0.0,0.0,40.578,0.0,0.0,40.578,0.697,1.0,0.697,minimize_generator,full_grid,False,2422.92,0.0,5000,inf
2015-04-08,735.43,1039.861,1775.291,1062.112,29.96,1092.072,1092.072,0.0,0.0,0.0,683.219,0.0,0.0,0.0,0.0,0.0,200.0,0.2,0.999,0.0,0.0,47.808,0.0,0.0,47.808,0.615,1.0,0.615,minimize_generator,full_grid,False,3106.139,0.0,5000,inf
2015-04-09,732.06,916.412,1648.472,985.977,438.24,1424.217,1424.217,0.0,0.0,0.0,224.255,0.0,0.0,0.0,0.0,0.0,200.0,0.2,0.999,0.0,0.0,15.764,0.0,0.0,15.764,0.864,1.0,0.864,minimize_generator,full_grid,False,3330.393,0.0,5000,inf
2015-04-10,733.18,811.47,1544.65,1070.491,530.24,1600.731,1544.65,56.081,56.081,0.0,0.0,0.0,0.0,0.0,0.0,0.0,253.277,0.253,0.999,0.0,0.0,0.0,0.0,0.0,0.0,1.0,1.0,1.0,minimize_generator,full_grid,False,3330.393,0.0,5000,inf
2015-04-11,730.93,716.625,1447.555,961.183,516.44,1477.623,1447.555,30.068,30.068,0.0,0.0,0.0,0.0,0.0,0.0,0.0,281.842,0.282,0.999,0.0,0.0,0.0,0.0,0.0,0.0,1.0,1.0,1.0,minimize_generator,full_grid,False,3330.393,0.0,5000,inf
2015-04-12,733.74,785.368,1519.108,996.521,468.0,1464.521,1464.521,0.0,0.0,54.587,0.0,0.0,0.0,0.0,0.0,0.0,224.382,0.224,0.999,0.0,0.0,0.0,0.0,0.0,0.0,1.0,1.0,1.0,minimize_generator,full_grid,False,3330.393,0.0,5000,inf
2015-04-13,731.7,833.335,1565.035,1146.234,282.6,1428.834,1428.834,0.0,0.0,23.163,113.037,0.0,0.0,0.0,0.0,0.0,200.0,0.2,0.999,0.0,0.0,7.975,0.0,0.0,7.975,0.928,1.0,0.928,minimize_generator,full_grid,False,3443.431,0.0,5000,inf
2015-04-14,735.605,788.687,1524.292,1131.799,205.36,1337.159,1337.159,0.0,0.0,0.0,187.133,0.0,0.0,0.0,0.0,0.0,200.0,0.2,0.999,0.0,0.0,13.233,0.0,0.0,13.233,0.877,1.0,0.877,minimize_generator,full_grid,False,3630.564,0.0,5000,inf
2015-04-15,732.235,741.053,1473.288,1015.408,433.0,1448.408,1448.408,0.0,0.0,0.0,24.88,0.0,0.0,0.0,0.0,0.0,200.0,0.2,0.999,0.0,0.0,1.763,0.0,0.0,1.763,0.983,1.0,0.983,minimize_generator,full_grid,False,3655.444,0.0,5000,inf
2015-04-16,735.43,698.058,1433.488,1164.504,330.0,1494.504,1433.488,61.016,61.016,0.0,0.0,0.0,0.0,0.0,0.0,0.0,257.966,0.258,0.999,0.0,0.0,0.0,0.0,0.0,0.0,1.0,1.0,1.0,minimize_generator,full_grid,False,3655.444,0.0,5000,inf
2015-04-17,734.3,769.043,1503.343,1123.559,361.92,1485.479,1485.479,0.0,0.0,17.864,0.0,0.0,0.0,0.0,0.0,0.0,239.162,0.239,0.999,0.0,0.0,0.0,0.0,0.0,0.0,1.0,1.0,1.0,minimize_generator,full_grid,False,3655.444,0.0,5000,inf
2015-04-18,809.73,709.448,1519.178,1123.348,190.2,1313.548,1313.548,0.0,0.0,37.204,168.426,0.0,0.0,0.0,0.0,0.0,200.0,0.2,0.999,0.0,0.0,12.001,0.0,0.0,12.001,0.889,1.0,0.889,minimize_generator,full_grid,False,3823.87,0.0,5000,inf
2015-04-19,734.87,701.156,1436.026,1133.891,195.88,1329.771,1329.771,0.0,0.0,0.0,106.255,0.0,0.0,0.0,0.0,0.0,200.0,0.2,0.999,0.0,0.0,7.547,0.0,0.0,7.547,0.926,1.0,0.926,minimize_generator,full_grid,False,3930.126,0.0,5000,inf
2015-04-20,665.67,650.161,1315.831,1104.583,104.4,1208.983,1208.983,0.0,0.0,0.0,106.848,0.0,0.0,0.0,0.0,0.0,200.0,0.2,0.999,0.0,0.0,7.582,0.0,0.0,7.582,0.919,1.0,0.919,minimize_generator,full_grid,False,4036.973,0.0,5000,inf
2015-04-21,811.21,581.814,1393.024,1032.443,306.24,1338.683,1338.683,0.0,0.0,0.0,54.341,0.0,0.0,0.0,0.0,0.0,200.0,0.2,0.999,0.0,0.0,3.901,0.0,0.0,3.901,0.961,1.0,0.961,minimize_generator,full_grid,False,4091.314,0.0,5000,inf
2015-04-22,732.62,473.36,1205.98,1044.73,192.12,1236.85,1205.98,30.87,30.87,0.0,0.0,0.0,0.0,0.0,0.0,0.0,229.326,0.229,1.0,0.0,0.0,0.0,0.0,0.0,0.0,1.0,1.0,1.0,minimize_generator,full_grid,False,4091.314,0.0,5000,inf
2015-04-23,733.74,311.207,1044.947,1137.082,555.8,1692.882,1044.947,647.935,600.709,0.0,0.0,47.226,0.0,0.0,0.0,0.0,800.0,0.8,1.0,0.0,0.0,0.0,0.0,0.0,0.0,1.0,0.972,1.0,minimize_generator,full_grid,False,4091.314,47.226,5000,inf
2015-04-24,734.3,319.389,1053.689,1216.2,425.6,1641.8,1053.689,588.111,0.0,0.0,0.0,588.111,0.0,0.0,0.0,0.0,800.0,0.8,1.0,0.0,0.0,0.0,0.0,0.0,0.0,1.0,0.642,1.0,minimize_generator,full_grid,False,4091.314,635.337,5000,inf
2015-04-25,812.9,240.822,1053.722,1185.987,94.28,1280.267,1053.722,226.545,0.0,0.0,0.0,226.545,0.0,0.0,0.0,0.0,800.0,0.8,1.0,0.0,0.0,0.0,0.0,0.0,0.0,1.0,0.823,1.0,minimize_generator,full_grid,False,4091.314,861.882,5000,inf
2015-04-26,666.24,176.666,842.906,1166.442,148.64,1315.082,842.906,472.176,0.0,0.0,0.0,472.176,0.0,0.0,0.0,0.0,800.0,0.8,1.0,0.0,0.0,0.0,0.0,0.0,0.0,1.0,0.641,1.0,minimize_generator,full_grid,False,4091.314,1334.057,5000,inf
2015-04-27,890.78,125.116,1015.896,1102.417,26.48,1128.897,1015.896,113.001,0.0,0.0,0.0,113.001,0.0,0.0,0.0,0.0,800.0,0.8,1.0,0.0,0.0,0.0,0.0,0.0,0.0,1.0,0.9,1.0,minimize_generator,full_grid,False,4091.314,1447.059,5000,inf
2015-04-28,812.715,87.346,900.061,1122.898,17.76,1140.658,900.061,240.597,0.0,0.0,0.0,240.597,0.0,0.0,0.0,0.0,800.0,0.8,1.0,0.0,0.0,0.0,0.0,0.0,0.0,1.0,0.789,1.0,minimize_generator,full_grid,False,4091.314,1687.656,5000,inf
2015-04-29,809.905,65.018,874.923,1125.053,133.6,1258.653,874.923,383.73,0.0,0.0,0.0,383.73,0.0,0.0,0.0,0.0,800.0,0.8,1.0,0.0,0.0,0.0,0.0,0.0,0.0,1.0,0.695,1.0,minimize_generator,full_grid,False,4091.314,2071.385,5000,inf
2015-04-30,738.215,52.417,790.632,1150.957,436.92,1587.877,790.632,797.245,0.0,0.0,0.0,797.245,0.0,0.0,0.0,0.0,800.0,0.8,1.0,0.0,0.0,0.0,0.0,0.0,0.0,1.0,0.498,1.0,minimize_generator,full_grid,False,4091.314,2868.631,5000,inf
2015-05-01,810.85,1485.791,2296.641,1178.425,462.24,1640.665,1640.665,0.0,0.0,570.0,85.976,0.0,0.0,0.0,0.0,0.0,200.0,0.2,1.0,0.0,0.0,5.976,0.0,0.0,5.976,0.963,1.0,0.963,minimize_generator,full_grid,False,85.976,0.0,5000,inf
2015-05-02,811.98,1242.393,2054.373,1159.342,466.28,1625.622,1625.622,0.0,0.0,0.0,428.751,0.0,0.0,0.0,0.0,0.0,200.0,0.2,1.0,0.0,0.0,29.999,0.0,0.0,29.999,0.791,1.0,0.791,minimize_generator,full_grid,False,514.727,0.0,5000,inf
2015-05-03,812.715,1278.061,2090.776,1195.906,401.48,1597.386,1597.386,0.0,0.0,0.0,493.39,0.0,0.0,0.0,0.0,0.0,200.0,0.2,1.0,0.0,0.0,34.487,0.0,0.0,34.487,0.764,1.0,0.764,minimize_generator,full_grid,False,1008.117,0.0,5000,inf
2015-05-04,812.715,1202.574,2015.289,1188.633,420.8,1609.433,1609.433,0.0,0.0,0.0,405.856,0.0,0.0,0.0,0.0,0.0,200.0,0.2,1.0,0.0,0.0,28.432,0.0,0.0,28.432,0.799,1.0,0.799,minimize_generator,full_grid,False,1413.973,0.0,5000,inf
2015-05-05,811.21,1176.61,1987.82,1177.882,177.08,1354.962,1354.962,0.0,0.0,0.0,632.858,0.0,0.0,0.0,0.0,0.0,200.0,0.2,1.0,0.0,0.0,44.368,0.0,0.0,44.368,0.682,1.0,0.682,minimize_generator,full_grid,False,2046.831,0.0,5000,inf
2015-05-06,810.475,1059.572,1870.047,1089.729,69.52,1159.249,1159.249,0.0,0.0,0.0,710.798,0.0,0.0,0.0,0.0,0.0,200.0,0.2,1.0,0.0,0.0,50.026,0.0,0.0,50.026,0.62,1.0,0.62,minimize_generator,full_grid,False,2757.628,0.0,5000,inf
2015-05-07,811.035,1003.862,1814.897,1064.226,37.72,1101.946,1101.946,0.0,0.0,0.0,712.951,0.0,0.0,0.0,0.0,0.0,200.0,0.2,1.0,0.0,0.0,50.282,0.0,0.0,50.282,0.607,1.0,0.607,minimize_generator,full_grid,False,3470.579,0.0,5000,inf
2015-05-08,811.21,1073.167,1884.377,1141.905,140.6,1282.505,1282.505,0.0,0.0,0.0,601.872,0.0,0.0,0.0,0.0,0.0,200.0,0.2,1.0,0.0,0.0,42.341,0.0,0.0,42.341,0.681,1.0,0.681,minimize_generator,full_grid,False,4072.452,0.0,5000,inf
2015-05-09,816.445,1023.224,1839.669,1149.59,14.44,1164.03,1164.03,0.0,0.0,0.0,675.639,0.0,0.0,0.0,0.0,0.0,200.0,0.2,1.0,0.0,0.0,47.628,0.0,0.0,47.628,0.633,1.0,0.633,minimize_generator,full_grid,False,4748.091,0.0,5000,inf
2015-05-10,814.765,1001.941,1816.706,1135.999,217.72,1353.719,1353.719,0.0,0.0,0.0,251.909,0.0,211.078,0.0,0.0,0.0,200.0,0.2,1.0,126.647,14.072,17.771,0.0,48.62,66.39,0.861,1.0,0.745,minimize_generator,full_grid,False,5000.0,0.0,5000,inf
2015-05-11,730.755,861.141,1591.896,1073.923,76.24,1150.163,1150.163,0.0,0.0,0.0,0.0,0.0,441.733,0.0,0.0,0.0,200.0,0.2,1.0,232.347,24.0,0.0,0.0,89.198,89.198,1.0,1.0,0.723,minimize_generator,full_grid,False,5000.0,0.0,5000,inf
2015-05-12,815.5,839.035,1654.535,1106.953,259.36,1366.313,1366.313,0.0,0.0,0.0,0.0,0.0,288.222,0.0,0.0,0.0,200.0,0.2,1.0,172.933,19.215,0.0,0.0,66.389,66.389,1.0,1.0,0.826,minimize_generator,full_grid,False,5000.0,0.0,5000,inf
2015-05-13,814.02,822.451,1636.471,1137.776,231.0,1368.776,1368.776,0.0,0.0,0.0,0.0,0.0,267.695,0.0,0.0,0.0,200.0,0.2,1.0,160.617,17.846,0.0,0.0,61.661,61.661,1.0,1.0,0.836,minimize_generator,full_grid,False,5000.0,0.0,5000,inf
2015-05-14,813.46,687.36,1500.82,1111.334,341.96,1453.294,1453.294,0.0,42.474,0.0,0.0,0.0,47.526,42.474,0.0,0.0,240.35,0.24,0.832,54.0,6.0,0.0,0.0,20.731,20.731,1.0,1.0,0.968,minimize_generator,full_grid,False,5000.0,0.0,5000,inf
2015-05-15,812.54,680.003,1492.543,1182.738,228.16,1410.898,1410.898,0.0,46.688,38.333,0.0,0.0,43.312,46.688,0.0,0.0,244.353,0.244,0.681,54.0,6.0,0.0,0.0,20.731,20.731,1.0,1.0,0.967,minimize_generator,full_grid,False,5000.0,0.0,5000,inf
2015-05-16,818.31,660.497,1478.807,1197.86,119.08,1316.94,1316.94,0.0,0.0,42.136,0.0,0.0,119.732,0.0,0.0,0.0,200.0,0.2,0.681,71.839,7.982,0.0,0.0,27.579,27.579,1.0,1.0,0.91,minimize_generator,full_grid,False,5000.0,0.0,5000,inf
2015-05-17,817.935,583.094,1401.029,1064.206,72.16,1136.366,1136.366,0.0,0.0,0.0,0.0,0.0,264.663,0.0,0.0,0.0,200.0,0.2,0.681,158.798,17.644,0.0,0.0,60.962,60.962,1.0,1.0,0.811,minimize_generator,full_grid,False,5000.0,0.0,5000,inf
2015-05-18,811.77,353.472,1165.242,664.49,18.36,682.85,682.85,0.0,0.0,0.0,0.0,0.0,482.392,0.0,0.0,0.0,200.0,0.2,0.681,240.478,24.0,0.0,0.0,92.32,92.32,1.0,1.0,0.586,minimize_generator,full_grid,False,5000.0,0.0,5000,inf
2015-05-19,816.445,475.857,1292.302,1131.699,45.56,1177.259,1177.259,0.0,0.0,0.0,0.0,0.0,115.043,0.0,0.0,0.0,200.0,0.2,0.681,69.026,7.67,0.0,0.0,26.499,26.499,1.0,1.0,0.911,minimize_generator,full_grid,False,5000.0,0.0,5000,inf
2015-05-20,811.595,304.128,1115.723,1185.359,194.92,1380.279,1115.723,264.556,264.556,0.0,0.0,0.0,0.0,0.0,0.0,0.0,451.328,0.451,0.859,0.0,0.0,0.0,0.0,0.0,0.0,1.0,1.0,1.0,minimize_generator,full_grid,False,5000.0,0.0,5000,inf
2015-05-21,810.475,357.479,1167.954,1179.714,494.48,1674.194,1167.954,506.24,367.023,0.0,0.0,139.217,0.0,0.0,0.0,0.0,800.0,0.8,0.92,0.0,0.0,0.0,0.0,0.0,0.0,1.0,0.917,1.0,minimize_generator,full_grid,False,5000.0,139.217,5000,inf
2015-05-22,813.46,296.915,1110.375,1183.886,415.88,1599.766,1110.375,489.391,0.0,0.0,0.0,489.391,0.0,0.0,0.0,0.0,800.0,0.8,0.92,0.0,0.0,0.0,0.0,0.0,0.0,1.0,0.694,1.0,minimize_generator,full_grid,False,5000.0,628.609,5000,inf
2015-05-23,889.835,181.762,1071.597,1112.935,350.36,1463.295,1071.597,391.698,0.0,0.0,0.0,391.698,0.0,0.0,0.0,0.0,800.0,0.8,0.92,0.0,0.0,0.0,0.0,0.0,0.0,1.0,0.732,1.0,minimize_generator,full_grid,False,5000.0,1020.307,5000,inf
2015-05-24,890.405,165.334,1055.739,1131.564,154.96,1286.524,1055.739,230.785,0.0,0.0,0.0,230.785,0.0,0.0,0.0,0.0,800.0,0.8,0.92,0.0,0.0,0.0,0.0,0.0,0.0,1.0,0.821,1.0,minimize_generator,full_grid,False,5000.0,1251.092,5000,inf
2015-05-25,818.495,144.985,963.48,1104.634,32.84,1137.474,963.48,173.994,0.0,0.0,0.0,173.994,0.0,0.0,0.0,0.0,800.0,0.8,0.92,0.0,0.0,0.0,0.0,0.0,0.0,1.0,0.847,1.0,minimize_generator,full_grid,False,5000.0,1425.086,5000,inf
2015-05-26,890.22,126.761,1016.981,1107.727,44.04,1151.767,1016.981,134.786,0.0,0.0,0.0,134.786,0.0,0.0,0.0,0.0,800.0,0.8,0.92,0.0,0.0,0.0,0.0,0.0,0.0,1.0,0.883,1.0,minimize_generator,full_grid,False,5000.0,1559.872,5000,inf
2015-05-27,889.66,107.645,997.305,1067.086,15.76,1082.846,997.305,85.541,0.0,0.0,0.0,85.541,0.0,0.0,0.0,0.0,800.0,0.8,0.92,0.0,0.0,0.0,0.0,0.0,0.0,1.0,0.921,1.0,minimize_generator,full_grid,False,5000.0,1645.413,5000,inf
2015-05-28,814.94,93.231,908.171,1063.317,99.68,1162.997,908.171,254.826,0.0,0.0,0.0,254.826,0.0,0.0,0.0,0.0,800.0,0.8,0.92,0.0,0.0,0.0,0.0,0.0,0.0,1.0,0.781,1.0,minimize_generator,full_grid,False,5000.0,1900.239,5000,inf
2015-05-29,889.835,70.278,960.113,1106.343,507.96,1614.303,960.113,654.19,0.0,0.0,0.0,654.19,0.0,0.0,0.0,0.0,800.0,0.8,0.92,0.0,0.0,0.0,0.0,0.0,0.0,1.0,0.595,1.0,minimize_generator,full_grid,False,5000.0,2554.429,5000,inf
2015-05-30,891.35,53.038,944.388,1193.436,414.48,1607.916,944.388,663.528,0.0,0.0,0.0,663.528,0.0,0.0,0.0,0.0,800.0,0.8,0.92,0.0,0.0,0.0,0.0,0.0,0.0,1.0,0.587,1.0,minimize_generator,full_grid,False,5000.0,3217.957,5000,inf
2015-05-31,891.525,34.712,926.237,1206.215,368.36,1574.575,926.237,648.338,0.0,0.0,0.0,648.338,0.0,0.0,0.0,0.0,800.0,0.8,0.92,0.0,0.0,0.0,0.0,0.0,0.0,1.0,0.588,1.0,minimize_generator,full_grid,False,5000.0,3866.295,5000,inf
2015-06-01,893.39,772.849,1666.239,1217.91,417.28,1635.19,1635.19,0.0,0.0,31.049,0.0,0.0,0.0,0.0,0.0,0.0,767.317,0.767,0.92,0.0,0.0,0.0,0.0,0.0,0.0,1.0,1.0,0.999,minimize_generator,full_grid,False,0.0,0.0,5000,inf
2015-06-02,891.7,803.205,1694.905,1176.322,163.16,1339.482,1339.482,0.0,0.0,355.423,0.0,0.0,0.0,0.0,0.0,0.0,393.187,0.393,0.92,0.0,0.0,0.0,0.0,0.0,0.0,1.0,1.0,0.983,minimize_generator,full_grid,False,0.0,0.0,5000,inf
2015-06-03,890.58,839.78,1730.36,1138.849,280.76,1419.609,1419.609,0.0,0.0,183.528,127.223,0.0,0.0,0.0,0.0,0.0,200.0,0.2,0.92,0.0,0.0,9.066,0.0,0.0,9.066,0.926,1.0,0.918,minimize_generator,full_grid,False,127.223,0.0,5000,inf
2015-06-04,893.565,818.066,1711.631,1172.208,475.16,1647.368,1647.368,0.0,0.0,0.0,64.263,0.0,0.0,0.0,0.0,0.0,200.0,0.2,0.92,0.0,0.0,4.584,0.0,0.0,4.584,0.962,1.0,0.962,minimize_generator,full_grid,False,191.486,0.0,5000,inf
2015-06-05,889.66,787.066,1676.726,1201.279,386.44,1587.719,1587.719,0.0,0.0,0.0,89.007,0.0,0.0,0.0,0.0,0.0,200.0,0.2,0.92,0.0,0.0,6.358,0.0,0.0,6.358,0.947,1.0,0.947,minimize_generator,full_grid,False,280.493,0.0,5000,inf
2015-06-06,816.07,713.366,1529.436,981.904,286.28,1268.184,1268.184,0.0,0.0,0.0,261.252,0.0,0.0,0.0,0.0,0.0,200.0,0.2,0.92,0.0,0.0,18.67,0.0,0.0,18.67,0.829,1.0,0.829,minimize_generator,full_grid,False,541.745,0.0,5000,inf
2015-06-07,818.88,818.555,1637.435,1089.58,289.04,1378.62,1378.62,0.0,0.0,0.0,258.815,0.0,0.0,0.0,0.0,0.0,200.0,0.2,0.92,0.0,0.0,18.402,0.0,0.0,18.402,0.842,1.0,0.842,minimize_generator,full_grid,False,800.559,0.0,5000,inf
2015-06-08,817.015,785.374,1602.389,1096.359,25.72,1122.079,1122.079,0.0,0.0,0.0,480.31,0.0,0.0,0.0,0.0,0.0,200.0,0.2,0.92,0.0,0.0,34.201,0.0,0.0,34.201,0.7,1.0,0.7,minimize_generator,full_grid,False,1280.87,0.0,5000,inf
2015-06-09,817.365,785.338,1602.703,1060.877,472.44,1533.317,1533.317,0.0,0.0,0.0,69.386,0.0,0.0,0.0,0.0,0.0,200.0,0.2,0.92,0.0,0.0,4.941,0.0,0.0,4.941,0.957,1.0,0.957,minimize_generator,full_grid,False,1350.256,0.0,5000,inf
2015-06-10,890.22,810.025,1700.245,1159.399,512.52,1671.919,1671.919,0.0,0.0,0.0,28.326,0.0,0.0,0.0,0.0,0.0,200.0,0.2,0.92,0.0,0.0,2.021,0.0,0.0,2.021,0.983,1.0,0.983,minimize_generator,full_grid,False,1378.582,0.0,5000,inf
2015-06-11,817.365,788.11,1605.475,1213.601,437.6,1651.201,1605.475,45.726,45.726,0.0,0.0,0.0,0.0,0.0,0.0,0.0,243.44,0.243,0.934,0.0,0.0,0.0,0.0,0.0,0.0,1.0,1.0,1.0,minimize_generator,full_grid,False,1378.582,0.0,5000,inf
2015-06-12,890.045,773.489,1663.534,1211.047,421.48,1632.527,1632.527,0.0,0.0,31.007,0.0,0.0,0.0,0.0,0.0,0.0,210.8,0.211,0.934,0.0,0.0,0.0,0.0,0.0,0.0,1.0,1.0,0.999,minimize_generator,full_grid,False,1378.582,0.0,5000,inf
2015-06-13,813.635,686.579,1500.214,1212.314,454.52,1666.834,1500.214,166.62,166.62,0.0,0.0,0.0,0.0,0.0,0.0,0.0,369.089,0.369,0.963,0.0,0.0,0.0,0.0,0.0,0.0,1.0,1.0,1.0,minimize_generator,full_grid,False,1378.582,0.0,5000,inf
2015-06-14,892.27,677.735,1570.005,1213.153,438.24,1651.393,1570.005,81.388,81.388,0.0,0.0,0.0,0.0,0.0,0.0,0.0,446.407,0.446,0.969,0.0,0.0,0.0,0.0,0.0,0.0,1.0,1.0,1.0,minimize_generator,full_grid,False,1378.582,0.0,5000,inf
2015-06-15,891.7,683.542,1575.242,1227.721,348.72,1576.441,1575.242,1.199,1.199,0.0,0.0,0.0,0.0,0.0,0.0,0.0,447.546,0.448,0.969,0.0,0.0,0.0,0.0,0.0,0.0,1.0,1.0,1.0,minimize_generator,full_grid,False,1378.582,0.0,5000,inf
2015-06-16,818.135,678.814,1496.949,1208.589,357.0,1565.589,1496.949,68.64,68.64,0.0,0.0,0.0,0.0,0.0,0.0,0.0,512.754,0.513,0.973,0.0,0.0,0.0,0.0,0.0,0.0,1.0,1.0,1.0,minimize_generator,full_grid,False,1378.582,0.0,5000,inf
2015-06-17,894.31,680.317,1574.627,1205.15,301.72,1506.87,1506.87,0.0,0.0,67.757,0.0,0.0,0.0,0.0,0.0,0.0,441.431,0.441,0.973,0.0,0.0,0.0,0.0,0.0,0.0,1.0,1.0,0.999,minimize_generator,full_grid,False,1378.582,0.0,5000,inf
2015-06-18,895.64,620.395,1516.035,1217.428,183.64,1401.068,1401.068,0.0,0.0,114.967,0.0,0.0,0.0,0.0,0.0,0.0,320.413,0.32,0.973,0.0,0.0,0.0,0.0,0.0,0.0,1.0,1.0,0.998,minimize_generator,full_grid,False,1378.582,0.0,5000,inf
2015-06-19,815.71,576.94,1392.65,1163.804,183.64,1347.444,1347.444,0.0,0.0,45.206,0.0,0.0,0.0,0.0,0.0,0.0,272.828,0.273,0.973,0.0,0.0,0.0,0.0,0.0,0.0,1.0,1.0,0.999,minimize_generator,full_grid,False,1378.582,0.0,5000,inf
2015-06-20,818.88,541.104,1359.984,1189.247,399.28,1588.527,1359.984,228.543,228.543,0.0,0.0,0.0,0.0,0.0,0.0,0.0,489.944,0.49,0.985,0.0,0.0,0.0,0.0,0.0,0.0,1.0,1.0,1.0,minimize_generator,full_grid,False,1378.582,0.0,5000,inf
2015-06-21,889.66,504.506,1394.166,1216.318,402.96,1619.278,1394.166,225.112,225.112,0.0,0.0,0.0,0.0,0.0,0.0,0.0,703.8,0.704,0.99,0.0,0.0,0.0,0.0,0.0,0.0,1.0,1.0,1.0,minimize_generator,full_grid,False,1378.582,0.0,5000,inf
2015-06-22,818.495,535.789,1354.284,1209.178,402.2,1611.378,1354.284,257.094,101.263,0.0,0.0,155.831,0.0,0.0,0.0,0.0,800.0,0.8,0.991,0.0,0.0,0.0,0.0,0.0,0.0,1.0,0.903,1.0,minimize_generator,full_grid,False,1378.582,155.831,5000,inf
2015-06-23,895.815,506.137,1401.952,1223.834,432.32,1656.154,1401.952,254.202,0.0,0.0,0.0,254.202,0.0,0.0,0.0,0.0,800.0,0.8,0.991,0.0,0.0,0.0,0.0,0.0,0.0,1.0,0.847,1.0,minimize_generator,full_grid,False,1378.582,410.033,5000,inf
2015-06-24,892.27,444.949,1337.219,1226.726,453.32,1680.046,1337.219,342.827,0.0,0.0,0.0,342.827,0.0,0.0,0.0,0.0,800.0,0.8,0.991,0.0,0.0,0.0,0.0,0.0,0.0,1.0,0.796,1.0,minimize_generator,full_grid,False,1378.582,752.86,5000,inf
2015-06-25,892.085,409.175,1301.26,1220.42,418.68,1639.1,1301.26,337.84,0.0,0.0,0.0,337.84,0.0,0.0,0.0,0.0,800.0,0.8,0.991,0.0,0.0,0.0,0.0,0.0,0.0,1.0,0.794,1.0,minimize_generator,full_grid,False,1378.582,1090.7,5000,inf
2015-06-26,815.15,418.251,1233.401,1207.881,391.0,1598.881,1233.401,365.48,0.0,0.0,0.0,365.48,0.0,0.0,0.0,0.0,800.0,0.8,0.991,0.0,0.0,0.0,0.0,0.0,0.0,1.0,0.771,1.0,minimize_generator,full_grid,False,1378.582,1456.18,5000,inf
2015-06-27,895.64,377.199,1272.839,1141.775,46.6,1188.375,1188.375,0.0,0.0,84.464,0.0,0.0,0.0,0.0,0.0,0.0,711.09,0.711,0.991,0.0,0.0,0.0,0.0,0.0,0.0,1.0,1.0,0.999,minimize_generator,full_grid,False,1378.582,1456.18,5000,inf
2015-06-28,818.135,343.542,1161.677,1002.811,269.64,1272.451,1161.677,110.774,93.589,0.0,0.0,17.185,0.0,0.0,0.0,0.0,800.0,0.8,0.992,0.0,0.0,0.0,0.0,0.0,0.0,1.0,0.986,1.0,minimize_generator,full_grid,False,1378.582,1473.365,5000,inf
2015-06-29,893.775,54.673,948.448,1163.919,228.16,1392.079,948.448,443.631,0.0,0.0,0.0,443.631,0.0,0.0,0.0,0.0,800.0,0.8,0.992,0.0,0.0,0.0,0.0,0.0,0.0,1.0,0.681,1.0,minimize_generator,full_grid,False,1378.582,1916.996,5000,inf
2015-06-30,894.51,36.63,931.14,1164.548,390.24,1554.788,931.14,623.648,0.0,0.0,0.0,623.648,0.0,0.0,0.0,0.0,800.0,0.8,0.992,0.0,0.0,0.0,0.0,0.0,0.0,1.0,0.599,1.0,minimize_generator,full_grid,False,1378.582,2540.644,5000,inf
2015-07-01,898.81,36.429,935.239,1173.997,357.8,1531.797,935.239,596.558,0.0,0.0,0.0,596.558,0.0,0.0,0.0,0.0,800.0,0.8,0.992,0.0,0.0,0.0,0.0,0.0,0.0,1.0,0.611,1.0,minimize_generator,full_grid,False,0.0,596.558,5000,inf
2015-07-02,818.31,37.001,855.311,1127.524,368.36,1495.884,855.311,640.573,0.0,0.0,0.0,640.573,0.0,0.0,0.0,0.0,800.0,0.8,0.992,0.0,0.0,0.0,0.0,0.0,0.0,1.0,0.572,1.0,minimize_generator,full_grid,False,0.0,1237.131,5000,inf
2015-07-03,811.98,38.425,850.405,1175.006,293.6,1468.606,850.405,618.201,0.0,0.0,0.0,618.201,0.0,0.0,0.0,0.0,800.0,0.8,0.992,0.0,0.0,0.0,0.0,0.0,0.0,1.0,0.579,1.0,minimize_generator,full_grid,False,0.0,1855.332,5000,inf
2015-07-04,894.51,38.565,933.075,1162.328,264.96,1427.288,933.075,494.213,0.0,0.0,0.0,494.213,0.0,0.0,0.0,0.0,800.0,0.8,0.992,0.0,0.0,0.0,0.0,0.0,0.0,1.0,0.654,1.0,minimize_generator,full_grid,False,0.0,2349.545,5000,inf
2015-07-05,900.675,39.116,939.791,1117.675,276.16,1393.835,939.791,454.044,0.0,0.0,0.0,454.044,0.0,0.0,0.0,0.0,800.0,0.8,0.992,0.0,0.0,0.0,0.0,0.0,0.0,1.0,0.674,1.0,minimize_generator,full_grid,False,0.0,2803.589,5000,inf
2015-07-06,898.6,39.071,937.671,1124.599,419.4,1543.999,937.671,606.328,0.0,0.0,0.0,606.328,0.0,0.0,0.0,0.0,800.0,0.8,0.992,0.0,0.0,0.0,0.0,0.0,0.0,1.0,0.607,1.0,minimize_generator,full_grid,False,0.0,3409.917,5000,inf
2015-07-07,894.87,39.261,934.131,1181.148,470.24,1651.388,934.131,717.257,0.0,0.0,0.0,717.257,0.0,0.0,0.0,0.0,800.0,0.8,0.992,0.0,0.0,0.0,0.0,0.0,0.0,1.0,0.566,1.0,minimize_generator,full_grid,False,0.0,4127.174,5000,inf
2015-07-08,892.27,39.719,931.989,1186.972,370.76,1557.732,931.989,625.743,0.0,0.0,0.0,625.743,0.0,0.0,0.0,0.0,800.0,0.8,0.992,0.0,0.0,0.0,0.0,0.0,0.0,1.0,0.598,1.0,minimize_generator,full_grid,False,0.0,4752.917,5000,inf
2015-07-09,897.12,39.303,936.423,1179.48,325.64,1505.12,936.423,568.697,0.0,0.0,0.0,568.697,0.0,0.0,0.0,0.0,800.0,0.8,0.992,0.0,0.0,0.0,0.0,0.0,0.0,1.0,0.622,1.0,minimize_generator,full_grid,False,0.0,5321.614,5000,inf
2015-07-10,890.58,37.898,928.478,1169.259,422.84,1592.099,928.478,663.621,0.0,0.0,0.0,663.621,0.0,0.0,0.0,0.0,800.0,0.8,0.992,0.0,0.0,0.0,0.0,0.0,0.0,1.0,0.583,1.0,minimize_generator,full_grid,False,0.0,5985.235,5000,inf
2015-07-11,896.0,35.915,931.915,1146.363,410.2,1556.563,931.915,624.648,0.0,0.0,0.0,624.648,0.0,0.0,0.0,0.0,800.0,0.8,0.992,0.0,0.0,0.0,0.0,0.0,0.0,1.0,0.599,1.0,minimize_generator,full_grid,False,0.0,6609.883,5000,inf
2015-07-12,896.175,34.842,931.017,1183.294,365.96,1549.254,931.017,618.237,0.0,0.0,0.0,618.237,0.0,0.0,0.0,0.0,800.0,0.8,0.992,0.0,0.0,0.0,0.0,0.0,0.0,1.0,0.601,1.0,minimize_generator,full_grid,False,0.0,7228.12,5000,inf
2015-07-13,898.24,34.745,932.985,1156.303,338.56,1494.863,932.985,561.878,0.0,0.0,0.0,561.878,0.0,0.0,0.0,0.0,800.0,0.8,0.992,0.0,0.0,0.0,0.0,0.0,0.0,1.0,0.624,1.0,minimize_generator,full_grid,False,0.0,7789.998,5000,inf
2015-07-14,904.58,35.295,939.875,1133.836,158.6,1292.436,939.875,352.561,0.0,0.0,0.0,352.561,0.0,0.0,0.0,0.0,800.0,0.8,0.992,0.0,0.0,0.0,0.0,0.0,0.0,1.0,0.727,1.0,minimize_generator,full_grid,False,0.0,8142.559,5000,inf
2015-07-15,895.815,36.674,932.489,1150.831,146.84,1297.671,932.489,365.182,0.0,0.0,0.0,365.182,0.0,0.0,0.0,0.0,800.0,0.8,0.992,0.0,0.0,0.0,0.0,0.0,0.0,1.0,0.719,1.0,minimize_generator,full_grid,False,0.0,8507.741,5000,inf
2015-07-16,892.445,38.636,931.081,1141.923,69.52,1211.443,931.081,280.362,0.0,0.0,0.0,280.362,0.0,0.0,0.0,0.0,800.0,0.8,0.992,0.0,0.0,0.0,0.0,0.0,0.0,1.0,0.769,1.0,minimize_generator,full_grid,False,0.0,8788.103,5000,inf
2015-07-17,894.31,40.128,934.438,1139.237,186.44,1325.677,934.438,391.239,0.0,0.0,0.0,391.239,0.0,0.0,0.0,0.0,800.0,0.8,0.992,0.0,0.0,0.0,0.0,0.0,0.0,1.0,0.705,1.0,minimize_generator,full_grid,False,0.0,9179.342,5000,inf
2015-07-18,817.19,17.02,834.21,1148.408,268.72,1417.128,834.21,582.918,0.0,0.0,0.0,582.918,0.0,0.0,0.0,0.0,800.0,0.8,0.992,0.0,0.0,0.0,0.0,0.0,0.0,1.0,0.589,1.0,minimize_generator,full_grid,False,0.0,9762.261,5000,inf
2015-07-19,891.7,14.09,905.79,1174.462,333.44,1507.902,905.79,602.112,0.0,0.0,0.0,602.112,0.0,0.0,0.0,0.0,800.0,0.8,0.992,0.0,0.0,0.0,0.0,0.0,0.0,1.0,0.601,1.0,minimize_generator,full_grid,False,0.0,10364.372,5000,inf
2015-07-20,892.83,14.327,907.157,1167.952,344.52,1512.472,907.157,605.315,0.0,0.0,0.0,605.315,0.0,0.0,0.0,0.0,800.0,0.8,0.992,0.0,0.0,0.0,0.0,0.0,0.0,1.0,0.6,1.0,minimize_generator,full_grid,False,0.0,10969.688,5000,inf
2015-07-21,892.27,13.258,905.528,1156.715,229.12,1385.835,905.528,480.307,0.0,0.0,0.0,480.307,0.0,0.0,0.0,0.0,800.0,0.8,0.992,0.0,0.0,0.0,0.0,0.0,0.0,1.0,0.653,1.0,minimize_generator,full_grid,False,0.0,11449.995,5000,inf
2015-07-22,894.87,13.067,907.937,1142.47,229.12,1371.59,907.937,463.653,0.0,0.0,0.0,463.653,0.0,0.0,0.0,0.0,800.0,0.8,0.992,0.0,0.0,0.0,0.0,0.0,0.0,1.0,0.662,1.0,minimize_generator,full_grid,False,0.0,11913.647,5000,inf
2015-07-23,891.14,12.331,903.471,1136.546,107.6,1244.146,903.471,340.675,0.0,0.0,0.0,340.675,0.0,0.0,0.0,0.0,800.0,0.8,0.992,0.0,0.0,0.0,0.0,0.0,0.0,1.0,0.726,1.0,minimize_generator,full_grid,False,0.0,12254.322,5000,inf
2015-07-24,898.425,11.69,910.115,1122.921,25.72,1148.641,910.115,238.526,0.0,0.0,0.0,238.526,0.0,0.0,0.0,0.0,800.0,0.8,0.992,0.0,0.0,0.0,0.0,0.0,0.0,1.0,0.792,1.0,minimize_generator,full_grid,False,0.0,12492.848,5000,inf
2015-07-25,894.135,12.711,906.846,1098.906,134.44,1233.346,906.846,326.5,0.0,0.0,0.0,326.5,0.0,0.0,0.0,0.0,800.0,0.8,0.992,0.0,0.0,0.0,0.0,0.0,0.0,1.0,0.735,1.0,minimize_generator,full_grid,False,0.0,12819.348,5000,inf
2015-07-26,894.135,13.352,907.487,1103.662,352.88,1456.542,907.487,549.055,0.0,0.0,0.0,549.055,0.0,0.0,0.0,0.0,800.0,0.8,0.992,0.0,0.0,0.0,0.0,0.0,0.0,1.0,0.623,1.0,minimize_generator,full_grid,False,0.0,13368.403,5000,inf
2015-07-27,892.83,12.95,905.78,1077.605,421.48,1499.085,905.78,593.305,0.0,0.0,0.0,593.305,0.0,0.0,0.0,0.0,800.0,0.8,0.992,0.0,0.0,0.0,0.0,0.0,0.0,1.0,0.604,1.0,minimize_generator,full_grid,False,0.0,13961.708,5000,inf
2015-07-28,894.51,12.782,907.292,1151.26,249.96,1401.22,907.292,493.928,0.0,0.0,0.0,493.928,0.0,0.0,0.0,0.0,800.0,0.8,0.992,0.0,0.0,0.0,0.0,0.0,0.0,1.0,0.648,1.0,minimize_generator,full_grid,False,0.0,14455.635,5000,inf
2015-07-29,896.945,10.407,907.352,1060.061,22.88,1082.941,907.352,175.589,0.0,0.0,0.0,175.589,0.0,0.0,0.0,0.0,800.0,0.8,0.992,0.0,0.0,0.0,0.0,0.0,0.0,1.0,0.838,1.0,minimize_generator,full_grid,False,0.0,14631.224,5000,inf
2015-07-30,890.58,10.977,901.557,1081.179,62.56,1143.739,901.557,242.182,0.0,0.0,0.0,242.182,0.0,0.0,0.0,0.0,800.0,0.8,0.992,0.0,0.0,0.0,0.0,0.0,0.0,1.0,0.788,1.0,minimize_generator,full_grid,False,0.0,14873.406,5000,inf
2015-07-31,891.35,11.168,902.518,1067.534,130.12,1197.654,902.518,295.136,0.0,0.0,0.0,295.136,0.0,0.0,0.0,0.0,800.0,0.8,0.992,0.0,0.0,0.0,0.0,0.0,0.0,1.0,0.754,1.0,minimize_generator,full_grid,False,0.0,15168.542,5000,inf
2015-08-01,892.445,10.849,903.294,1052.854,119.08,1171.934,903.294,268.64,0.0,0.0,0.0,268.64,0.0,0.0,0.0,0.0,800.0,0.8,0.992,0.0,0.0,0.0,0.0,0.0,0.0,1.0,0.771,1.0,minimize_generator,full_grid,False,0.0,268.64,5000,inf
2015-08-02,817.935,9.556,827.491,1012.215,30.36,1042.575,827.491,215.084,0.0,0.0,0.0,215.084,0.0,0.0,0.0,0.0,800.0,0.8,0.992,0.0,0.0,0.0,0.0,0.0,0.0,1.0,0.794,1.0,minimize_generator,full_grid,False,0.0,483.723,5000,inf
2015-08-03,890.405,10.804,901.209,1001.674,174.28,1175.954,901.209,274.745,0.0,0.0,0.0,274.745,0.0,0.0,0.0,0.0,800.0,0.8,0.992,0.0,0.0,0.0,0.0,0.0,0.0,1.0,0.766,1.0,minimize_generator,full_grid,False,0.0,758.468,5000,inf
2015-08-04,891.7,10.203,901.903,904.492,331.72,1236.212,901.903,334.309,0.0,0.0,0.0,334.309,0.0,0.0,0.0,0.0,800.0,0.8,0.992,0.0,0.0,0.0,0.0,0.0,0.0,1.0,0.73,1.0,minimize_generator,full_grid,False,0.0,1092.777,5000,inf
2015-08-05,896.56,10.458,907.018,974.413,410.2,1384.613,907.018,477.595,0.0,0.0,0.0,477.595,0.0,0.0,0.0,0.0,800.0,0.8,0.992,0.0,0.0,0.0,0.0,0.0,0.0,1.0,0.655,1.0,minimize_generator,full_grid,False,0.0,1570.372,5000,inf
2015-08-06,894.135,11.244,905.379,1070.19,419.4,1489.59,905.379,584.211,0.0,0.0,0.0,584.211,0.0,0.0,0.0,0.0,800.0,0.8,0.992,0.0,0.0,0.0,0.0,0.0,0.0,1.0,0.608,1.0,minimize_generator,full_grid,False,0.0,2154.583,5000,inf
2015-08-07,893.775,10.481,904.256,1064.814,134.44,1199.254,904.256,294.998,0.0,0.0,0.0,294.998,0.0,0.0,0.0,0.0,800.0,0.8,0.992,0.0,0.0,0.0,0.0,0.0,0.0,1.0,0.754,1.0,minimize_generator,full_grid,False,0.0,2449.581,5000,inf
2015-08-08,896.175,10.319,906.494,1054.046,184.56,1238.606,906.494,332.112,0.0,0.0,0.0,332.112,0.0,0.0,0.0,0.0,800.0,0.8,0.992,0.0,0.0,0.0,0.0,0.0,0.0,1.0,0.732,1.0,minimize_generator,full_grid,False,0.0,2781.693,5000,inf
2015-08-09,892.27,10.572,902.842,1041.085,278.0,1319.085,902.842,416.243,0.0,0.0,0.0,416.243,0.0,0.0,0.0,0.0,800.0,0.8,0.992,0.0,0.0,0.0,0.0,0.0,0.0,1.0,0.684,1.0,minimize_generator,full_grid,False,0.0,3197.935,5000,inf
2015-08-10,894.135,11.266,905.401,1057.705,324.8,1382.505,905.401,477.104,0.0,0.0,0.0,477.104,0.0,0.0,0.0,0.0,800.0,0.8,0.992,0.0,0.0,0.0,0.0,0.0,0.0,1.0,0.655,1.0,minimize_generator,full_grid,False,0.0,3675.039,5000,inf
2015-08-11,892.27,9.972,902.242,1054.669,238.6,1293.269,902.242,391.027,0.0,0.0,0.0,391.027,0.0,0.0,0.0,0.0,800.0,0.8,0.992,0.0,0.0,0.0,0.0,0.0,0.0,1.0,0.698,1.0,minimize_generator,full_grid,False,0.0,4066.066,5000,inf
2015-08-12,893.39,8.848,902.238,1038.567,260.32,1298.887,902.238,396.649,0.0,0.0,0.0,396.649,0.0,0.0,0.0,0.0,800.0,0.8,0.992,0.0,0.0,0.0,0.0,0.0,0.0,1.0,0.695,1.0,minimize_generator,full_grid,False,0.0,4462.715,5000,inf
2015-08-13,890.045,0.608,890.653,1084.454,262.16,1346.614,890.653,455.961,0.0,0.0,0.0,455.961,0.0,0.0,0.0,0.0,800.0,0.8,0.992,0.0,0.0,0.0,0.0,0.0,0.0,1.0,0.661,1.0,minimize_generator,full_grid,False,0.0,4918.676,5000,inf
2015-08-14,812.54,0.0,812.54,1085.78,276.16,1361.94,812.54,549.4,0.0,0.0,0.0,549.4,0.0,0.0,0.0,0.0,800.0,0.8,0.992,0.0,0.0,0.0,0.0,0.0,0.0,1.0,0.597,1.0,minimize_generator,full_grid,False,0.0,5468.076,5000,inf
2015-08-15,891.525,0.0,891.525,1067.634,221.52,1289.154,891.525,397.629,0.0,0.0,0.0,397.629,0.0,0.0,0.0,0.0,800.0,0.8,0.992,0.0,0.0,0.0,0.0,0.0,0.0,1.0,0.692,1.0,minimize_generator,full_grid,False,0.0,5865.705,5000,inf
2015-08-16,897.12,0.0,897.12,1041.705,184.56,1226.265,897.12,329.145,0.0,0.0,0.0,329.145,0.0,0.0,0.0,0.0,800.0,0.8,0.992,0.0,0.0,0.0,0.0,0.0,0.0,1.0,0.732,1.0,minimize_generator,full_grid,False,0.0,6194.85,5000,inf
2015-08-17,895.08,0.0,895.08,1014.909,216.76,1231.669,895.08,336.589,0.0,0.0,0.0,336.589,0.0,0.0,0.0,0.0,800.0,0.8,0.992,0.0,0.0,0.0,0.0,0.0,0.0,1.0,0.727,1.0,minimize_generator,full_grid,False,0.0,6531.439,5000,inf
2015-08-18,895.08,0.0,895.08,1012.386,163.16,1175.546,895.08,280.466,0.0,0.0,0.0,280.466,0.0,0.0,0.0,0.0,800.0,0.8,0.992,0.0,0.0,0.0,0.0,0.0,0.0,1.0,0.761,1.0,minimize_generator,full_grid,False,0.0,6811.905,5000,inf
2015-08-19,896.0,0.0,896.0,1002.391,316.0,1318.391,896.0,422.391,0.0,0.0,0.0,422.391,0.0,0.0,0.0,0.0,800.0,0.8,0.992,0.0,0.0,0.0,0.0,0.0,0.0,1.0,0.68,1.0,minimize_generator,full_grid,False,0.0,7234.296,5000,inf
2015-08-20,891.525,0.0,891.525,995.783,410.2,1405.983,891.525,514.458,0.0,0.0,0.0,514.458,0.0,0.0,0.0,0.0,800.0,0.8,0.992,0.0,0.0,0.0,0.0,0.0,0.0,1.0,0.634,1.0,minimize_generator,full_grid,False,0.0,7748.755,5000,inf
2015-08-21,891.7,0.0,891.7,1006.861,461.08,1467.941,891.7,576.241,0.0,0.0,0.0,576.241,0.0,0.0,0.0,0.0,800.0,0.8,0.992,0.0,0.0,0.0,0.0,0.0,0.0,1.0,0.607,1.0,minimize_generator,full_grid,False,0.0,8324.996,5000,inf
2015-08-22,817.935,0.0,817.935,1020.328,446.52,1466.848,817.935,648.913,0.0,0.0,0.0,648.913,0.0,0.0,0.0,0.0,800.0,0.8,0.992,0.0,0.0,0.0,0.0,0.0,0.0,1.0,0.558,1.0,minimize_generator,full_grid,False,0.0,8973.909,5000,inf
2015-08-23,818.88,0.0,818.88,1008.431,383.36,1391.791,818.88,572.911,0.0,0.0,0.0,572.911,0.0,0.0,0.0,0.0,800.0,0.8,0.992,0.0,0.0,0.0,0.0,0.0,0.0,1.0,0.588,1.0,minimize_generator,full_grid,False,0.0,9546.82,5000,inf
2015-08-24,892.645,0.0,892.645,1013.553,464.56,1478.113,892.645,585.468,0.0,0.0,0.0,585.468,0.0,0.0,0.0,0.0,800.0,0.8,0.992,0.0,0.0,0.0,0.0,0.0,0.0,1.0,0.604,1.0,minimize_generator,full_grid,False,0.0,10132.288,5000,inf
2015-08-25,894.695,0.0,894.695,1035.264,481.04,1516.304,894.695,621.609,0.0,0.0,0.0,621.609,0.0,0.0,0.0,0.0,800.0,0.8,0.992,0.0,0.0,0.0,0.0,0.0,0.0,1.0,0.59,1.0,minimize_generator,full_grid,False,0.0,10753.896,5000,inf
2015-08-26,818.88,0.0,818.88,1009.383,373.16,1382.543,818.88,563.663,0.0,0.0,0.0,563.663,0.0,0.0,0.0,0.0,800.0,0.8,0.992,0.0,0.0,0.0,0.0,0.0,0.0,1.0,0.592,1.0,minimize_generator,full_grid,False,0.0,11317.56,5000,inf
2015-08-27,817.575,0.0,817.575,882.11,268.72,1150.83,817.575,333.255,0.0,0.0,0.0,333.255,0.0,0.0,0.0,0.0,800.0,0.8,0.992,0.0,0.0,0.0,0.0,0.0,0.0,1.0,0.71,1.0,minimize_generator,full_grid,False,0.0,11650.814,5000,inf
2015-08-28,889.66,0.0,889.66,992.63,278.92,1271.55,889.66,381.89,0.0,0.0,0.0,381.89,0.0,0.0,0.0,0.0,800.0,0.8,0.992,0.0,0.0,0.0,0.0,0.0,0.0,1.0,0.7,1.0,minimize_generator,full_grid,False,0.0,12032.704,5000,inf
2015-08-29,891.525,0.0,891.525,989.899,350.36,1340.259,891.525,448.734,0.0,0.0,0.0,448.734,0.0,0.0,0.0,0.0,800.0,0.8,0.992,0.0,0.0,0.0,0.0,0.0,0.0,1.0,0.665,1.0,minimize_generator,full_grid,False,0.0,12481.438,5000,inf
2015-08-30,813.075,0.0,813.075,1039.3,467.4,1506.7,813.075,693.625,0.0,0.0,0.0,693.625,0.0,0.0,0.0,0.0,800.0,0.8,0.992,0.0,0.0,0.0,0.0,0.0,0.0,1.0,0.54,1.0,minimize_generator,full_grid,False,0.0,13175.063,5000,inf
2015-08-31,809.73,0.0,809.73,1067.705,341.96,1409.665,809.73,599.935,0.0,0.0,0.0,599.935,0.0,0.0,0.0,0.0,800.0,0.8,0.992,0.0,0.0,0.0,0.0,0.0,0.0,1.0,0.574,1.0,minimize_generator,full_grid,False,0.0,13774.999,5000,inf
2015-09-01,816.07,392.306,1208.376,1042.154,288.12,1330.274,1208.376,121.898,0.0,0.0,0.0,121.898,0.0,0.0,0.0,0.0,800.0,0.8,0.992,0.0,0.0,0.0,0.0,0.0,0.0,1.0,0.908,1.0,minimize_generator,full_grid,False,0.0,121.898,5000,inf
2015-09-02,813.285,369.359,1182.644,1024.733,315.12,1339.853,1182.644,157.209,0.0,0.0,0.0,157.209,0.0,0.0,0.0,0.0,800.0,0.8,0.992,0.0,0.0,0.0,0.0,0.0,0.0,1.0,0.883,1.0,minimize_generator,full_grid,False,0.0,279.107,5000,inf
2015-09-03,815.71,399.455,1215.165,993.677,365.16,1358.837,1215.165,143.672,0.0,0.0,0.0,143.672,0.0,0.0,0.0,0.0,800.0,0.8,0.992,0.0,0.0,0.0,0.0,0.0,0.0,1.0,0.894,1.0,minimize_generator,full_grid,False,0.0,422.78,5000,inf
2015-09-04,816.805,386.686,1203.491,966.987,363.52,1330.507,1203.491,127.016,0.0,0.0,0.0,127.016,0.0,0.0,0.0,0.0,800.0,0.8,0.992,0.0,0.0,0.0,0.0,0.0,0.0,1.0,0.905,1.0,minimize_generator,full_grid,False,0.0,549.796,5000,inf
2015-09-05,815.5,368.447,1183.947,1001.679,385.68,1387.359,1183.947,203.412,0.0,0.0,0.0,203.412,0.0,0.0,0.0,0.0,800.0,0.8,0.992,0.0,0.0,0.0,0.0,0.0,0.0,1.0,0.853,1.0,minimize_generator,full_grid,False,0.0,753.208,5000,inf
2015-09-06,892.83,357.503,1250.333,1012.051,336.0,1348.051,1250.333,97.718,0.0,0.0,0.0,97.718,0.0,0.0,0.0,0.0,800.0,0.8,0.992,0.0,0.0,0.0,0.0,0.0,0.0,1.0,0.928,1.0,minimize_generator,full_grid,False,0.0,850.926,5000,inf
2015-09-07,817.935,362.974,1180.909,1022.33,262.16,1284.49,1180.909,103.581,0.0,0.0,0.0,103.581,0.0,0.0,0.0,0.0,800.0,0.8,0.992,0.0,0.0,0.0,0.0,0.0,0.0,1.0,0.919,1.0,minimize_generator,full_grid,False,0.0,954.506,5000,inf
2015-09-08,817.575,300.047,1117.622,819.27,54.8,874.07,874.07,0.0,0.0,243.552,0.0,0.0,0.0,0.0,0.0,0.0,543.63,0.544,0.992,0.0,0.0,0.0,0.0,0.0,0.0,1.0,1.0,0.998,minimize_generator,full_grid,False,0.0,954.506,5000,inf
2015-09-09,818.495,252.623,1071.118,642.158,13.92,656.078,656.078,0.0,0.0,326.448,88.592,0.0,0.0,0.0,0.0,0.0,200.0,0.2,0.992,0.0,0.0,6.372,0.0,0.0,6.372,0.917,1.0,0.915,minimize_generator,full_grid,False,88.592,954.506,5000,inf
2015-09-10,811.595,269.039,1080.634,755.935,14.72,770.655,770.655,0.0,0.0,0.0,309.979,0.0,0.0,0.0,0.0,0.0,200.0,0.2,0.992,0.0,0.0,22.252,0.0,0.0,22.252,0.713,1.0,0.713,minimize_generator,full_grid,False,398.57,954.506,5000,inf
2015-09-11,890.045,295.487,1185.532,801.576,39.6,841.176,841.176,0.0,0.0,0.0,344.356,0.0,0.0,0.0,0.0,0.0,200.0,0.2,0.992,0.0,0.0,24.719,0.0,0.0,24.719,0.71,1.0,0.71,minimize_generator,full_grid,False,742.926,954.506,5000,inf
2015-09-12,815.15,302.728,1117.878,687.227,45.04,732.267,732.267,0.0,0.0,0.0,385.611,0.0,0.0,0.0,0.0,0.0,200.0,0.2,0.992,0.0,0.0,27.593,0.0,0.0,27.593,0.655,1.0,0.655,minimize_generator,full_grid,False,1128.537,954.506,5000,inf
2015-09-13,817.575,323.78,1141.355,750.406,64.4,814.806,814.806,0.0,0.0,0.0,326.549,0.0,0.0,0.0,0.0,0.0,200.0,0.2,0.992,0.0,0.0,23.323,0.0,0.0,23.323,0.714,1.0,0.714,minimize_generator,full_grid,False,1455.086,954.506,5000,inf
2015-09-14,810.85,325.784,1136.634,800.365,112.44,912.805,912.805,0.0,0.0,0.0,223.829,0.0,0.0,0.0,0.0,0.0,200.0,0.2,0.992,0.0,0.0,15.979,0.0,0.0,15.979,0.803,1.0,0.803,minimize_generator,full_grid,False,1678.915,954.506,5000,inf
2015-09-15,737.855,337.63,1075.485,811.402,137.96,949.362,949.362,0.0,0.0,0.0,126.123,0.0,0.0,0.0,0.0,0.0,200.0,0.2,0.992,0.0,0.0,8.968,0.0,0.0,8.968,0.883,1.0,0.883,minimize_generator,full_grid,False,1805.037,954.506,5000,inf
2015-09-16,817.365,366.617,1183.982,868.102,344.52,1212.622,1183.982,28.64,28.64,0.0,0.0,0.0,0.0,0.0,0.0,0.0,227.208,0.227,0.993,0.0,0.0,0.0,0.0,0.0,0.0,1.0,1.0,1.0,minimize_generator,full_grid,False,1805.037,954.506,5000,inf
2015-09-17,815.325,372.609,1187.934,916.57,170.56,1087.13,1087.13,0.0,0.0,25.848,74.956,0.0,0.0,0.0,0.0,0.0,200.0,0.2,0.993,0.0,0.0,5.33,0.0,0.0,5.33,0.937,1.0,0.937,minimize_generator,full_grid,False,1879.993,954.506,5000,inf
2015-09-18,810.29,331.628,1141.918,895.307,87.56,982.867,982.867,0.0,0.0,0.0,159.051,0.0,0.0,0.0,0.0,0.0,200.0,0.2,0.993,0.0,0.0,11.348,0.0,0.0,11.348,0.861,1.0,0.861,minimize_generator,full_grid,False,2039.045,954.506,5000,inf
2015-09-19,810.115,330.625,1140.74,775.439,124.96,900.399,900.399,0.0,0.0,0.0,240.341,0.0,0.0,0.0,0.0,0.0,200.0,0.2,0.993,0.0,0.0,17.15,0.0,0.0,17.15,0.789,1.0,0.789,minimize_generator,full_grid,False,2279.386,954.506,5000,inf
2015-09-20,817.365,313.109,1130.474,660.544,206.32,866.864,866.864,0.0,0.0,0.0,263.61,0.0,0.0,0.0,0.0,0.0,200.0,0.2,0.993,0.0,0.0,18.846,0.0,0.0,18.846,0.767,1.0,0.767,minimize_generator,full_grid,False,2542.996,954.506,5000,inf
2015-09-21,737.47,392.281,1129.751,935.867,302.64,1238.507,1129.751,108.756,108.756,0.0,0.0,0.0,0.0,0.0,0.0,0.0,303.318,0.303,0.995,0.0,0.0,0.0,0.0,0.0,0.0,1.0,1.0,1.0,minimize_generator,full_grid,False,2542.996,954.506,5000,inf
2015-09-22,818.67,367.341,1186.011,933.449,83.96,1017.409,1017.409,0.0,0.0,98.152,70.449,0.0,0.0,0.0,0.0,0.0,200.0,0.2,0.995,0.0,0.0,5.012,0.0,0.0,5.012,0.941,1.0,0.94,minimize_generator,full_grid,False,2613.445,954.506,5000,inf
2015-09-23,737.855,391.95,1129.805,917.829,127.52,1045.349,1045.349,0.0,0.0,0.0,84.456,0.0,0.0,0.0,0.0,0.0,200.0,0.2,0.995,0.0,0.0,5.976,0.0,0.0,5.976,0.925,1.0,0.925,minimize_generator,full_grid,False,2697.901,954.506,5000,inf
2015-09-24,814.405,428.965,1243.37,848.444,295.4,1143.844,1143.844,0.0,0.0,0.0,99.526,0.0,0.0,0.0,0.0,0.0,200.0,0.2,0.995,0.0,0.0,7.044,0.0,0.0,7.044,0.92,1.0,0.92,minimize_generator,full_grid,False,2797.428,954.506,5000,inf
2015-09-25,810.475,423.663,1234.138,833.203,192.12,1025.323,1025.323,0.0,0.0,0.0,208.815,0.0,0.0,0.0,0.0,0.0,200.0,0.2,0.995,0.0,0.0,14.783,0.0,0.0,14.783,0.831,1.0,0.831,minimize_generator,full_grid,False,3006.243,954.506,5000,inf
2015-09-26,813.635,396.754,1210.389,882.984,90.52,973.504,973.504,0.0,0.0,0.0,236.885,0.0,0.0,0.0,0.0,0.0,200.0,0.2,0.995,0.0,0.0,16.809,0.0,0.0,16.809,0.804,1.0,0.804,minimize_generator,full_grid,False,3243.128,954.506,5000,inf
2015-09-27,738.03,421.487,1159.517,888.589,347.88,1236.469,1159.517,76.952,76.952,0.0,0.0,0.0,0.0,0.0,0.0,0.0,273.105,0.273,0.997,0.0,0.0,0.0,0.0,0.0,0.0,1.0,1.0,1.0,minimize_generator,full_grid,False,3243.128,954.506,5000,inf
2015-09-28,810.115,427.556,1237.671,866.954,265.92,1132.874,1132.874,0.0,0.0,69.449,35.347,0.0,0.0,0.0,0.0,0.0,200.0,0.2,0.997,0.0,0.0,2.502,0.0,0.0,2.502,0.971,1.0,0.971,minimize_generator,full_grid,False,3278.475,954.506,5000,inf
2015-09-29,810.675,467.473,1278.148,855.654,172.44,1028.094,1028.094,0.0,0.0,0.0,250.054,0.0,0.0,0.0,0.0,0.0,200.0,0.2,0.997,0.0,0.0,17.644,0.0,0.0,17.644,0.804,1.0,0.804,minimize_generator,full_grid,False,3528.529,954.506,5000,inf
2015-09-30,735.43,375.814,1111.244,851.492,8.36,859.852,859.852,0.0,0.0,0.0,251.392,0.0,0.0,0.0,0.0,0.0,200.0,0.2,0.997,0.0,0.0,17.811,0.0,0.0,17.811,0.774,1.0,0.774,minimize_generator,full_grid,False,3779.922,954.506,5000,inf
2015-10-01,812.54,710.96,1523.5,840.628,193.04,1033.668,1033.668,0.0,0.0,0.0,489.832,0.0,0.0,0.0,0.0,0.0,200.0,0.2,0.997,0.0,0.0,30.376,0.0,0.0,30.376,0.678,1.0,0.678,minimize_generator,full_grid,False,489.832,0.0,5000,inf
2015-10-02,736.525,715.682,1452.207,738.603,295.4,1034.003,1034.003,0.0,0.0,0.0,418.204,0.0,0.0,0.0,0.0,0.0,200.0,0.2,0.997,0.0,0.0,25.831,0.0,0.0,25.831,0.712,1.0,0.712,minimize_generator,full_grid,False,908.036,0.0,5000,inf
2015-10-03,737.47,794.347,1531.817,784.842,352.88,1137.722,1137.722,0.0,0.0,0.0,394.095,0.0,0.0,0.0,0.0,0.0,200.0,0.2,0.997,0.0,0.0,24.247,0.0,0.0,24.247,0.743,1.0,0.743,minimize_generator,full_grid,False,1302.132,0.0,5000,inf
2015-10-04,734.3,773.046,1507.346,790.752,347.04,1137.792,1137.792,0.0,0.0,0.0,369.554,0.0,0.0,0.0,0.0,0.0,200.0,0.2,0.997,0.0,0.0,22.757,0.0,0.0,22.757,0.755,1.0,0.755,minimize_generator,full_grid,False,1671.686,0.0,5000,inf
2015-10-05,664.935,722.092,1387.027,783.471,388.72,1172.191,1172.191,0.0,0.0,0.0,214.836,0.0,0.0,0.0,0.0,0.0,200.0,0.2,0.997,0.0,0.0,13.214,0.0,0.0,13.214,0.845,1.0,0.845,minimize_generator,full_grid,False,1886.522,0.0,5000,inf
2015-10-06,736.525,727.638,1464.163,819.782,457.52,1277.302,1277.302,0.0,0.0,0.0,186.861,0.0,0.0,0.0,0.0,0.0,200.0,0.2,0.997,0.0,0.0,11.535,0.0,0.0,11.535,0.872,1.0,0.872,minimize_generator,full_grid,False,2073.382,0.0,5000,inf
2015-10-07,817.015,695.111,1512.126,814.803,212.0,1026.803,1026.803,0.0,0.0,0.0,485.323,0.0,0.0,0.0,0.0,0.0,200.0,0.2,0.997,0.0,0.0,30.128,0.0,0.0,30.128,0.679,1.0,0.679,minimize_generator,full_grid,False,2558.705,0.0,5000,inf
2015-10-08,810.475,714.533,1525.008,831.49,245.24,1076.73,1076.73,0.0,0.0,0.0,448.278,0.0,0.0,0.0,0.0,0.0,200.0,0.2,0.997,0.0,0.0,27.791,0.0,0.0,27.791,0.706,1.0,0.706,minimize_generator,full_grid,False,3006.983,0.0,5000,inf
2015-10-09,736.35,758.003,1494.353,838.609,247.12,1085.729,1085.729,0.0,0.0,0.0,408.624,0.0,0.0,0.0,0.0,0.0,200.0,0.2,0.997,0.0,0.0,25.184,0.0,0.0,25.184,0.727,1.0,0.727,minimize_generator,full_grid,False,3415.607,0.0,5000,inf
2015-10-10,735.045,738.545,1473.59,833.542,216.76,1050.302,1050.302,0.0,0.0,0.0,423.288,0.0,0.0,0.0,0.0,0.0,200.0,0.2,0.997,0.0,0.0,26.112,0.0,0.0,26.112,0.713,1.0,0.713,minimize_generator,full_grid,False,3838.895,0.0,5000,inf
2015-10-11,735.79,664.426,1400.216,825.137,21.88,847.017,847.017,0.0,0.0,0.0,553.199,0.0,0.0,0.0,0.0,0.0,200.0,0.2,0.997,0.0,0.0,34.265,0.0,0.0,34.265,0.605,1.0,0.605,minimize_generator,full_grid,False,4392.094,0.0,5000,inf
2015-10-12,737.47,669.558,1407.028,813.918,21.2,835.118,835.118,0.0,0.0,0.0,571.91,0.0,0.0,0.0,0.0,0.0,200.0,0.2,0.997,0.0,0.0,35.417,0.0,0.0,35.417,0.594,1.0,0.594,minimize_generator,full_grid,False,4964.004,0.0,5000,inf
2015-10-13,730.57,648.22,1378.79,760.499,40.08,800.579,800.579,0.0,0.0,0.0,35.996,0.0,542.215,0.0,0.0,0.0,200.0,0.2,0.997,252.443,24.0,2.231,0.0,95.928,98.159,0.974,1.0,0.581,minimize_generator,full_grid,False,5000.0,0.0,5000,inf
2015-10-14,809.905,719.263,1529.168,779.092,124.96,904.052,904.052,0.0,0.0,0.0,0.0,0.0,625.116,0.0,0.0,0.0,200.0,0.2,0.997,269.023,24.0,0.0,0.0,102.229,102.229,1.0,1.0,0.591,minimize_generator,full_grid,False,5000.0,0.0,5000,inf
2015-10-15,737.085,715.772,1452.857,769.159,147.72,916.879,916.879,0.0,0.0,0.0,0.0,0.0,535.978,0.0,0.0,0.0,200.0,0.2,0.997,251.196,24.0,0.0,0.0,95.454,95.454,1.0,1.0,0.631,minimize_generator,full_grid,False,5000.0,0.0,5000,inf
2015-10-16,736.735,695.14,1431.875,732.302,192.12,924.422,924.422,0.0,0.0,0.0,0.0,0.0,507.453,0.0,0.0,0.0,200.0,0.2,0.997,245.491,24.0,0.0,0.0,93.286,93.286,1.0,1.0,0.646,minimize_generator,full_grid,False,5000.0,0.0,5000,inf
2015-10-17,735.43,682.531,1417.961,729.151,137.08,866.231,866.231,0.0,0.0,0.0,0.0,0.0,551.73,0.0,0.0,0.0,200.0,0.2,0.997,254.346,24.0,0.0,0.0,96.651,96.651,1.0,1.0,0.611,minimize_generator,full_grid,False,5000.0,0.0,5000,inf
2015-10-18,733.565,638.141,1371.706,602.246,83.96,686.206,686.206,0.0,0.0,0.0,0.0,0.0,685.5,0.0,0.0,0.0,200.0,0.2,0.997,281.1,24.0,0.0,0.0,106.818,106.818,1.0,1.0,0.5,minimize_generator,full_grid,False,5000.0,0.0,5000,inf
2015-10-19,735.605,670.651,1406.256,691.782,217.72,909.502,909.502,0.0,0.0,0.0,0.0,0.0,496.754,0.0,0.0,0.0,200.0,0.2,0.997,243.351,24.0,0.0,0.0,92.473,92.473,1.0,1.0,0.647,minimize_generator,full_grid,False,5000.0,0.0,5000,inf
2015-10-20,735.045,563.132,1298.177,589.243,123.28,712.523,712.523,0.0,0.0,0.0,0.0,0.0,585.654,0.0,0.0,0.0,200.0,0.2,0.997,261.131,24.0,0.0,0.0,99.23,99.23,1.0,1.0,0.549,minimize_generator,full_grid,False,5000.0,0.0,5000,inf
2015-10-21,731.14,494.225,1225.365,606.831,20.56,627.391,627.391,0.0,0.0,0.0,0.0,0.0,597.974,0.0,0.0,0.0,200.0,0.2,0.997,263.595,24.0,0.0,0.0,100.166,100.166,1.0,1.0,0.512,minimize_generator,full_grid,False,5000.0,0.0,5000,inf
2015-10-22,730.01,552.15,1282.16,703.762,20.24,724.002,724.002,0.0,0.0,0.0,0.0,0.0,558.158,0.0,0.0,0.0,200.0,0.2,0.997,255.632,24.0,0.0,0.0,97.14,97.14,1.0,1.0,0.565,minimize_generator,full_grid,False,5000.0,0.0,5000,inf
2015-10-23,732.235,419.399,1151.634,451.457,4.96,456.417,456.417,0.0,0.0,0.0,0.0,0.0,695.217,0.0,0.0,0.0,200.0,0.2,0.997,283.043,24.0,0.0,0.0,107.557,107.557,1.0,1.0,0.396,minimize_generator,full_grid,False,5000.0,0.0,5000,inf
2015-10-24,737.295,550.611,1287.906,689.716,26.48,716.196,716.196,0.0,0.0,0.0,0.0,0.0,571.71,0.0,0.0,0.0,200.0,0.2,0.997,258.342,24.0,0.0,0.0,98.17,98.17,1.0,1.0,0.556,minimize_generator,full_grid,False,5000.0,0.0,5000,inf
2015-10-25,663.605,509.511,1173.116,599.366,82.52,681.886,681.886,0.0,0.0,0.0,0.0,0.0,491.23,0.0,0.0,0.0,200.0,0.2,0.997,242.246,24.0,0.0,0.0,92.054,92.054,1.0,1.0,0.581,minimize_generator,full_grid,False,5000.0,0.0,5000,inf
2015-10-26,661.9,502.549,1164.449,611.74,331.72,943.46,943.46,0.0,0.0,0.0,0.0,0.0,220.989,0.0,0.0,0.0,200.0,0.2,0.997,132.593,14.733,0.0,0.0,50.385,50.385,1.0,1.0,0.81,minimize_generator,full_grid,False,5000.0,0.0,5000,inf
2015-10-27,731.14,497.62,1228.76,693.063,316.0,1009.063,1009.063,0.0,0.0,0.0,0.0,0.0,219.697,0.0,0.0,0.0,200.0,0.2,0.997,131.818,14.646,0.0,0.0,50.091,50.091,1.0,1.0,0.821,minimize_generator,full_grid,False,5000.0,0.0,5000,inf
2015-10-28,730.37,412.244,1142.614,668.964,301.72,970.684,970.684,0.0,0.0,0.0,0.0,0.0,171.93,0.0,0.0,0.0,200.0,0.2,0.997,103.158,11.462,0.0,0.0,39.2,39.2,1.0,1.0,0.85,minimize_generator,full_grid,False,5000.0,0.0,5000,inf
2015-10-29,730.57,394.248,1124.818,710.237,268.72,978.957,978.957,0.0,0.0,0.0,0.0,0.0,145.861,0.0,0.0,0.0,200.0,0.2,0.997,87.517,9.724,0.0,0.0,33.256,33.256,1.0,1.0,0.87,minimize_generator,full_grid,False,5000.0,0.0,5000,inf
2015-10-30,730.57,318.133,1048.703,738.209,119.92,858.129,858.129,0.0,0.0,0.0,0.0,0.0,190.574,0.0,0.0,0.0,200.0,0.2,0.997,114.344,12.705,0.0,0.0,43.451,43.451,1.0,1.0,0.818,minimize_generator,full_grid,False,5000.0,0.0,5000,inf
2015-10-31,665.47,215.763,881.233,728.23,154.04,882.27,881.233,1.037,1.037,0.0,0.0,0.0,0.0,0.0,0.0,0.0,200.985,0.201,0.997,0.0,0.0,0.0,0.0,0.0,0.0,1.0,1.0,1.0,minimize_generator,full_grid,False,5000.0,0.0,5000,inf
2015-11-01,734.66,723.35,1458.01,699.962,132.72,832.682,832.682,0.0,0.0,0.936,624.392,0.0,0.0,0.0,0.0,0.0,200.0,0.2,0.997,0.0,0.0,40.703,0.0,0.0,40.703,0.572,1.0,0.572,minimize_generator,full_grid,False,624.392,0.0,5000,inf
2015-11-02,659.3,728.089,1387.389,681.795,119.08,800.875,800.875,0.0,0.0,0.0,586.514,0.0,0.0,0.0,0.0,0.0,200.0,0.2,0.997,0.0,0.0,38.067,0.0,0.0,38.067,0.577,1.0,0.577,minimize_generator,full_grid,False,1210.906,0.0,5000,inf
2015-11-03,661.9,655.646,1317.546,643.928,79.68,723.608,723.608,0.0,0.0,0.0,593.938,0.0,0.0,0.0,0.0,0.0,200.0,0.2,0.997,0.0,0.0,38.709,0.0,0.0,38.709,0.549,1.0,0.549,minimize_generator,full_grid,False,1804.844,0.0,5000,inf
2015-11-04,664.725,645.779,1310.504,608.22,107.6,715.82,715.82,0.0,0.0,0.0,594.684,0.0,0.0,0.0,0.0,0.0,200.0,0.2,0.997,0.0,0.0,38.786,0.0,0.0,38.786,0.546,1.0,0.546,minimize_generator,full_grid,False,2399.527,0.0,5000,inf
2015-11-05,658.17,648.556,1306.726,677.456,241.44,918.896,918.896,0.0,0.0,0.0,387.83,0.0,0.0,0.0,0.0,0.0,200.0,0.2,0.997,0.0,0.0,25.281,0.0,0.0,25.281,0.703,1.0,0.703,minimize_generator,full_grid,False,2787.357,0.0,5000,inf
2015-11-06,663.805,671.967,1335.772,634.248,279.84,914.088,914.088,0.0,0.0,0.0,421.684,0.0,0.0,0.0,0.0,0.0,200.0,0.2,0.997,0.0,0.0,27.46,0.0,0.0,27.46,0.684,1.0,0.684,minimize_generator,full_grid,False,3209.041,0.0,5000,inf
2015-11-07,733.355,674.378,1407.733,663.569,177.08,840.649,840.649,0.0,0.0,0.0,567.084,0.0,0.0,0.0,0.0,0.0,200.0,0.2,0.997,0.0,0.0,37.063,0.0,0.0,37.063,0.597,1.0,0.597,minimize_generator,full_grid,False,3776.125,0.0,5000,inf
2015-11-08,663.99,697.18,1361.17,648.417,222.48,870.897,870.897,0.0,0.0,0.0,490.273,0.0,0.0,0.0,0.0,0.0,200.0,0.2,0.997,0.0,0.0,31.882,0.0,0.0,31.882,0.64,1.0,0.64,minimize_generator,full_grid,False,4266.398,0.0,5000,inf
2015-11-09,664.375,690.712,1355.087,675.067,422.16,1097.227,1097.227,0.0,0.0,0.0,257.86,0.0,0.0,0.0,0.0,0.0,200.0,0.2,0.997,0.0,0.0,16.775,0.0,0.0,16.775,0.81,1.0,0.81,minimize_generator,full_grid,False,4524.258,0.0,5000,inf
2015-11-10,658.17,693.514,1351.684,689.251,354.52,1043.771,1043.771,0.0,0.0,0.0,307.913,0.0,0.0,0.0,0.0,0.0,200.0,0.2,0.997,0.0,0.0,20.021,0.0,0.0,20.021,0.772,1.0,0.772,minimize_generator,full_grid,False,4832.171,0.0,5000,inf
2015-11-11,660.245,695.278,1355.523,677.82,264.96,942.78,942.78,0.0,0.0,0.0,167.829,0.0,244.914,0.0,0.0,0.0,200.0,0.2,0.997,146.948,16.328,10.913,0.0,55.84,66.753,0.876,1.0,0.696,minimize_generator,full_grid,False,5000.0,0.0,5000,inf
2015-11-12,660.98,648.009,1308.989,672.008,50.88,722.888,722.888,0.0,0.0,0.0,0.0,0.0,586.101,0.0,0.0,0.0,200.0,0.2,0.997,261.22,24.0,0.0,0.0,99.264,99.264,1.0,1.0,0.552,minimize_generator,full_grid,False,5000.0,0.0,5000,inf
2015-11-13,660.805,635.451,1296.256,667.662,55.96,723.622,723.622,0.0,0.0,0.0,0.0,0.0,572.634,0.0,0.0,0.0,200.0,0.2,0.997,258.527,24.0,0.0,0.0,98.24,98.24,1.0,1.0,0.558,minimize_generator,full_grid,False,5000.0,0.0,5000,inf
2015-11-14,730.01,645.882,1375.892,585.351,26.48,611.831,611.831,0.0,0.0,0.0,0.0,0.0,764.061,0.0,0.0,0.0,200.0,0.2,0.997,296.812,24.0,0.0,0.0,112.789,112.789,1.0,1.0,0.445,minimize_generator,full_grid,False,5000.0,0.0,5000,inf
2015-11-15,663.99,486.089,1150.079,398.891,6.28,405.171,405.171,0.0,0.0,0.0,0.0,0.0,744.908,0.0,0.0,0.0,200.0,0.2,0.997,292.982,24.0,0.0,0.0,111.333,111.333,1.0,1.0,0.352,minimize_generator,full_grid,False,5000.0,0.0,5000,inf
2015-11-16,657.075,674.378,1331.453,563.748,303.52,867.268,867.268,0.0,0.0,0.0,0.0,0.0,464.185,0.0,0.0,0.0,200.0,0.2,0.997,236.837,24.0,0.0,0.0,89.998,89.998,1.0,1.0,0.651,minimize_generator,full_grid,False,5000.0,0.0,5000,inf
2015-11-17,661.9,670.388,1332.288,584.433,363.52,947.953,947.953,0.0,0.0,0.0,0.0,0.0,384.335,0.0,0.0,0.0,200.0,0.2,0.997,220.867,24.0,0.0,0.0,83.929,83.929,1.0,1.0,0.712,minimize_generator,full_grid,False,5000.0,0.0,5000,inf
2015-11-18,662.86,627.675,1290.535,636.03,98.12,734.15,734.15,0.0,0.0,0.0,0.0,0.0,556.385,0.0,0.0,0.0,200.0,0.2,0.997,255.277,24.0,0.0,0.0,97.005,97.005,1.0,1.0,0.569,minimize_generator,full_grid,False,5000.0,0.0,5000,inf
2015-11-19,665.11,646.803,1311.913,639.408,64.4,703.808,703.808,0.0,0.0,0.0,0.0,0.0,608.105,0.0,0.0,0.0,200.0,0.2,0.997,265.621,24.0,0.0,0.0,100.936,100.936,1.0,1.0,0.536,minimize_generator,full_grid,False,5000.0,0.0,5000,inf
2015-11-20,729.45,649.891,1379.341,575.365,70.84,646.205,646.205,0.0,0.0,0.0,0.0,0.0,733.136,0.0,0.0,0.0,200.0,0.2,0.997,290.627,24.0,0.0,0.0,110.438,110.438,1.0,1.0,0.468,minimize_generator,full_grid,False,5000.0,0.0,5000,inf
2015-11-21,589.31,588.067,1177.377,571.086,20.56,591.646,591.646,0.0,0.0,0.0,0.0,0.0,585.731,0.0,0.0,0.0,200.0,0.2,0.997,261.146,24.0,0.0,0.0,99.236,99.236,1.0,1.0,0.503,minimize_generator,full_grid,False,5000.0,0.0,5000,inf
2015-11-22,589.695,652.898,1242.593,621.834,110.0,731.834,731.834,0.0,0.0,0.0,0.0,0.0,510.759,0.0,0.0,0.0,200.0,0.2,0.997,246.152,24.0,0.0,0.0,93.538,93.538,1.0,1.0,0.589,minimize_generator,full_grid,False,5000.0,0.0,5000,inf
2015-11-23,587.83,667.136,1254.966,602.223,114.08,716.303,716.303,0.0,0.0,0.0,0.0,0.0,538.663,0.0,0.0,0.0,200.0,0.2,0.997,251.733,24.0,0.0,0.0,95.658,95.658,1.0,1.0,0.571,minimize_generator,full_grid,False,5000.0,0.0,5000,inf
2015-11-24,658.17,598.339,1256.509,592.422,63.16,655.582,655.582,0.0,0.0,0.0,0.0,0.0,600.927,0.0,0.0,0.0,200.0,0.2,0.997,264.185,24.0,0.0,0.0,100.39,100.39,1.0,1.0,0.522,minimize_generator,full_grid,False,5000.0,0.0,5000,inf
2015-11-25,660.595,679.412,1340.007,579.616,246.16,825.776,825.776,0.0,0.0,0.0,0.0,0.0,514.231,0.0,0.0,0.0,200.0,0.2,0.997,246.846,24.0,0.0,0.0,93.802,93.802,1.0,1.0,0.616,minimize_generator,full_grid,False,5000.0,0.0,5000,inf
2015-11-26,662.685,654.044,1316.729,587.336,154.04,741.376,741.376,0.0,0.0,0.0,0.0,0.0,575.353,0.0,0.0,0.0,200.0,0.2,0.997,259.071,24.0,0.0,0.0,98.447,98.447,1.0,1.0,0.563,minimize_generator,full_grid,False,5000.0,0.0,5000,inf
2015-11-27,657.995,508.162,1166.157,586.013,2.12,588.133,588.133,0.0,0.0,0.0,0.0,0.0,578.024,0.0,0.0,0.0,200.0,0.2,0.997,259.605,24.0,0.0,0.0,98.65,98.65,1.0,1.0,0.504,minimize_generator,full_grid,False,5000.0,0.0,5000,inf
2015-11-28,656.865,624.769,1281.634,520.036,81.08,601.116,601.116,0.0,0.0,0.0,0.0,0.0,680.518,0.0,0.0,0.0,200.0,0.2,0.997,280.104,24.0,0.0,0.0,106.439,106.439,1.0,1.0,0.469,minimize_generator,full_grid,False,5000.0,0.0,5000,inf
2015-11-29,658.38,570.272,1228.652,482.932,168.72,651.652,651.652,0.0,0.0,0.0,0.0,0.0,577.0,0.0,0.0,0.0,200.0,0.2,0.997,259.4,24.0,0.0,0.0,98.572,98.572,1.0,1.0,0.53,minimize_generator,full_grid,False,5000.0,0.0,5000,inf
2015-11-30,587.62,561.421,1149.041,572.509,413.76,986.269,986.269,0.0,0.0,0.0,0.0,0.0,162.772,0.0,0.0,0.0,200.0,0.2,0.997,97.663,10.851,0.0,0.0,37.112,37.112,1.0,1.0,0.858,minimize_generator,full_grid,False,5000.0,0.0,5000,inf
2015-12-01,665.67,602.219,1267.889,433.796,413.76,847.556,847.556,0.0,0.0,0.0,420.333,0.0,0.0,0.0,0.0,0.0,200.0,0.2,0.997,0.0,0.0,27.911,0.0,0.0,27.911,0.668,1.0,0.668,minimize_generator,full_grid,False,420.333,0.0,5000,inf
2015-12-02,584.275,634.945,1219.22,626.992,296.32,923.312,923.312,0.0,0.0,0.0,295.908,0.0,0.0,0.0,0.0,0.0,200.0,0.2,0.997,0.0,0.0,19.512,0.0,0.0,19.512,0.757,1.0,0.757,minimize_generator,full_grid,False,716.241,0.0,5000,inf
2015-12-03,657.61,670.543,1328.153,616.453,346.2,962.653,962.653,0.0,0.0,0.0,365.5,0.0,0.0,0.0,0.0,0.0,200.0,0.2,0.997,0.0,0.0,24.16,0.0,0.0,24.16,0.725,1.0,0.725,minimize_generator,full_grid,False,1081.741,0.0,5000,inf
2015-12-04,664.725,540.894,1205.619,606.134,137.96,744.094,744.094,0.0,0.0,0.0,461.525,0.0,0.0,0.0,0.0,0.0,200.0,0.2,0.997,0.0,0.0,30.769,0.0,0.0,30.769,0.617,1.0,0.617,minimize_generator,full_grid,False,1543.266,0.0,5000,inf
2015-12-05,589.695,370.777,960.472,590.137,235.76,825.897,825.897,0.0,0.0,0.0,134.575,0.0,0.0,0.0,0.0,0.0,200.0,0.2,0.997,0.0,0.0,9.057,0.0,0.0,9.057,0.86,1.0,0.86,minimize_generator,full_grid,False,1677.841,0.0,5000,inf
2015-12-06,588.75,347.007,935.757,607.545,211.04,818.585,818.585,0.0,0.0,0.0,117.172,0.0,0.0,0.0,0.0,0.0,200.0,0.2,0.997,0.0,0.0,7.904,0.0,0.0,7.904,0.875,1.0,0.875,minimize_generator,full_grid,False,1795.013,0.0,5000,inf
2015-12-07,588.005,315.817,903.822,628.8,116.56,745.36,745.36,0.0,0.0,0.0,158.462,0.0,0.0,0.0,0.0,0.0,200.0,0.2,0.997,0.0,0.0,10.723,0.0,0.0,10.723,0.825,1.0,0.825,minimize_generator,full_grid,False,1953.475,0.0,5000,inf
2015-12-08,588.39,290.866,879.256,606.671,61.92,668.591,668.591,0.0,0.0,0.0,210.665,0.0,0.0,0.0,0.0,0.0,200.0,0.2,0.997,0.0,0.0,14.295,0.0,0.0,14.295,0.76,1.0,0.76,minimize_generator,full_grid,False,2164.14,0.0,5000,inf
2015-12-09,660.805,294.01,954.815,618.578,130.12,748.698,748.698,0.0,0.0,0.0,206.117,0.0,0.0,0.0,0.0,0.0,200.0,0.2,0.997,0.0,0.0,14.035,0.0,0.0,14.035,0.784,1.0,0.784,minimize_generator,full_grid,False,2370.257,0.0,5000,inf
2015-12-10,580.545,317.889,898.434,599.213,223.4,822.613,822.613,0.0,0.0,0.0,75.821,0.0,0.0,0.0,0.0,0.0,200.0,0.2,0.997,0.0,0.0,5.128,0.0,0.0,5.128,0.916,1.0,0.916,minimize_generator,full_grid,False,2446.079,0.0,5000,inf
2015-12-11,661.165,351.196,1012.361,591.001,316.88,907.881,907.881,0.0,0.0,0.0,104.48,0.0,0.0,0.0,0.0,0.0,200.0,0.2,0.997,0.0,0.0,7.073,0.0,0.0,7.073,0.897,1.0,0.897,minimize_generator,full_grid,False,2550.559,0.0,5000,inf
2015-12-12,582.97,300.424,883.394,579.744,240.52,820.264,820.264,0.0,0.0,0.0,63.13,0.0,0.0,0.0,0.0,0.0,200.0,0.2,0.997,0.0,0.0,4.278,0.0,0.0,4.278,0.929,1.0,0.929,minimize_generator,full_grid,False,2613.69,0.0,5000,inf
2015-12-13,587.26,230.367,817.627,393.868,298.12,691.988,691.988,0.0,0.0,0.0,125.639,0.0,0.0,0.0,0.0,0.0,200.0,0.2,0.997,0.0,0.0,8.588,0.0,0.0,8.588,0.846,1.0,0.846,minimize_generator,full_grid,False,2739.329,0.0,5000,inf
2015-12-14,586.315,321.298,907.613,539.686,308.0,847.686,847.686,0.0,0.0,0.0,59.927,0.0,0.0,0.0,0.0,0.0,200.0,0.2,0.997,0.0,0.0,4.053,0.0,0.0,4.053,0.934,1.0,0.934,minimize_generator,full_grid,False,2799.256,0.0,5000,inf
2015-12-15,656.865,270.26,927.125,594.136,52.56,646.696,646.696,0.0,0.0,0.0,280.429,0.0,0.0,0.0,0.0,0.0,200.0,0.2,0.997,0.0,0.0,19.141,0.0,0.0,19.141,0.698,1.0,0.698,minimize_generator,full_grid,False,3079.685,0.0,5000,inf
2015-12-16,581.665,253.664,835.329,577.103,39.12,616.223,616.223,0.0,0.0,0.0,219.106,0.0,0.0,0.0,0.0,0.0,200.0,0.2,0.997,0.0,0.0,14.928,0.0,0.0,14.928,0.738,1.0,0.738,minimize_generator,full_grid,False,3298.791,0.0,5000,inf
2015-12-17,589.31,290.111,879.421,568.971,292.68,861.651,861.651,0.0,0.0,0.0,17.77,0.0,0.0,0.0,0.0,0.0,200.0,0.2,0.997,0.0,0.0,1.206,0.0,0.0,1.206,0.98,1.0,0.98,minimize_generator,full_grid,False,3316.562,0.0,5000,inf
2015-12-18,661.725,260.202,921.927,553.311,135.32,688.631,688.631,0.0,0.0,0.0,233.296,0.0,0.0,0.0,0.0,0.0,200.0,0.2,0.997,0.0,0.0,15.946,0.0,0.0,15.946,0.747,1.0,0.747,minimize_generator,full_grid,False,3549.858,0.0,5000,inf
2015-12-19,582.235,278.756,860.991,573.872,179.88,753.752,753.752,0.0,0.0,0.0,107.239,0.0,0.0,0.0,0.0,0.0,200.0,0.2,0.997,0.0,0.0,7.285,0.0,0.0,7.285,0.875,1.0,0.875,minimize_generator,full_grid,False,3657.097,0.0,5000,inf
2015-12-20,587.83,305.737,893.567,585.294,218.68,803.974,803.974,0.0,0.0,0.0,89.593,0.0,0.0,0.0,0.0,0.0,200.0,0.2,0.997,0.0,0.0,6.069,0.0,0.0,6.069,0.9,1.0,0.9,minimize_generator,full_grid,False,3746.69,0.0,5000,inf
2015-12-21,584.45,288.797,873.247,582.1,83.96,666.06,666.06,0.0,0.0,0.0,207.187,0.0,0.0,0.0,0.0,0.0,200.0,0.2,0.997,0.0,0.0,14.06,0.0,0.0,14.06,0.763,1.0,0.763,minimize_generator,full_grid,False,3953.877,0.0,5000,inf
2015-12-22,588.39,304.38,892.77,560.077,147.72,707.797,707.797,0.0,0.0,0.0,184.973,0.0,0.0,0.0,0.0,0.0,200.0,0.2,0.997,0.0,0.0,12.533,0.0,0.0,12.533,0.793,1.0,0.793,minimize_generator,full_grid,False,4138.85,0.0,5000,inf
2015-12-23,586.7,324.393,911.093,541.425,279.84,821.265,821.265,0.0,0.0,0.0,89.828,0.0,0.0,0.0,0.0,0.0,200.0,0.2,0.997,0.0,0.0,6.073,0.0,0.0,6.073,0.901,1.0,0.901,minimize_generator,full_grid,False,4228.677,0.0,5000,inf
2015-12-24,584.1,31.645,615.745,497.948,249.0,746.948,615.745,131.203,131.203,0.0,0.0,0.0,0.0,0.0,0.0,0.0,324.643,0.325,0.998,0.0,0.0,0.0,0.0,0.0,0.0,1.0,1.0,1.0,minimize_generator,full_grid,False,4228.677,0.0,5000,inf
2015-12-25,588.18,22.34,610.52,594.761,44.04,638.801,610.52,28.281,28.281,0.0,0.0,0.0,0.0,0.0,0.0,0.0,351.51,0.352,0.998,0.0,0.0,0.0,0.0,0.0,0.0,1.0,1.0,1.0,minimize_generator,full_grid,False,4228.677,0.0,5000,inf
2015-12-26,659.86,21.894,681.754,601.888,26.08,627.968,627.968,0.0,0.0,53.786,0.0,0.0,0.0,0.0,0.0,0.0,294.893,0.295,0.998,0.0,0.0,0.0,0.0,0.0,0.0,1.0,1.0,1.0,minimize_generator,full_grid,False,4228.677,0.0,5000,inf
2015-12-27,585.58,23.942,609.522,589.071,20.24,609.311,609.311,0.0,0.0,0.211,0.0,0.0,0.0,0.0,0.0,0.0,294.672,0.295,0.998,0.0,0.0,0.0,0.0,0.0,0.0,1.0,1.0,1.0,minimize_generator,full_grid,False,4228.677,0.0,5000,inf
2015-12-28,588.75,22.836,611.586,592.581,30.76,623.341,611.586,11.755,11.755,0.0,0.0,0.0,0.0,0.0,0.0,0.0,305.839,0.306,0.998,0.0,0.0,0.0,0.0,0.0,0.0,1.0,1.0,1.0,minimize_generator,full_grid,False,4228.677,0.0,5000,inf
2015-12-29,581.29,23.973,605.263,267.248,86.84,354.088,354.088,0.0,0.0,100.547,150.628,0.0,0.0,0.0,0.0,0.0,200.0,0.2,0.998,0.0,0.0,10.664,0.0,0.0,10.664,0.751,1.0,0.751,minimize_generator,full_grid,False,4379.305,0.0,5000,inf
2015-12-30,582.41,22.817,605.227,533.08,422.84,955.92,605.227,350.693,350.693,0.0,0.0,0.0,0.0,0.0,0.0,0.0,533.158,0.533,0.999,0.0,0.0,0.0,0.0,0.0,0.0,1.0,1.0,1.0,minimize_generator,full_grid,False,4379.305,0.0,5000,inf
2015-12-31,587.62,23.451,611.071,461.699,221.52,683.219,611.071,72.148,72.148,0.0,0.0,0.0,0.0,0.0,0.0,0.0,601.699,0.602,0.999,0.0,0.0,0.0,0.0,0.0,0.0,1.0,1.0,1.0,minimize_generator,full_grid,False,4379.305,0.0,5000,inf
2016-01-01,662.11,23.316,685.426,449.728,468.0,917.728,685.426,232.302,208.738,0.0,0.0,23.564,0.0,0.0,0.0,0.0,800.0,0.8,1.0,0.0,0.0,0.0,0.0,0.0,0.0,1.0,0.974,1.0,minimize_generator,full_grid,False,0.0,23.564,5000,inf
2016-01-02,657.81,23.495,681.305,614.039,321.28,935.319,681.305,254.014,0.0,0.0,0.0,254.014,0.0,0.0,0.0,0.0,800.0,0.8,1.0,0.0,0.0,0.0,0.0,0.0,0.0,1.0,0.728,1.0,minimize_generator,full_grid,False,0.0,277.578,5000,inf
2016-01-03,588.565,24.874,613.439,619.768,135.32,755.088,613.439,141.649,0.0,0.0,0.0,141.649,0.0,0.0,0.0,0.0,800.0,0.8,1.0,0.0,0.0,0.0,0.0,0.0,0.0,1.0,0.812,1.0,minimize_generator,full_grid,False,0.0,419.227,5000,inf
2016-01-04,589.485,24.482,613.967,616.449,212.96,829.409,613.967,215.442,0.0,0.0,0.0,215.442,0.0,0.0,0.0,0.0,800.0,0.8,1.0,0.0,0.0,0.0,0.0,0.0,0.0,1.0,0.74,1.0,minimize_generator,full_grid,False,0.0,634.67,5000,inf
2016-01-05,584.835,24.757,609.592,609.62,106.0,715.62,609.592,106.028,0.0,0.0,0.0,106.028,0.0,0.0,0.0,0.0,800.0,0.8,1.0,0.0,0.0,0.0,0.0,0.0,0.0,1.0,0.852,1.0,minimize_generator,full_grid,False,0.0,740.698,5000,inf
2016-01-06,658.555,24.819,683.374,607.751,114.08,721.831,683.374,38.457,0.0,0.0,0.0,38.457,0.0,0.0,0.0,0.0,800.0,0.8,1.0,0.0,0.0,0.0,0.0,0.0,0.0,1.0,0.947,1.0,minimize_generator,full_grid,False,0.0,779.155,5000,inf
2016-01-07,659.475,24.592,684.067,533.741,41.52,575.261,575.261,0.0,0.0,108.806,0.0,0.0,0.0,0.0,0.0,0.0,685.467,0.685,1.0,0.0,0.0,0.0,0.0,0.0,0.0,1.0,1.0,1.0,minimize_generator,full_grid,False,0.0,779.155,5000,inf
2016-01-08,587.62,24.206,611.826,444.908,450.88,895.788,611.826,283.962,120.561,0.0,0.0,163.402,0.0,0.0,0.0,0.0,800.0,0.8,1.0,0.0,0.0,0.0,0.0,0.0,0.0,1.0,0.818,1.0,minimize_generator,full_grid,False,0.0,942.556,5000,inf
2016-01-09,587.62,24.427,612.047,518.54,346.2,864.74,612.047,252.693,0.0,0.0,0.0,252.693,0.0,0.0,0.0,0.0,800.0,0.8,1.0,0.0,0.0,0.0,0.0,0.0,0.0,1.0,0.708,1.0,minimize_generator,full_grid,False,0.0,1195.249,5000,inf
2016-01-10,657.075,21.205,678.28,629.23,64.4,693.63,678.28,15.35,0.0,0.0,0.0,15.35,0.0,0.0,0.0,0.0,800.0,0.8,1.0,0.0,0.0,0.0,0.0,0.0,0.0,1.0,0.978,1.0,minimize_generator,full_grid,False,0.0,1210.599,5000,inf
2016-01-11,587.62,19.652,607.272,603.889,83.96,687.849,607.272,80.577,0.0,0.0,0.0,80.577,0.0,0.0,0.0,0.0,800.0,0.8,1.0,0.0,0.0,0.0,0.0,0.0,0.0,1.0,0.883,1.0,minimize_generator,full_grid,False,0.0,1291.176,5000,inf
2016-01-12,589.125,16.514,605.639,632.153,95.04,727.193,605.639,121.554,0.0,0.0,0.0,121.554,0.0,0.0,0.0,0.0,800.0,0.8,1.0,0.0,0.0,0.0,0.0,0.0,0.0,1.0,0.833,1.0,minimize_generator,full_grid,False,0.0,1412.73,5000,inf
2016-01-13,664.375,4.722,669.097,626.116,20.88,646.996,646.996,0.0,0.0,22.101,0.0,0.0,0.0,0.0,0.0,0.0,776.736,0.777,1.0,0.0,0.0,0.0,0.0,0.0,0.0,1.0,1.0,1.0,minimize_generator,full_grid,False,0.0,1412.73,5000,inf
2016-01-14,588.39,6.846,595.236,632.172,351.2,983.372,595.236,388.136,24.489,0.0,0.0,363.647,0.0,0.0,0.0,0.0,800.0,0.8,1.0,0.0,0.0,0.0,0.0,0.0,0.0,1.0,0.63,1.0,minimize_generator,full_grid,False,0.0,1776.377,5000,inf
2016-01-15,588.005,8.49,596.495,638.028,100.44,738.468,596.495,141.973,0.0,0.0,0.0,141.973,0.0,0.0,0.0,0.0,800.0,0.8,1.0,0.0,0.0,0.0,0.0,0.0,0.0,1.0,0.808,1.0,minimize_generator,full_grid,False,0.0,1918.35,5000,inf
2016-01-16,586.885,6.866,593.751,643.327,2.44,645.767,593.751,52.016,0.0,0.0,0.0,52.016,0.0,0.0,0.0,0.0,800.0,0.8,1.0,0.0,0.0,0.0,0.0,0.0,0.0,1.0,0.919,1.0,minimize_generator,full_grid,False,0.0,1970.366,5000,inf
2016-01-17,658.94,7.961,666.901,645.394,20.88,666.274,666.274,0.0,0.0,0.627,0.0,0.0,0.0,0.0,0.0,0.0,799.34,0.799,1.0,0.0,0.0,0.0,0.0,0.0,0.0,1.0,1.0,1.0,minimize_generator,full_grid,False,0.0,1970.366,5000,inf
2016-01-18,588.565,8.684,597.249,557.615,374.72,932.335,597.249,335.086,0.694,0.0,0.0,334.392,0.0,0.0,0.0,0.0,800.0,0.8,1.0,0.0,0.0,0.0,0.0,0.0,0.0,1.0,0.641,1.0,minimize_generator,full_grid,False,0.0,2304.758,5000,inf
2016-01-19,586.885,8.316,595.201,549.613,375.52,925.133,595.201,329.932,0.0,0.0,0.0,329.932,0.0,0.0,0.0,0.0,800.0,0.8,1.0,0.0,0.0,0.0,0.0,0.0,0.0,1.0,0.643,1.0,minimize_generator,full_grid,False,0.0,2634.69,5000,inf
2016-01-20,660.98,8.564,669.544,621.767,145.04,766.807,669.544,97.263,0.0,0.0,0.0,97.263,0.0,0.0,0.0,0.0,800.0,0.8,1.0,0.0,0.0,0.0,0.0,0.0,0.0,1.0,0.873,1.0,minimize_generator,full_grid,False,0.0,2731.953,5000,inf
2016-01-21,661.54,8.393,669.933,511.731,157.68,669.411,669.411,0.0,0.0,0.522,0.0,0.0,0.0,0.0,0.0,0.0,799.45,0.799,1.0,0.0,0.0,0.0,0.0,0.0,0.0,1.0,1.0,1.0,minimize_generator,full_grid,False,0.0,2731.953,5000,inf
2016-01-22,587.085,9.979,597.064,663.511,352.04,1015.551,597.064,418.487,0.579,0.0,0.0,417.909,0.0,0.0,0.0,0.0,800.0,0.8,1.0,0.0,0.0,0.0,0.0,0.0,0.0,1.0,0.588,1.0,minimize_generator,full_grid,False,0.0,3149.861,5000,inf
2016-01-23,582.41,10.254,592.664,639.413,438.24,1077.653,592.664,484.989,0.0,0.0,0.0,484.989,0.0,0.0,0.0,0.0,800.0,0.8,1.0,0.0,0.0,0.0,0.0,0.0,0.0,1.0,0.55,1.0,minimize_generator,full_grid,False,0.0,3634.851,5000,inf
2016-01-24,660.035,9.31,669.345,614.518,462.24,1076.758,669.345,407.413,0.0,0.0,0.0,407.413,0.0,0.0,0.0,0.0,800.0,0.8,1.0,0.0,0.0,0.0,0.0,0.0,0.0,1.0,0.622,1.0,minimize_generator,full_grid,False,0.0,4042.264,5000,inf
2016-01-25,586.885,8.068,594.953,607.531,482.08,1089.611,594.953,494.658,0.0,0.0,0.0,494.658,0.0,0.0,0.0,0.0,800.0,0.8,1.0,0.0,0.0,0.0,0.0,0.0,0.0,1.0,0.546,1.0,minimize_generator,full_grid,False,0.0,4536.922,5000,inf
2016-01-26,659.3,8.145,667.445,564.766,377.12,941.886,667.445,274.441,0.0,0.0,0.0,274.441,0.0,0.0,0.0,0.0,800.0,0.8,1.0,0.0,0.0,0.0,0.0,0.0,0.0,1.0,0.709,1.0,minimize_generator,full_grid,False,0.0,4811.363,5000,inf
2016-01-27,582.235,6.999,589.234,446.06,264.04,710.1,589.234,120.866,0.0,0.0,0.0,120.866,0.0,0.0,0.0,0.0,800.0,0.8,1.0,0.0,0.0,0.0,0.0,0.0,0.0,1.0,0.83,1.0,minimize_generator,full_grid,False,0.0,4932.229,5000,inf
2016-01-28,659.86,8.985,668.845,714.43,129.24,843.67,668.845,174.825,0.0,0.0,0.0,174.825,0.0,0.0,0.0,0.0,800.0,0.8,1.0,0.0,0.0,0.0,0.0,0.0,0.0,1.0,0.793,1.0,minimize_generator,full_grid,False,0.0,5107.054,5000,inf
2016-01-29,585.22,8.564,593.784,701.153,63.8,764.953,593.784,171.169,0.0,0.0,0.0,171.169,0.0,0.0,0.0,0.0,800.0,0.8,1.0,0.0,0.0,0.0,0.0,0.0,0.0,1.0,0.776,1.0,minimize_generator,full_grid,False,0.0,5278.222,5000,inf
2016-01-30,659.475,8.765,668.24,709.478,77.6,787.078,668.24,118.838,0.0,0.0,0.0,118.838,0.0,0.0,0.0,0.0,800.0,0.8,1.0,0.0,0.0,0.0,0.0,0.0,0.0,1.0,0.849,1.0,minimize_generator,full_grid,False,0.0,5397.06,5000,inf
2016-01-31,656.865,9.109,665.974,734.899,98.88,833.779,665.974,167.805,0.0,0.0,0.0,167.805,0.0,0.0,0.0,0.0,800.0,0.8,1.0,0.0,0.0,0.0,0.0,0.0,0.0,1.0,0.799,1.0,minimize_generator,full_grid,False,0.0,5564.865,5000,inf
2016-02-01,586.525,9.769,596.294,741.365,166.88,908.245,596.294,311.951,0.0,0.0,0.0,311.951,0.0,0.0,0.0,0.0,800.0,0.8,1.0,0.0,0.0,0.0,0.0,0.0,0.0,1.0,0.657,1.0,minimize_generator,full_grid,False,0.0,311.951,5000,inf
2016-02-02,588.565,12.488,601.053,705.072,257.48,962.552,601.053,361.499,0.0,0.0,0.0,361.499,0.0,0.0,0.0,0.0,800.0,0.8,1.0,0.0,0.0,0.0,0.0,0.0,0.0,1.0,0.624,1.0,minimize_generator,full_grid,False,0.0,673.451,5000,inf
2016-02-03,659.675,10.262,669.937,740.867,40.56,781.427,669.937,111.49,0.0,0.0,0.0,111.49,0.0,0.0,0.0,0.0,800.0,0.8,1.0,0.0,0.0,0.0,0.0,0.0,0.0,1.0,0.857,1.0,minimize_generator,full_grid,False,0.0,784.94,5000,inf
2016-02-04,657.61,11.154,668.764,734.536,101.24,835.776,668.764,167.012,0.0,0.0,0.0,167.012,0.0,0.0,0.0,0.0,800.0,0.8,1.0,0.0,0.0,0.0,0.0,0.0,0.0,1.0,0.8,1.0,minimize_generator,full_grid,False,0.0,951.952,5000,inf
2016-02-05,659.475,9.215,668.69,462.332,46.08,508.412,508.412,0.0,0.0,160.278,0.0,0.0,0.0,0.0,0.0,0.0,631.287,0.631,1.0,0.0,0.0,0.0,0.0,0.0,0.0,1.0,1.0,1.0,minimize_generator,full_grid,False,0.0,951.952,5000,inf
2016-02-06,665.11,10.765,675.875,666.117,528.92,1195.037,675.875,519.162,177.593,0.0,0.0,341.569,0.0,0.0,0.0,0.0,800.0,0.8,1.0,0.0,0.0,0.0,0.0,0.0,0.0,1.0,0.714,1.0,minimize_generator,full_grid,False,0.0,1293.521,5000,inf
2016-02-07,584.835,9.398,594.233,683.51,514.12,1197.63,594.233,603.397,0.0,0.0,0.0,603.397,0.0,0.0,0.0,0.0,800.0,0.8,1.0,0.0,0.0,0.0,0.0,0.0,0.0,1.0,0.496,1.0,minimize_generator,full_grid,False,0.0,1896.918,5000,inf
2016-02-08,663.99,9.442,673.432,760.512,152.24,912.752,673.432,239.32,0.0,0.0,0.0,239.32,0.0,0.0,0.0,0.0,800.0,0.8,1.0,0.0,0.0,0.0,0.0,0.0,0.0,1.0,0.738,1.0,minimize_generator,full_grid,False,0.0,2136.238,5000,inf
2016-02-09,658.17,10.098,668.268,773.313,121.6,894.913,668.268,226.645,0.0,0.0,0.0,226.645,0.0,0.0,0.0,0.0,800.0,0.8,1.0,0.0,0.0,0.0,0.0,0.0,0.0,1.0,0.747,1.0,minimize_generator,full_grid,False,0.0,2362.883,5000,inf
2016-02-10,587.83,11.328,599.158,724.918,477.32,1202.238,599.158,603.08,0.0,0.0,0.0,603.08,0.0,0.0,0.0,0.0,800.0,0.8,1.0,0.0,0.0,0.0,0.0,0.0,0.0,1.0,0.498,1.0,minimize_generator,full_grid,False,0.0,2965.963,5000,inf
2016-02-11,586.315,10.15,596.465,778.664,91.28,869.944,596.465,273.479,0.0,0.0,0.0,273.479,0.0,0.0,0.0,0.0,800.0,0.8,1.0,0.0,0.0,0.0,0.0,0.0,0.0,1.0,0.686,1.0,minimize_generator,full_grid,False,0.0,3239.442,5000,inf
2016-02-12,657.435,10.47,667.905,775.947,44.52,820.467,667.905,152.562,0.0,0.0,0.0,152.562,0.0,0.0,0.0,0.0,800.0,0.8,1.0,0.0,0.0,0.0,0.0,0.0,0.0,1.0,0.814,1.0,minimize_generator,full_grid,False,0.0,3392.004,5000,inf
2016-02-13,661.725,9.852,671.577,724.251,14.44,738.691,671.577,67.114,0.0,0.0,0.0,67.114,0.0,0.0,0.0,0.0,800.0,0.8,1.0,0.0,0.0,0.0,0.0,0.0,0.0,1.0,0.909,1.0,minimize_generator,full_grid,False,0.0,3459.117,5000,inf
2016-02-14,657.995,12.315,670.31,797.568,72.16,869.728,670.31,199.418,0.0,0.0,0.0,199.418,0.0,0.0,0.0,0.0,800.0,0.8,1.0,0.0,0.0,0.0,0.0,0.0,0.0,1.0,0.771,1.0,minimize_generator,full_grid,False,0.0,3658.536,5000,inf
2016-02-15,664.725,541.703,1206.428,808.864,22.2,831.064,831.064,0.0,0.0,375.364,0.0,0.0,0.0,0.0,0.0,0.0,404.88,0.405,1.0,0.0,0.0,0.0,0.0,0.0,0.0,1.0,1.0,1.0,minimize_generator,full_grid,False,0.0,3658.536,5000,inf
2016-02-16,586.525,532.826,1119.351,803.73,16.04,819.77,819.77,0.0,0.0,194.636,104.945,0.0,0.0,0.0,0.0,0.0,200.0,0.2,1.0,0.0,0.0,7.262,0.0,0.0,7.262,0.906,1.0,0.906,minimize_generator,full_grid,False,104.945,3658.536,5000,inf
2016-02-17,658.94,486.783,1145.723,766.695,14.16,780.855,780.855,0.0,0.0,0.0,364.868,0.0,0.0,0.0,0.0,0.0,200.0,0.2,1.0,0.0,0.0,25.445,0.0,0.0,25.445,0.682,1.0,0.682,minimize_generator,full_grid,False,469.813,3658.536,5000,inf
2016-02-18,587.62,432.731,1020.351,583.732,40.56,624.292,624.292,0.0,0.0,0.0,396.059,0.0,0.0,0.0,0.0,0.0,200.0,0.2,1.0,0.0,0.0,27.624,0.0,0.0,27.624,0.612,1.0,0.612,minimize_generator,full_grid,False,865.872,3658.536,5000,inf
2016-02-19,660.805,467.056,1127.861,774.338,4.8,779.138,779.138,0.0,0.0,0.0,348.723,0.0,0.0,0.0,0.0,0.0,200.0,0.2,1.0,0.0,0.0,24.359,0.0,0.0,24.359,0.691,1.0,0.691,minimize_generator,full_grid,False,1214.595,3658.536,5000,inf
2016-02-20,663.245,518.463,1181.708,814.143,311.56,1125.703,1125.703,0.0,0.0,0.0,56.005,0.0,0.0,0.0,0.0,0.0,200.0,0.2,1.0,0.0,0.0,3.898,0.0,0.0,3.898,0.953,1.0,0.953,minimize_generator,full_grid,False,1270.6,3658.536,5000,inf
2016-02-21,658.17,518.913,1177.083,785.449,496.36,1281.809,1177.083,104.726,104.726,0.0,0.0,0.0,0.0,0.0,0.0,0.0,299.49,0.299,1.0,0.0,0.0,0.0,0.0,0.0,0.0,1.0,1.0,1.0,minimize_generator,full_grid,False,1270.6,3658.536,5000,inf
2016-02-22,583.355,385.605,968.96,537.19,477.32,1014.51,968.96,45.55,45.55,0.0,0.0,0.0,0.0,0.0,0.0,0.0,342.762,0.343,1.0,0.0,0.0,0.0,0.0,0.0,0.0,1.0,1.0,1.0,minimize_generator,full_grid,False,1270.6,3658.536,5000,inf
2016-02-23,660.805,446.219,1107.024,840.197,187.4,1027.597,1027.597,0.0,0.0,79.427,0.0,0.0,0.0,0.0,0.0,0.0,259.155,0.259,1.0,0.0,0.0,0.0,0.0,0.0,0.0,1.0,1.0,1.0,minimize_generator,full_grid,False,1270.6,3658.536,5000,inf
2016-02-24,661.9,456.495,1118.395,853.658,16.92,870.578,870.578,0.0,0.0,56.197,191.621,0.0,0.0,0.0,0.0,0.0,200.0,0.2,1.0,0.0,0.0,13.397,0.0,0.0,13.397,0.829,1.0,0.829,minimize_generator,full_grid,False,1462.221,3658.536,5000,inf
2016-02-25,662.11,465.06,1127.17,847.223,4.4,851.623,851.623,0.0,0.0,0.0,275.547,0.0,0.0,0.0,0.0,0.0,200.0,0.2,1.0,0.0,0.0,19.252,0.0,0.0,19.252,0.756,1.0,0.756,minimize_generator,full_grid,False,1737.767,3658.536,5000,inf
2016-02-26,665.67,471.516,1137.186,850.877,2.72,853.597,853.597,0.0,0.0,0.0,283.589,0.0,0.0,0.0,0.0,0.0,200.0,0.2,1.0,0.0,0.0,19.808,0.0,0.0,19.808,0.751,1.0,0.751,minimize_generator,full_grid,False,2021.356,3658.536,5000,inf
2016-02-27,656.865,523.707,1180.572,874.284,148.64,1022.924,1022.924,0.0,0.0,0.0,157.648,0.0,0.0,0.0,0.0,0.0,200.0,0.2,1.0,0.0,0.0,10.963,0.0,0.0,10.963,0.866,1.0,0.866,minimize_generator,full_grid,False,2179.004,3658.536,5000,inf
2016-02-28,664.165,545.204,1209.369,874.897,34.6,909.497,909.497,0.0,0.0,0.0,299.872,0.0,0.0,0.0,0.0,0.0,200.0,0.2,1.0,0.0,0.0,20.831,0.0,0.0,20.831,0.752,1.0,0.752,minimize_generator,full_grid,False,2478.876,3658.536,5000,inf
2016-02-29,666.24,594.874,1261.114,819.561,36.36,855.921,855.921,0.0,0.0,0.0,405.193,0.0,0.0,0.0,0.0,0.0,200.0,0.2,1.0,0.0,0.0,28.058,0.0,0.0,28.058,0.679,1.0,0.679,minimize_generator,full_grid,False,2884.069,3658.536,5000,inf
2016-03-01,588.18,527.968,1116.148,807.282,20.56,827.842,827.842,0.0,0.0,0.0,288.306,0.0,0.0,0.0,0.0,0.0,200.0,0.2,1.0,0.0,0.0,20.206,0.0,0.0,20.206,0.742,1.0,0.742,minimize_generator,full_grid,False,288.306,0.0,5000,inf
2016-03-02,663.43,491.705,1155.135,680.696,68.88,749.576,749.576,0.0,0.0,0.0,405.559,0.0,0.0,0.0,0.0,0.0,200.0,0.2,1.0,0.0,0.0,28.628,0.0,0.0,28.628,0.649,1.0,0.649,minimize_generator,full_grid,False,693.865,0.0,5000,inf
2016-03-03,660.245,513.721,1173.966,793.007,497.32,1290.327,1173.966,116.361,116.361,0.0,0.0,0.0,0.0,0.0,0.0,0.0,310.543,0.311,1.0,0.0,0.0,0.0,0.0,0.0,0.0,1.0,1.0,1.0,minimize_generator,full_grid,False,693.865,0.0,5000,inf
2016-03-04,662.11,550.185,1212.295,907.327,329.12,1236.447,1212.295,24.152,24.152,0.0,0.0,0.0,0.0,0.0,0.0,0.0,333.487,0.333,1.0,0.0,0.0,0.0,0.0,0.0,0.0,1.0,1.0,1.0,minimize_generator,full_grid,False,693.865,0.0,5000,inf
2016-03-05,664.165,588.811,1252.976,922.678,284.44,1207.118,1207.118,0.0,0.0,45.858,0.0,0.0,0.0,0.0,0.0,0.0,285.216,0.285,1.0,0.0,0.0,0.0,0.0,0.0,0.0,1.0,1.0,1.0,minimize_generator,full_grid,False,693.865,0.0,5000,inf
2016-03-06,660.98,524.287,1185.267,812.522,124.96,937.482,937.482,0.0,0.0,80.955,166.83,0.0,0.0,0.0,0.0,0.0,200.0,0.2,1.0,0.0,0.0,11.747,0.0,0.0,11.747,0.859,1.0,0.859,minimize_generator,full_grid,False,860.695,0.0,5000,inf
2016-03-07,660.595,571.402,1231.997,899.313,117.4,1016.713,1016.713,0.0,0.0,0.0,215.284,0.0,0.0,0.0,0.0,0.0,200.0,0.2,1.0,0.0,0.0,15.109,0.0,0.0,15.109,0.825,1.0,0.825,minimize_generator,full_grid,False,1075.979,0.0,5000,inf
2016-03-08,663.805,591.667,1255.472,903.949,83.24,987.189,987.189,0.0,0.0,0.0,268.283,0.0,0.0,0.0,0.0,0.0,200.0,0.2,1.0,0.0,0.0,18.808,0.0,0.0,18.808,0.786,1.0,0.786,minimize_generator,full_grid,False,1344.262,0.0,5000,inf
2016-03-09,659.475,619.576,1279.051,883.257,179.88,1063.137,1063.137,0.0,0.0,0.0,215.914,0.0,0.0,0.0,0.0,0.0,200.0,0.2,1.0,0.0,0.0,15.106,0.0,0.0,15.106,0.831,1.0,0.831,minimize_generator,full_grid,False,1560.176,0.0,5000,inf
2016-03-10,659.675,544.101,1203.776,838.951,72.84,911.791,911.791,0.0,0.0,0.0,291.985,0.0,0.0,0.0,0.0,0.0,200.0,0.2,1.0,0.0,0.0,20.529,0.0,0.0,20.529,0.757,1.0,0.757,minimize_generator,full_grid,False,1852.161,0.0,5000,inf
2016-03-11,730.01,570.86,1300.87,840.748,22.88,863.628,863.628,0.0,0.0,0.0,437.242,0.0,0.0,0.0,0.0,0.0,200.0,0.2,1.0,0.0,0.0,30.803,0.0,0.0,30.803,0.664,1.0,0.664,minimize_generator,full_grid,False,2289.403,0.0,5000,inf
2016-03-12,660.035,410.772,1070.807,593.0,6.96,599.96,599.96,0.0,0.0,0.0,470.847,0.0,0.0,0.0,0.0,0.0,200.0,0.2,1.0,0.0,0.0,33.446,0.0,0.0,33.446,0.56,1.0,0.56,minimize_generator,full_grid,False,2760.25,0.0,5000,inf
2016-03-13,730.57,363.744,1094.314,407.754,8.2,415.954,415.954,0.0,0.0,0.0,678.36,0.0,0.0,0.0,0.0,0.0,200.0,0.2,1.0,0.0,0.0,48.555,0.0,0.0,48.555,0.38,1.0,0.38,minimize_generator,full_grid,False,3438.61,0.0,5000,inf
2016-03-14,730.01,581.816,1311.826,740.182,288.12,1028.302,1028.302,0.0,0.0,0.0,283.524,0.0,0.0,0.0,0.0,0.0,200.0,0.2,1.0,0.0,0.0,19.96,0.0,0.0,19.96,0.784,1.0,0.784,minimize_generator,full_grid,False,3722.134,0.0,5000,inf
2016-03-15,658.73,599.958,1258.688,850.123,317.76,1167.883,1167.883,0.0,0.0,0.0,90.805,0.0,0.0,0.0,0.0,0.0,200.0,0.2,1.0,0.0,0.0,6.361,0.0,0.0,6.361,0.928,1.0,0.928,minimize_generator,full_grid,False,3812.939,0.0,5000,inf
2016-03-16,663.245,620.227,1283.472,969.406,310.68,1280.086,1280.086,0.0,0.0,0.0,3.386,0.0,0.0,0.0,0.0,0.0,200.0,0.2,1.0,0.0,0.0,0.237,0.0,0.0,0.237,0.997,1.0,0.997,minimize_generator,full_grid,False,3816.324,0.0,5000,inf
2016-03-17,733.565,643.566,1377.131,1000.921,301.72,1302.641,1302.641,0.0,0.0,0.0,74.49,0.0,0.0,0.0,0.0,0.0,200.0,0.2,1.0,0.0,0.0,5.225,0.0,0.0,5.225,0.946,1.0,0.946,minimize_generator,full_grid,False,3890.814,0.0,5000,inf
2016-03-18,662.685,661.581,1324.266,984.744,177.08,1161.824,1161.824,0.0,0.0,0.0,162.442,0.0,0.0,0.0,0.0,0.0,200.0,0.2,1.0,0.0,0.0,11.339,0.0,0.0,11.339,0.877,1.0,0.877,minimize_generator,full_grid,False,4053.256,0.0,5000,inf
2016-03-19,664.935,637.645,1302.58,924.315,91.28,1015.595,1015.595,0.0,0.0,0.0,286.985,0.0,0.0,0.0,0.0,0.0,200.0,0.2,1.0,0.0,0.0,20.063,0.0,0.0,20.063,0.78,1.0,0.78,minimize_generator,full_grid,False,4340.241,0.0,5000,inf
2016-03-20,731.7,624.07,1355.77,944.915,434.96,1379.875,1355.77,24.105,24.105,0.0,0.0,0.0,0.0,0.0,0.0,0.0,222.9,0.223,1.0,0.0,0.0,0.0,0.0,0.0,0.0,1.0,1.0,1.0,minimize_generator,full_grid,False,4340.241,0.0,5000,inf
2016-03-21,733.18,694.693,1427.873,1052.447,377.88,1430.327,1427.873,2.454,2.454,0.0,0.0,0.0,0.0,0.0,0.0,0.0,225.231,0.225,1.0,0.0,0.0,0.0,0.0,0.0,0.0,1.0,1.0,1.0,minimize_generator,full_grid,False,4340.241,0.0,5000,inf
2016-03-22,729.625,701.373,1430.998,1038.175,205.36,1243.535,1243.535,0.0,0.0,23.969,163.494,0.0,0.0,0.0,0.0,0.0,200.0,0.2,1.0,0.0,0.0,11.429,0.0,0.0,11.429,0.886,1.0,0.886,minimize_generator,full_grid,False,4503.735,0.0,5000,inf
2016-03-23,665.67,672.51,1338.18,935.739,33.28,969.019,969.019,0.0,0.0,0.0,369.161,0.0,0.0,0.0,0.0,0.0,200.0,0.2,1.0,0.0,0.0,25.757,0.0,0.0,25.757,0.724,1.0,0.724,minimize_generator,full_grid,False,4872.896,0.0,5000,inf
2016-03-24,736.525,612.452,1348.977,677.084,14.96,692.044,692.044,0.0,0.0,0.0,127.104,0.0,529.83,0.0,0.0,0.0,200.0,0.2,1.0,249.966,24.0,8.934,0.0,109.61,118.544,0.906,1.0,0.513,minimize_generator,full_grid,False,5000.0,0.0,5000,inf
2016-03-25,738.03,603.684,1341.714,651.625,19.92,671.545,671.545,0.0,0.0,0.0,0.0,0.0,670.169,0.0,0.0,0.0,200.0,0.2,1.0,278.034,24.0,0.0,0.0,121.918,121.918,1.0,1.0,0.501,minimize_generator,full_grid,False,5000.0,0.0,5000,inf
2016-03-26,735.43,645.32,1380.75,390.766,264.04,654.806,654.806,0.0,0.0,0.0,0.0,0.0,725.944,0.0,0.0,0.0,200.0,0.2,1.0,289.189,24.0,0.0,0.0,126.809,126.809,1.0,1.0,0.474,minimize_generator,full_grid,False,5000.0,0.0,5000,inf
2016-03-27,732.435,756.136,1488.571,889.655,420.8,1310.455,1310.455,0.0,0.0,0.0,0.0,0.0,178.116,0.0,0.0,0.0,200.0,0.2,1.0,106.87,11.874,0.0,0.0,46.862,46.862,1.0,1.0,0.88,minimize_generator,full_grid,False,5000.0,0.0,5000,inf
2016-03-28,729.45,783.04,1512.49,1058.435,491.12,1549.555,1512.49,37.065,37.065,0.0,0.0,0.0,0.0,0.0,0.0,0.0,235.212,0.235,1.0,0.0,0.0,0.0,0.0,0.0,0.0,1.0,1.0,1.0,minimize_generator,full_grid,False,5000.0,0.0,5000,inf
2016-03-29,729.625,859.351,1588.976,1080.521,422.16,1502.681,1502.681,0.0,37.156,33.451,0.0,0.0,52.844,37.156,0.0,0.0,235.298,0.235,0.85,54.0,6.0,0.0,0.0,23.679,23.679,1.0,1.0,0.967,minimize_generator,full_grid,False,5000.0,0.0,5000,inf
2016-03-30,734.87,864.837,1599.707,1068.365,286.28,1354.645,1354.645,0.0,0.0,33.533,0.0,0.0,211.529,0.0,0.0,0.0,200.0,0.2,0.85,126.917,14.102,0.0,0.0,55.653,55.653,1.0,1.0,0.865,minimize_generator,full_grid,False,5000.0,0.0,5000,inf
2016-03-31,734.87,982.118,1716.988,1067.753,131.84,1199.593,1199.593,0.0,0.0,0.0,0.0,0.0,517.395,0.0,0.0,0.0,200.0,0.2,0.85,247.479,24.0,0.0,0.0,108.52,108.52,1.0,1.0,0.699,minimize_generator,full_grid,False,5000.0,0.0,5000,inf
2016-04-01,809.73,990.42,1800.15,1080.932,60.72,1141.652,1141.652,0.0,0.0,0.0,658.498,0.0,0.0,0.0,0.0,0.0,200.0,0.2,0.85,0.0,0.0,49.86,0.0,0.0,49.86,0.634,1.0,0.634,minimize_generator,full_grid,False,658.498,0.0,5000,inf
2016-04-02,736.35,898.872,1635.222,1072.618,17.76,1090.378,1090.378,0.0,0.0,0.0,544.844,0.0,0.0,0.0,0.0,0.0,200.0,0.2,0.85,0.0,0.0,41.257,0.0,0.0,41.257,0.667,1.0,0.667,minimize_generator,full_grid,False,1203.342,0.0,5000,inf
2016-04-03,665.67,996.934,1662.604,1053.231,97.36,1150.591,1150.591,0.0,0.0,0.0,512.013,0.0,0.0,0.0,0.0,0.0,200.0,0.2,0.85,0.0,0.0,38.475,0.0,0.0,38.475,0.692,1.0,0.692,minimize_generator,full_grid,False,1715.355,0.0,5000,inf
2016-04-04,738.39,974.732,1713.122,1050.498,43.0,1093.498,1093.498,0.0,0.0,0.0,619.624,0.0,0.0,0.0,0.0,0.0,200.0,0.2,0.85,0.0,0.0,46.781,0.0,0.0,46.781,0.638,1.0,0.638,minimize_generator,full_grid,False,2334.978,0.0,5000,inf
2016-04-05,731.14,1032.239,1763.379,1015.876,123.28,1139.156,1139.156,0.0,0.0,0.0,624.223,0.0,0.0,0.0,0.0,0.0,200.0,0.2,0.85,0.0,0.0,47.01,0.0,0.0,47.01,0.646,1.0,0.646,minimize_generator,full_grid,False,2959.201,0.0,5000,inf
2016-04-06,733.74,977.716,1711.456,1002.676,154.04,1156.716,1156.716,0.0,0.0,0.0,554.74,0.0,0.0,0.0,0.0,0.0,200.0,0.2,0.85,0.0,0.0,41.868,0.0,0.0,41.868,0.676,1.0,0.676,minimize_generator,full_grid,False,3513.941,0.0,5000,inf
2016-04-07,736.35,1084.17,1820.52,1059.039,110.0,1169.039,1169.039,0.0,0.0,0.0,651.481,0.0,0.0,0.0,0.0,0.0,200.0,0.2,0.85,0.0,0.0,48.986,0.0,0.0,48.986,0.642,1.0,0.642,minimize_generator,full_grid,False,4165.421,0.0,5000,inf
2016-04-08,814.205,924.447,1738.652,929.62,0.12,929.74,929.74,0.0,0.0,0.0,808.912,0.0,0.0,0.0,0.0,0.0,200.0,0.2,0.85,0.0,0.0,61.423,0.0,0.0,61.423,0.535,1.0,0.535,minimize_generator,full_grid,False,4974.334,0.0,5000,inf
2016-04-09,818.67,873.656,1692.326,761.733,28.36,790.093,790.093,0.0,0.0,0.0,25.666,0.0,876.567,0.0,0.0,0.0,200.0,0.2,0.85,319.313,24.0,1.954,0.0,134.207,136.161,0.985,1.0,0.467,minimize_generator,full_grid,False,5000.0,0.0,5000,inf
2016-04-10,809.73,701.977,1511.707,566.682,45.04,611.722,611.722,0.0,0.0,0.0,0.0,0.0,899.985,0.0,0.0,0.0,200.0,0.2,0.85,323.997,24.0,0.0,0.0,136.176,136.176,1.0,1.0,0.405,minimize_generator,full_grid,False,5000.0,0.0,5000,inf
2016-04-11,736.165,997.779,1733.944,978.244,249.0,1227.244,1227.244,0.0,0.0,0.0,0.0,0.0,506.7,0.0,0.0,0.0,200.0,0.2,0.85,245.34,24.0,0.0,0.0,103.116,103.116,1.0,1.0,0.708,minimize_generator,full_grid,False,5000.0,0.0,5000,inf
2016-04-12,810.115,876.874,1686.989,1106.853,465.72,1572.573,1572.573,0.0,0.0,0.0,0.0,0.0,114.416,0.0,0.0,0.0,200.0,0.2,0.85,68.65,7.628,0.0,0.0,28.854,28.854,1.0,1.0,0.932,minimize_generator,full_grid,False,5000.0,0.0,5000,inf
2016-04-13,811.595,799.727,1611.322,955.951,410.92,1366.871,1366.871,0.0,0.0,0.0,0.0,0.0,244.451,0.0,0.0,0.0,200.0,0.2,0.85,146.671,16.297,0.0,0.0,61.646,61.646,1.0,1.0,0.848,minimize_generator,full_grid,False,5000.0,0.0,5000,inf
2016-04-14,736.525,791.213,1527.738,1040.196,280.76,1320.956,1320.956,0.0,0.0,0.0,0.0,0.0,206.782,0.0,0.0,0.0,200.0,0.2,0.85,124.069,13.785,0.0,0.0,52.146,52.146,1.0,1.0,0.865,minimize_generator,full_grid,False,5000.0,0.0,5000,inf
2016-04-15,815.71,746.619,1562.329,1114.526,20.24,1134.766,1134.766,0.0,0.0,0.0,0.0,0.0,427.563,0.0,0.0,0.0,200.0,0.2,0.85,229.513,24.0,0.0,0.0,96.464,96.464,1.0,1.0,0.726,minimize_generator,full_grid,False,5000.0,0.0,5000,inf
2016-04-16,810.115,781.831,1591.946,1114.627,9.96,1124.587,1124.587,0.0,0.0,0.0,0.0,0.0,467.359,0.0,0.0,0.0,200.0,0.2,0.85,237.472,24.0,0.0,0.0,99.809,99.809,1.0,1.0,0.706,minimize_generator,full_grid,False,5000.0,0.0,5000,inf
2016-04-17,811.595,842.595,1654.19,1106.304,58.92,1165.224,1165.224,0.0,0.0,0.0,0.0,0.0,488.966,0.0,0.0,0.0,200.0,0.2,0.85,241.793,24.0,0.0,0.0,101.626,101.626,1.0,1.0,0.704,minimize_generator,full_grid,False,5000.0,0.0,5000,inf
2016-04-18,812.54,808.631,1621.171,1118.556,148.64,1267.196,1267.196,0.0,0.0,0.0,0.0,0.0,353.975,0.0,0.0,0.0,200.0,0.2,0.85,212.385,23.598,0.0,0.0,89.265,89.265,1.0,1.0,0.782,minimize_generator,full_grid,False,5000.0,0.0,5000,inf
2016-04-19,811.77,661.875,1473.645,1096.137,21.88,1118.017,1118.017,0.0,0.0,0.0,0.0,0.0,355.628,0.0,0.0,0.0,200.0,0.2,0.85,213.377,23.709,0.0,0.0,89.682,89.682,1.0,1.0,0.759,minimize_generator,full_grid,False,5000.0,0.0,5000,inf
2016-04-20,813.845,596.028,1409.873,1061.153,12.44,1073.593,1073.593,0.0,0.0,0.0,0.0,0.0,336.28,0.0,0.0,0.0,200.0,0.2,0.85,201.768,22.419,0.0,0.0,84.803,84.803,1.0,1.0,0.761,minimize_generator,full_grid,False,5000.0,0.0,5000,inf
2016-04-21,737.655,553.775,1291.43,1036.555,11.96,1048.515,1048.515,0.0,0.0,0.0,0.0,0.0,242.915,0.0,0.0,0.0,200.0,0.2,0.85,145.749,16.194,0.0,0.0,61.258,61.258,1.0,1.0,0.812,minimize_generator,full_grid,False,5000.0,0.0,5000,inf
2016-04-22,738.215,451.769,1189.984,1047.372,12.44,1059.812,1059.812,0.0,0.0,0.0,0.0,0.0,130.172,0.0,0.0,0.0,200.0,0.2,0.85,78.103,8.678,0.0,0.0,32.827,32.827,1.0,1.0,0.891,minimize_generator,full_grid,False,5000.0,0.0,5000,inf
2016-04-23,736.525,363.681,1100.206,1071.794,23.56,1095.354,1095.354,0.0,85.148,0.0,0.0,0.0,4.852,85.148,0.0,0.0,280.891,0.281,0.605,54.0,6.0,0.0,0.0,22.696,22.696,1.0,1.0,0.996,minimize_generator,full_grid,False,5000.0,0.0,5000,inf
2016-04-24,813.46,281.571,1095.031,1040.993,37.72,1078.713,1078.713,0.0,0.0,16.318,0.0,0.0,0.0,0.0,0.0,0.0,263.714,0.264,0.605,0.0,0.0,0.0,0.0,0.0,0.0,1.0,1.0,0.994,minimize_generator,full_grid,False,5000.0,0.0,5000,inf
2016-04-25,815.15,214.192,1029.342,1068.326,26.08,1094.406,1029.342,65.064,65.064,0.0,0.0,0.0,0.0,0.0,0.0,0.0,325.525,0.326,0.68,0.0,0.0,0.0,0.0,0.0,0.0,1.0,1.0,1.0,minimize_generator,full_grid,False,5000.0,0.0,5000,inf
2016-04-26,814.205,159.814,974.019,1082.64,42.52,1125.16,974.019,151.141,151.141,0.0,0.0,0.0,0.0,0.0,0.0,0.0,469.108,0.469,0.778,0.0,0.0,0.0,0.0,0.0,0.0,1.0,1.0,1.0,minimize_generator,full_grid,False,5000.0,0.0,5000,inf
2016-04-27,889.66,113.757,1003.417,989.989,439.52,1429.509,1003.417,426.092,348.307,0.0,0.0,77.785,0.0,0.0,0.0,0.0,800.0,0.8,0.87,0.0,0.0,0.0,0.0,0.0,0.0,1.0,0.946,1.0,minimize_generator,full_grid,False,5000.0,77.785,5000,inf
2016-04-28,813.075,86.011,899.086,1187.862,468.0,1655.862,899.086,756.776,0.0,0.0,0.0,756.776,0.0,0.0,0.0,0.0,800.0,0.8,0.87,0.0,0.0,0.0,0.0,0.0,0.0,1.0,0.543,1.0,minimize_generator,full_grid,False,5000.0,834.561,5000,inf
2016-04-29,815.885,63.548,879.433,1190.668,294.48,1485.148,879.433,605.715,0.0,0.0,0.0,605.715,0.0,0.0,0.0,0.0,800.0,0.8,0.87,0.0,0.0,0.0,0.0,0.0,0.0,1.0,0.592,1.0,minimize_generator,full_grid,False,5000.0,1440.276,5000,inf
2016-04-30,809.73,46.659,856.389,1149.531,14.44,1163.971,856.389,307.582,0.0,0.0,0.0,307.582,0.0,0.0,0.0,0.0,800.0,0.8,0.87,0.0,0.0,0.0,0.0,0.0,0.0,1.0,0.736,1.0,minimize_generator,full_grid,False,5000.0,1747.858,5000,inf
2016-05-01,812.715,1190.553,2003.268,1102.207,6.96,1109.167,1109.167,0.0,0.0,570.0,324.101,0.0,0.0,0.0,0.0,0.0,200.0,0.2,0.87,0.0,0.0,24.79,0.0,0.0,24.79,0.838,1.0,0.801,minimize_generator,full_grid,False,324.101,0.0,5000,inf
2016-05-02,817.015,1256.013,2073.028,1107.9,99.68,1207.58,1207.58,0.0,0.0,0.0,865.448,0.0,0.0,0.0,0.0,0.0,200.0,0.2,0.87,0.0,0.0,66.077,0.0,0.0,66.077,0.583,1.0,0.583,minimize_generator,full_grid,False,1189.55,0.0,5000,inf
2016-05-03,817.935,1238.817,2056.752,1035.53,70.84,1106.37,1106.37,0.0,0.0,0.0,950.382,0.0,0.0,0.0,0.0,0.0,200.0,0.2,0.87,0.0,0.0,72.602,0.0,0.0,72.602,0.538,1.0,0.538,minimize_generator,full_grid,False,2139.932,0.0,5000,inf
2016-05-04,813.845,1005.949,1819.794,755.226,498.68,1253.906,1253.906,0.0,0.0,0.0,565.888,0.0,0.0,0.0,0.0,0.0,200.0,0.2,0.87,0.0,0.0,43.56,0.0,0.0,43.56,0.689,1.0,0.689,minimize_generator,full_grid,False,2705.82,0.0,5000,inf
2016-05-05,814.94,1201.925,2016.865,1055.659,316.0,1371.659,1371.659,0.0,0.0,0.0,645.206,0.0,0.0,0.0,0.0,0.0,200.0,0.2,0.87,0.0,0.0,49.338,0.0,0.0,49.338,0.68,1.0,0.68,minimize_generator,full_grid,False,3351.027,0.0,5000,inf
2016-05-06,809.905,1105.237,1915.142,1081.036,434.96,1515.996,1515.996,0.0,0.0,0.0,399.146,0.0,0.0,0.0,0.0,0.0,200.0,0.2,0.87,0.0,0.0,30.611,0.0,0.0,30.611,0.792,1.0,0.792,minimize_generator,full_grid,False,3750.173,0.0,5000,inf
2016-05-07,814.58,1076.046,1890.626,1125.896,354.52,1480.416,1480.416,0.0,0.0,0.0,410.21,0.0,0.0,0.0,0.0,0.0,200.0,0.2,0.87,0.0,0.0,31.498,0.0,0.0,31.498,0.783,1.0,0.783,minimize_generator,full_grid,False,4160.383,0.0,5000,inf
2016-05-08,890.22,934.095,1824.315,868.654,281.68,1150.334,1150.334,0.0,0.0,0.0,673.981,0.0,0.0,0.0,0.0,0.0,200.0,0.2,0.87,0.0,0.0,52.205,0.0,0.0,52.205,0.631,1.0,0.631,minimize_generator,full_grid,False,4834.364,0.0,5000,inf
2016-05-09,818.67,953.608,1772.278,1018.253,17.48,1035.733,1035.733,0.0,0.0,0.0,165.636,0.0,570.909,0.0,0.0,0.0,200.0,0.2,0.87,258.182,24.0,12.779,0.0,103.66,116.439,0.907,1.0,0.584,minimize_generator,full_grid,False,5000.0,0.0,5000,inf
2016-05-10,818.67,1107.111,1925.781,1119.437,159.52,1278.957,1278.957,0.0,0.0,0.0,0.0,0.0,646.824,0.0,0.0,0.0,200.0,0.2,0.87,273.365,24.0,0.0,0.0,109.756,109.756,1.0,1.0,0.664,minimize_generator,full_grid,False,5000.0,0.0,5000,inf
2016-05-11,817.19,992.885,1810.075,1159.704,422.84,1582.544,1582.544,0.0,0.0,0.0,0.0,0.0,227.531,0.0,0.0,0.0,200.0,0.2,0.87,136.519,15.169,0.0,0.0,54.812,54.812,1.0,1.0,0.874,minimize_generator,full_grid,False,5000.0,0.0,5000,inf
2016-05-12,817.365,964.183,1781.548,1198.255,259.36,1457.615,1457.615,0.0,0.0,0.0,0.0,0.0,323.933,0.0,0.0,0.0,200.0,0.2,0.87,194.36,21.596,0.0,0.0,78.035,78.035,1.0,1.0,0.818,minimize_generator,full_grid,False,5000.0,0.0,5000,inf
2016-05-13,815.15,875.697,1690.847,1116.684,109.2,1225.884,1225.884,0.0,0.0,0.0,0.0,0.0,464.963,0.0,0.0,0.0,200.0,0.2,0.87,236.993,24.0,0.0,0.0,95.153,95.153,1.0,1.0,0.725,minimize_generator,full_grid,False,5000.0,0.0,5000,inf
2016-05-14,891.14,790.273,1681.413,1097.261,33.72,1130.981,1130.981,0.0,0.0,0.0,0.0,0.0,550.432,0.0,0.0,0.0,200.0,0.2,0.87,254.086,24.0,0.0,0.0,102.016,102.016,1.0,1.0,0.673,minimize_generator,full_grid,False,5000.0,0.0,5000,inf
2016-05-15,890.405,707.164,1597.569,1098.765,127.52,1226.285,1226.285,0.0,0.0,0.0,0.0,0.0,371.284,0.0,0.0,0.0,200.0,0.2,0.87,218.257,24.0,0.0,0.0,87.63,87.63,1.0,1.0,0.768,minimize_generator,full_grid,False,5000.0,0.0,5000,inf
2016-05-16,890.965,683.537,1574.502,1114.756,4.96,1119.716,1119.716,0.0,0.0,0.0,0.0,0.0,454.786,0.0,0.0,0.0,200.0,0.2,0.87,234.957,24.0,0.0,0.0,94.335,94.335,1.0,1.0,0.711,minimize_generator,full_grid,False,5000.0,0.0,5000,inf
2016-05-17,816.805,604.349,1421.154,1095.592,455.76,1551.352,1421.154,130.198,130.198,0.0,0.0,0.0,0.0,0.0,0.0,0.0,323.688,0.324,0.92,0.0,0.0,0.0,0.0,0.0,0.0,1.0,1.0,1.0,minimize_generator,full_grid,False,5000.0,0.0,5000,inf
2016-05-18,811.035,526.178,1337.213,1090.715,504.08,1594.795,1337.213,257.582,257.582,0.0,0.0,0.0,0.0,0.0,0.0,0.0,568.391,0.568,0.954,0.0,0.0,0.0,0.0,0.0,0.0,1.0,1.0,1.0,minimize_generator,full_grid,False,5000.0,0.0,5000,inf
2016-05-19,893.95,332.571,1226.521,1198.149,489.16,1687.309,1226.521,460.788,243.799,0.0,0.0,216.989,0.0,0.0,0.0,0.0,800.0,0.8,0.967,0.0,0.0,0.0,0.0,0.0,0.0,1.0,0.871,1.0,minimize_generator,full_grid,False,5000.0,216.989,5000,inf
2016-05-20,817.75,316.61,1134.36,1222.049,336.88,1558.929,1134.36,424.569,0.0,0.0,0.0,424.569,0.0,0.0,0.0,0.0,800.0,0.8,0.967,0.0,0.0,0.0,0.0,0.0,0.0,1.0,0.728,1.0,minimize_generator,full_grid,False,5000.0,641.558,5000,inf
2016-05-21,816.63,319.7,1136.33,1122.507,264.96,1387.467,1136.33,251.137,0.0,0.0,0.0,251.137,0.0,0.0,0.0,0.0,800.0,0.8,0.967,0.0,0.0,0.0,0.0,0.0,0.0,1.0,0.819,1.0,minimize_generator,full_grid,False,5000.0,892.695,5000,inf
2016-05-22,893.39,278.133,1171.523,1117.5,69.52,1187.02,1171.523,15.497,0.0,0.0,0.0,15.497,0.0,0.0,0.0,0.0,800.0,0.8,0.967,0.0,0.0,0.0,0.0,0.0,0.0,1.0,0.987,1.0,minimize_generator,full_grid,False,5000.0,908.192,5000,inf
2016-05-23,818.88,266.891,1085.771,1085.81,515.68,1601.49,1085.771,515.719,0.0,0.0,0.0,515.719,0.0,0.0,0.0,0.0,800.0,0.8,0.967,0.0,0.0,0.0,0.0,0.0,0.0,1.0,0.678,1.0,minimize_generator,full_grid,False,5000.0,1423.911,5000,inf
2016-05-24,895.255,159.648,1054.903,1189.956,474.08,1664.036,1054.903,609.133,0.0,0.0,0.0,609.133,0.0,0.0,0.0,0.0,800.0,0.8,0.967,0.0,0.0,0.0,0.0,0.0,0.0,1.0,0.634,1.0,minimize_generator,full_grid,False,5000.0,2033.044,5000,inf
2016-05-25,893.775,144.34,1038.115,1223.487,276.16,1499.647,1038.115,461.532,0.0,0.0,0.0,461.532,0.0,0.0,0.0,0.0,800.0,0.8,0.967,0.0,0.0,0.0,0.0,0.0,0.0,1.0,0.692,1.0,minimize_generator,full_grid,False,5000.0,2494.576,5000,inf
2016-05-26,894.31,125.754,1020.064,1176.495,70.2,1246.695,1020.064,226.631,0.0,0.0,0.0,226.631,0.0,0.0,0.0,0.0,800.0,0.8,0.967,0.0,0.0,0.0,0.0,0.0,0.0,1.0,0.818,1.0,minimize_generator,full_grid,False,5000.0,2721.206,5000,inf
2016-05-27,816.27,105.13,921.4,1170.314,498.68,1668.994,921.4,747.594,0.0,0.0,0.0,747.594,0.0,0.0,0.0,0.0,800.0,0.8,0.967,0.0,0.0,0.0,0.0,0.0,0.0,1.0,0.552,1.0,minimize_generator,full_grid,False,5000.0,3468.8,5000,inf
2016-05-28,896.735,88.043,984.778,1215.579,437.6,1653.179,984.778,668.401,0.0,0.0,0.0,668.401,0.0,0.0,0.0,0.0,800.0,0.8,0.967,0.0,0.0,0.0,0.0,0.0,0.0,1.0,0.596,1.0,minimize_generator,full_grid,False,5000.0,4137.202,5000,inf
2016-05-29,893.39,69.42,962.81,1226.226,408.76,1634.986,962.81,672.176,0.0,0.0,0.0,672.176,0.0,0.0,0.0,0.0,800.0,0.8,0.967,0.0,0.0,0.0,0.0,0.0,0.0,1.0,0.589,1.0,minimize_generator,full_grid,False,5000.0,4809.378,5000,inf
2016-05-30,891.35,55.469,946.819,1214.704,289.04,1503.744,946.819,556.925,0.0,0.0,0.0,556.925,0.0,0.0,0.0,0.0,800.0,0.8,0.967,0.0,0.0,0.0,0.0,0.0,0.0,1.0,0.63,1.0,minimize_generator,full_grid,False,5000.0,5366.302,5000,inf
2016-05-31,893.39,39.221,932.611,1208.089,118.24,1326.329,932.611,393.718,0.0,0.0,0.0,393.718,0.0,0.0,0.0,0.0,800.0,0.8,0.967,0.0,0.0,0.0,0.0,0.0,0.0,1.0,0.703,1.0,minimize_generator,full_grid,False,5000.0,5760.02,5000,inf
2016-06-01,815.885,885.962,1701.847,1151.966,158.6,1310.566,1310.566,0.0,0.0,391.281,0.0,0.0,0.0,0.0,0.0,0.0,388.126,0.388,0.967,0.0,0.0,0.0,0.0,0.0,0.0,1.0,1.0,0.993,minimize_generator,full_grid,False,0.0,0.0,5000,inf
2016-06-02,894.87,935.316,1830.186,1131.916,270.56,1402.476,1402.476,0.0,0.0,178.719,248.99,0.0,0.0,0.0,0.0,0.0,200.0,0.2,0.967,0.0,0.0,18.382,0.0,0.0,18.382,0.864,1.0,0.861,minimize_generator,full_grid,False,248.99,0.0,5000,inf
2016-06-03,889.66,910.777,1800.437,1123.624,91.28,1214.904,1214.904,0.0,0.0,0.0,585.533,0.0,0.0,0.0,0.0,0.0,200.0,0.2,0.967,0.0,0.0,43.261,0.0,0.0,43.261,0.675,1.0,0.675,minimize_generator,full_grid,False,834.523,0.0,5000,inf
2016-06-04,818.135,851.989,1670.124,1072.641,32.44,1105.081,1105.081,0.0,0.0,0.0,565.043,0.0,0.0,0.0,0.0,0.0,200.0,0.2,0.967,0.0,0.0,41.72,0.0,0.0,41.72,0.662,1.0,0.662,minimize_generator,full_grid,False,1399.566,0.0,5000,inf
2016-06-05,817.75,868.756,1686.506,1064.201,91.28,1155.481,1155.481,0.0,0.0,0.0,531.025,0.0,0.0,0.0,0.0,0.0,200.0,0.2,0.967,0.0,0.0,39.179,0.0,0.0,39.179,0.685,1.0,0.685,minimize_generator,full_grid,False,1930.591,0.0,5000,inf
2016-06-06,898.425,949.551,1847.976,1156.967,391.76,1548.727,1548.727,0.0,0.0,0.0,299.249,0.0,0.0,0.0,0.0,0.0,200.0,0.2,0.967,0.0,0.0,22.083,0.0,0.0,22.083,0.838,1.0,0.838,minimize_generator,full_grid,False,2229.84,0.0,5000,inf
2016-06-07,892.085,862.786,1754.871,1158.532,125.84,1284.372,1284.372,0.0,0.0,0.0,470.499,0.0,0.0,0.0,0.0,0.0,200.0,0.2,0.967,0.0,0.0,34.838,0.0,0.0,34.838,0.732,1.0,0.732,minimize_generator,full_grid,False,2700.339,0.0,5000,inf
2016-06-08,900.29,839.185,1739.475,1134.21,24.64,1158.85,1158.85,0.0,0.0,0.0,580.625,0.0,0.0,0.0,0.0,0.0,200.0,0.2,0.967,0.0,0.0,43.052,0.0,0.0,43.052,0.666,1.0,0.666,minimize_generator,full_grid,False,3280.963,0.0,5000,inf
2016-06-09,892.83,743.678,1636.508,1149.256,485.64,1634.896,1634.896,0.0,0.0,0.0,1.612,0.0,0.0,0.0,0.0,0.0,200.0,0.2,0.967,0.0,0.0,0.12,0.0,0.0,0.12,0.999,1.0,0.999,minimize_generator,full_grid,False,3282.575,0.0,5000,inf
2016-06-10,817.935,736.063,1553.998,1199.862,444.0,1643.862,1553.998,89.864,89.864,0.0,0.0,0.0,0.0,0.0,0.0,0.0,285.371,0.285,0.977,0.0,0.0,0.0,0.0,0.0,0.0,1.0,1.0,1.0,minimize_generator,full_grid,False,3282.575,0.0,5000,inf
2016-06-11,890.965,795.665,1686.63,1184.918,320.4,1505.318,1505.318,0.0,0.0,81.102,100.209,0.0,0.0,0.0,0.0,0.0,200.0,0.2,0.977,0.0,0.0,7.442,0.0,0.0,7.442,0.941,1.0,0.939,minimize_generator,full_grid,False,3382.784,0.0,5000,inf
2016-06-12,899.905,676.023,1575.928,1121.066,10.4,1131.466,1131.466,0.0,0.0,0.0,444.462,0.0,0.0,0.0,0.0,0.0,200.0,0.2,0.977,0.0,0.0,33.225,0.0,0.0,33.225,0.718,1.0,0.718,minimize_generator,full_grid,False,3827.246,0.0,5000,inf
2016-06-13,894.87,660.398,1555.268,1109.033,16.92,1125.953,1125.953,0.0,0.0,0.0,429.315,0.0,0.0,0.0,0.0,0.0,200.0,0.2,0.977,0.0,0.0,32.114,0.0,0.0,32.114,0.724,1.0,0.724,minimize_generator,full_grid,False,4256.561,0.0,5000,inf
2016-06-14,893.565,666.421,1559.986,1095.186,40.56,1135.746,1135.746,0.0,0.0,0.0,424.24,0.0,0.0,0.0,0.0,0.0,200.0,0.2,0.977,0.0,0.0,31.722,0.0,0.0,31.722,0.728,1.0,0.728,minimize_generator,full_grid,False,4680.801,0.0,5000,inf
2016-06-15,896.375,690.086,1586.461,1129.035,244.28,1373.315,1373.315,0.0,0.0,0.0,213.146,0.0,0.0,0.0,0.0,0.0,200.0,0.2,0.977,0.0,0.0,15.919,0.0,0.0,15.919,0.866,1.0,0.866,minimize_generator,full_grid,False,4893.947,0.0,5000,inf
2016-06-16,897.865,615.296,1513.161,1219.098,407.32,1626.418,1513.161,113.257,113.257,0.0,0.0,0.0,0.0,0.0,0.0,0.0,307.594,0.308,0.985,0.0,0.0,0.0,0.0,0.0,0.0,1.0,1.0,1.0,minimize_generator,full_grid,False,4893.947,0.0,5000,inf
2016-06-17,900.29,598.277,1498.567,1197.477,155.88,1353.357,1353.357,0.0,0.0,102.215,42.995,0.0,0.0,0.0,0.0,0.0,200.0,0.2,0.985,0.0,0.0,3.228,0.0,0.0,3.228,0.971,1.0,0.97,minimize_generator,full_grid,False,4936.942,0.0,5000,inf
2016-06-18,901.77,547.239,1449.009,1172.397,132.72,1305.117,1305.117,0.0,9.166,0.0,63.058,0.0,80.834,9.166,0.0,0.0,208.707,0.209,0.944,54.0,6.0,4.75,0.0,21.136,25.886,0.956,1.0,0.901,minimize_generator,full_grid,False,5000.0,0.0,5000,inf
2016-06-19,895.08,502.389,1397.469,1150.161,1.44,1151.601,1151.601,0.0,0.0,8.272,0.0,0.0,237.596,0.0,0.0,0.0,200.0,0.2,0.944,142.557,15.84,0.0,0.0,55.797,55.797,1.0,1.0,0.83,minimize_generator,full_grid,False,5000.0,0.0,5000,inf
2016-06-20,891.7,555.162,1446.862,1179.182,95.8,1274.982,1274.982,0.0,0.0,0.0,0.0,0.0,171.88,0.0,0.0,0.0,200.0,0.2,0.944,103.128,11.459,0.0,0.0,40.364,40.364,1.0,1.0,0.881,minimize_generator,full_grid,False,5000.0,0.0,5000,inf
2016-06-21,895.255,582.465,1477.72,1213.612,389.48,1603.092,1477.72,125.372,125.372,0.0,0.0,0.0,0.0,0.0,0.0,0.0,319.104,0.319,0.965,0.0,0.0,0.0,0.0,0.0,0.0,1.0,1.0,1.0,minimize_generator,full_grid,False,5000.0,0.0,5000,inf
2016-06-22,897.865,580.581,1478.446,1202.591,304.44,1507.031,1478.446,28.585,28.585,0.0,0.0,0.0,0.0,0.0,0.0,0.0,346.259,0.346,0.968,0.0,0.0,0.0,0.0,0.0,0.0,1.0,1.0,1.0,minimize_generator,full_grid,False,5000.0,0.0,5000,inf
2016-06-23,893.39,491.657,1385.047,1193.631,282.6,1476.231,1385.047,91.184,91.184,0.0,0.0,0.0,0.0,0.0,0.0,0.0,432.884,0.433,0.974,0.0,0.0,0.0,0.0,0.0,0.0,1.0,1.0,1.0,minimize_generator,full_grid,False,5000.0,0.0,5000,inf
2016-06-24,893.565,424.288,1317.853,1172.791,181.76,1354.551,1317.853,36.698,36.698,0.0,0.0,0.0,0.0,0.0,0.0,0.0,467.747,0.468,0.976,0.0,0.0,0.0,0.0,0.0,0.0,1.0,1.0,1.0,minimize_generator,full_grid,False,5000.0,0.0,5000,inf
2016-06-25,898.425,409.252,1307.677,1148.734,221.52,1370.254,1307.677,62.577,62.577,0.0,0.0,0.0,0.0,0.0,0.0,0.0,527.196,0.527,0.979,0.0,0.0,0.0,0.0,0.0,0.0,1.0,1.0,1.0,minimize_generator,full_grid,False,5000.0,0.0,5000,inf
2016-06-26,897.12,413.095,1310.215,1134.788,308.92,1443.708,1310.215,133.493,133.493,0.0,0.0,0.0,0.0,0.0,0.0,0.0,654.014,0.654,0.983,0.0,0.0,0.0,0.0,0.0,0.0,1.0,1.0,1.0,minimize_generator,full_grid,False,5000.0,0.0,5000,inf
2016-06-27,897.505,403.121,1300.626,1113.758,458.12,1571.878,1300.626,271.252,153.669,0.0,0.0,117.583,0.0,0.0,0.0,0.0,800.0,0.8,0.986,0.0,0.0,0.0,0.0,0.0,0.0,1.0,0.925,1.0,minimize_generator,full_grid,False,5000.0,117.583,5000,inf
2016-06-28,894.695,164.155,1058.85,1166.925,468.56,1635.485,1058.85,576.635,0.0,0.0,0.0,576.635,0.0,0.0,0.0,0.0,800.0,0.8,0.986,0.0,0.0,0.0,0.0,0.0,0.0,1.0,0.647,1.0,minimize_generator,full_grid,False,5000.0,694.218,5000,inf
2016-06-29,896.735,14.952,911.687,1152.229,245.24,1397.469,911.687,485.782,0.0,0.0,0.0,485.782,0.0,0.0,0.0,0.0,800.0,0.8,0.986,0.0,0.0,0.0,0.0,0.0,0.0,1.0,0.652,1.0,minimize_generator,full_grid,False,5000.0,1180.0,5000,inf
2016-06-30,894.31,17.695,912.005,1188.09,272.44,1460.53,912.005,548.525,0.0,0.0,0.0,548.525,0.0,0.0,0.0,0.0,800.0,0.8,0.986,0.0,0.0,0.0,0.0,0.0,0.0,1.0,0.624,1.0,minimize_generator,full_grid,False,5000.0,1728.525,5000,inf
2016-07-01,901.025,25.996,927.021,1185.29,388.72,1574.01,927.021,646.989,0.0,0.0,0.0,646.989,0.0,0.0,0.0,0.0,800.0,0.8,0.986,0.0,0.0,0.0,0.0,0.0,0.0,1.0,0.589,1.0,minimize_generator,full_grid,False,0.0,646.989,5000,inf
2016-07-02,901.77,38.391,940.161,1215.85,366.76,1582.61,940.161,642.449,0.0,0.0,0.0,642.449,0.0,0.0,0.0,0.0,800.0,0.8,0.986,0.0,0.0,0.0,0.0,0.0,0.0,1.0,0.594,1.0,minimize_generator,full_grid,False,0.0,1289.438,5000,inf
2016-07-03,890.965,36.951,927.916,1176.806,305.32,1482.126,927.916,554.21,0.0,0.0,0.0,554.21,0.0,0.0,0.0,0.0,800.0,0.8,0.986,0.0,0.0,0.0,0.0,0.0,0.0,1.0,0.626,1.0,minimize_generator,full_grid,False,0.0,1843.648,5000,inf
2016-07-04,894.51,35.113,929.623,1160.092,381.0,1541.092,929.623,611.469,0.0,0.0,0.0,611.469,0.0,0.0,0.0,0.0,800.0,0.8,0.986,0.0,0.0,0.0,0.0,0.0,0.0,1.0,0.603,1.0,minimize_generator,full_grid,False,0.0,2455.117,5000,inf
2016-07-05,892.445,35.162,927.607,1176.698,316.0,1492.698,927.607,565.091,0.0,0.0,0.0,565.091,0.0,0.0,0.0,0.0,800.0,0.8,0.986,0.0,0.0,0.0,0.0,0.0,0.0,1.0,0.621,1.0,minimize_generator,full_grid,False,0.0,3020.208,5000,inf
2016-07-06,895.64,36.092,931.732,1149.38,114.08,1263.46,931.732,331.728,0.0,0.0,0.0,331.728,0.0,0.0,0.0,0.0,800.0,0.8,0.986,0.0,0.0,0.0,0.0,0.0,0.0,1.0,0.737,1.0,minimize_generator,full_grid,False,0.0,3351.936,5000,inf
2016-07-07,897.865,36.609,934.474,1161.174,58.32,1219.494,934.474,285.02,0.0,0.0,0.0,285.02,0.0,0.0,0.0,0.0,800.0,0.8,0.986,0.0,0.0,0.0,0.0,0.0,0.0,1.0,0.766,1.0,minimize_generator,full_grid,False,0.0,3636.956,5000,inf
2016-07-08,892.83,36.141,928.971,1138.166,264.96,1403.126,928.971,474.155,0.0,0.0,0.0,474.155,0.0,0.0,0.0,0.0,800.0,0.8,0.986,0.0,0.0,0.0,0.0,0.0,0.0,1.0,0.662,1.0,minimize_generator,full_grid,False,0.0,4111.111,5000,inf
2016-07-09,894.87,36.641,931.511,1129.927,168.72,1298.647,931.511,367.136,0.0,0.0,0.0,367.136,0.0,0.0,0.0,0.0,800.0,0.8,0.986,0.0,0.0,0.0,0.0,0.0,0.0,1.0,0.717,1.0,minimize_generator,full_grid,False,0.0,4478.247,5000,inf
2016-07-10,894.51,37.274,931.784,1118.264,180.8,1299.064,931.784,367.28,0.0,0.0,0.0,367.28,0.0,0.0,0.0,0.0,800.0,0.8,0.986,0.0,0.0,0.0,0.0,0.0,0.0,1.0,0.717,1.0,minimize_generator,full_grid,False,0.0,4845.527,5000,inf
2016-07-11,899.16,38.445,937.605,1109.244,167.8,1277.044,937.605,339.439,0.0,0.0,0.0,339.439,0.0,0.0,0.0,0.0,800.0,0.8,0.986,0.0,0.0,0.0,0.0,0.0,0.0,1.0,0.734,1.0,minimize_generator,full_grid,False,0.0,5184.966,5000,inf
2016-07-12,898.6,39.445,938.045,1088.525,227.2,1315.725,938.045,377.68,0.0,0.0,0.0,377.68,0.0,0.0,0.0,0.0,800.0,0.8,0.986,0.0,0.0,0.0,0.0,0.0,0.0,1.0,0.713,1.0,minimize_generator,full_grid,False,0.0,5562.645,5000,inf
2016-07-13,895.64,41.345,936.985,1090.996,192.12,1283.116,936.985,346.131,0.0,0.0,0.0,346.131,0.0,0.0,0.0,0.0,800.0,0.8,0.986,0.0,0.0,0.0,0.0,0.0,0.0,1.0,0.73,1.0,minimize_generator,full_grid,False,0.0,5908.777,5000,inf
2016-07-14,898.985,42.401,941.386,1116.601,361.92,1478.521,941.386,537.135,0.0,0.0,0.0,537.135,0.0,0.0,0.0,0.0,800.0,0.8,0.986,0.0,0.0,0.0,0.0,0.0,0.0,1.0,0.637,1.0,minimize_generator,full_grid,False,0.0,6445.911,5000,inf
2016-07-15,896.375,42.25,938.625,1131.426,365.96,1497.386,938.625,558.761,0.0,0.0,0.0,558.761,0.0,0.0,0.0,0.0,800.0,0.8,0.986,0.0,0.0,0.0,0.0,0.0,0.0,1.0,0.627,1.0,minimize_generator,full_grid,False,0.0,7004.673,5000,inf
2016-07-16,897.295,40.772,938.067,1167.601,400.0,1567.601,938.067,629.534,0.0,0.0,0.0,629.534,0.0,0.0,0.0,0.0,800.0,0.8,0.986,0.0,0.0,0.0,0.0,0.0,0.0,1.0,0.598,1.0,minimize_generator,full_grid,False,0.0,7634.207,5000,inf
2016-07-17,904.58,37.816,942.396,1151.654,494.0,1645.654,942.396,703.258,0.0,0.0,0.0,703.258,0.0,0.0,0.0,0.0,800.0,0.8,0.986,0.0,0.0,0.0,0.0,0.0,0.0,1.0,0.573,1.0,minimize_generator,full_grid,False,0.0,8337.465,5000,inf
2016-07-18,903.275,36.106,939.381,1113.308,492.56,1605.868,939.381,666.487,0.0,0.0,0.0,666.487,0.0,0.0,0.0,0.0,800.0,0.8,0.986,0.0,0.0,0.0,0.0,0.0,0.0,1.0,0.585,1.0,minimize_generator,full_grid,False,0.0,9003.952,5000,inf
2016-07-19,893.565,36.492,930.057,1117.967,355.36,1473.327,930.057,543.27,0.0,0.0,0.0,543.27,0.0,0.0,0.0,0.0,800.0,0.8,0.986,0.0,0.0,0.0,0.0,0.0,0.0,1.0,0.631,1.0,minimize_generator,full_grid,False,0.0,9547.222,5000,inf
2016-07-20,901.41,39.597,941.007,1094.987,60.12,1155.107,941.007,214.1,0.0,0.0,0.0,214.1,0.0,0.0,0.0,0.0,800.0,0.8,0.986,0.0,0.0,0.0,0.0,0.0,0.0,1.0,0.815,1.0,minimize_generator,full_grid,False,0.0,9761.322,5000,inf
2016-07-21,901.235,13.897,915.132,1126.559,147.72,1274.279,915.132,359.147,0.0,0.0,0.0,359.147,0.0,0.0,0.0,0.0,800.0,0.8,0.986,0.0,0.0,0.0,0.0,0.0,0.0,1.0,0.718,1.0,minimize_generator,full_grid,False,0.0,10120.469,5000,inf
2016-07-22,893.95,13.875,907.825,1122.764,389.48,1512.244,907.825,604.419,0.0,0.0,0.0,604.419,0.0,0.0,0.0,0.0,800.0,0.8,0.986,0.0,0.0,0.0,0.0,0.0,0.0,1.0,0.6,1.0,minimize_generator,full_grid,False,0.0,10724.888,5000,inf
2016-07-23,901.235,15.254,916.489,1131.321,508.36,1639.681,916.489,723.192,0.0,0.0,0.0,723.192,0.0,0.0,0.0,0.0,800.0,0.8,0.986,0.0,0.0,0.0,0.0,0.0,0.0,1.0,0.559,1.0,minimize_generator,full_grid,False,0.0,11448.079,5000,inf
2016-07-24,903.835,13.899,917.734,1155.102,504.08,1659.182,917.734,741.448,0.0,0.0,0.0,741.448,0.0,0.0,0.0,0.0,800.0,0.8,0.986,0.0,0.0,0.0,0.0,0.0,0.0,1.0,0.553,1.0,minimize_generator,full_grid,False,0.0,12189.527,5000,inf
2016-07-25,893.95,12.593,906.543,1143.149,186.44,1329.589,906.543,423.046,0.0,0.0,0.0,423.046,0.0,0.0,0.0,0.0,800.0,0.8,0.986,0.0,0.0,0.0,0.0,0.0,0.0,1.0,0.682,1.0,minimize_generator,full_grid,False,0.0,12612.573,5000,inf
2016-07-26,894.695,11.761,906.456,1108.296,131.0,1239.296,906.456,332.84,0.0,0.0,0.0,332.84,0.0,0.0,0.0,0.0,800.0,0.8,0.986,0.0,0.0,0.0,0.0,0.0,0.0,1.0,0.731,1.0,minimize_generator,full_grid,False,0.0,12945.413,5000,inf
2016-07-27,901.77,13.258,915.028,1131.202,397.76,1528.962,915.028,613.934,0.0,0.0,0.0,613.934,0.0,0.0,0.0,0.0,800.0,0.8,0.986,0.0,0.0,0.0,0.0,0.0,0.0,1.0,0.598,1.0,minimize_generator,full_grid,False,0.0,13559.348,5000,inf
2016-07-28,898.985,12.711,911.696,1131.532,445.28,1576.812,911.696,665.116,0.0,0.0,0.0,665.116,0.0,0.0,0.0,0.0,800.0,0.8,0.986,0.0,0.0,0.0,0.0,0.0,0.0,1.0,0.578,1.0,minimize_generator,full_grid,False,0.0,14224.464,5000,inf
2016-07-29,899.905,12.522,912.427,1106.629,353.68,1460.309,912.427,547.882,0.0,0.0,0.0,547.882,0.0,0.0,0.0,0.0,800.0,0.8,0.986,0.0,0.0,0.0,0.0,0.0,0.0,1.0,0.625,1.0,minimize_generator,full_grid,False,0.0,14772.345,5000,inf
2016-07-30,898.985,11.809,910.794,1084.85,324.8,1409.65,910.794,498.856,0.0,0.0,0.0,498.856,0.0,0.0,0.0,0.0,800.0,0.8,0.986,0.0,0.0,0.0,0.0,0.0,0.0,1.0,0.646,1.0,minimize_generator,full_grid,False,0.0,15271.201,5000,inf
2016-07-31,899.16,10.384,909.544,1071.706,131.0,1202.706,909.544,293.162,0.0,0.0,0.0,293.162,0.0,0.0,0.0,0.0,800.0,0.8,0.986,0.0,0.0,0.0,0.0,0.0,0.0,1.0,0.756,1.0,minimize_generator,full_grid,False,0.0,15564.363,5000,inf
2016-08-01,892.645,10.988,903.633,1053.206,211.04,1264.246,903.633,360.613,0.0,0.0,0.0,360.613,0.0,0.0,0.0,0.0,800.0,0.8,0.986,0.0,0.0,0.0,0.0,0.0,0.0,1.0,0.715,1.0,minimize_generator,full_grid,False,0.0,360.613,5000,inf
2016-08-02,901.41,11.221,912.631,1008.175,401.48,1409.655,912.631,497.024,0.0,0.0,0.0,497.024,0.0,0.0,0.0,0.0,800.0,0.8,0.986,0.0,0.0,0.0,0.0,0.0,0.0,1.0,0.647,1.0,minimize_generator,full_grid,False,0.0,857.637,5000,inf
2016-08-03,901.77,10.249,912.019,1018.541,347.88,1366.421,912.019,454.402,0.0,0.0,0.0,454.402,0.0,0.0,0.0,0.0,800.0,0.8,0.986,0.0,0.0,0.0,0.0,0.0,0.0,1.0,0.667,1.0,minimize_generator,full_grid,False,0.0,1312.039,5000,inf
2016-08-04,896.56,10.596,907.156,1021.424,440.16,1461.584,907.156,554.428,0.0,0.0,0.0,554.428,0.0,0.0,0.0,0.0,800.0,0.8,0.986,0.0,0.0,0.0,0.0,0.0,0.0,1.0,0.621,1.0,minimize_generator,full_grid,False,0.0,1866.467,5000,inf
2016-08-05,897.12,11.128,908.248,1048.535,420.08,1468.615,908.248,560.367,0.0,0.0,0.0,560.367,0.0,0.0,0.0,0.0,800.0,0.8,0.986,0.0,0.0,0.0,0.0,0.0,0.0,1.0,0.618,1.0,minimize_generator,full_grid,False,0.0,2426.834,5000,inf
2016-08-06,891.35,11.429,902.779,1070.724,386.44,1457.164,902.779,554.385,0.0,0.0,0.0,554.385,0.0,0.0,0.0,0.0,800.0,0.8,0.986,0.0,0.0,0.0,0.0,0.0,0.0,1.0,0.62,1.0,minimize_generator,full_grid,False,0.0,2981.219,5000,inf
2016-08-07,898.985,11.312,910.297,1110.416,433.0,1543.416,910.297,633.119,0.0,0.0,0.0,633.119,0.0,0.0,0.0,0.0,800.0,0.8,0.986,0.0,0.0,0.0,0.0,0.0,0.0,1.0,0.59,1.0,minimize_generator,full_grid,False,0.0,3614.338,5000,inf
2016-08-08,898.985,11.868,910.853,1091.004,391.0,1482.004,910.853,571.151,0.0,0.0,0.0,571.151,0.0,0.0,0.0,0.0,800.0,0.8,0.986,0.0,0.0,0.0,0.0,0.0,0.0,1.0,0.615,1.0,minimize_generator,full_grid,False,0.0,4185.489,5000,inf
2016-08-09,896.56,10.087,906.647,1062.926,315.12,1378.046,906.647,471.399,0.0,0.0,0.0,471.399,0.0,0.0,0.0,0.0,800.0,0.8,0.986,0.0,0.0,0.0,0.0,0.0,0.0,1.0,0.658,1.0,minimize_generator,full_grid,False,0.0,4656.887,5000,inf
2016-08-10,900.85,9.323,910.173,1064.183,305.32,1369.503,910.173,459.33,0.0,0.0,0.0,459.33,0.0,0.0,0.0,0.0,800.0,0.8,0.986,0.0,0.0,0.0,0.0,0.0,0.0,1.0,0.665,1.0,minimize_generator,full_grid,False,0.0,5116.218,5000,inf
2016-08-11,895.255,9.114,904.369,1034.035,326.52,1360.555,904.369,456.186,0.0,0.0,0.0,456.186,0.0,0.0,0.0,0.0,800.0,0.8,0.986,0.0,0.0,0.0,0.0,0.0,0.0,1.0,0.665,1.0,minimize_generator,full_grid,False,0.0,5572.404,5000,inf
2016-08-12,898.425,8.632,907.057,1048.569,369.16,1417.729,907.057,510.672,0.0,0.0,0.0,510.672,0.0,0.0,0.0,0.0,800.0,0.8,0.986,0.0,0.0,0.0,0.0,0.0,0.0,1.0,0.64,1.0,minimize_generator,full_grid,False,0.0,6083.076,5000,inf
2016-08-13,892.445,0.592,893.037,1062.256,318.64,1380.896,893.037,487.859,0.0,0.0,0.0,487.859,0.0,0.0,0.0,0.0,800.0,0.8,0.986,0.0,0.0,0.0,0.0,0.0,0.0,1.0,0.647,1.0,minimize_generator,full_grid,False,0.0,6570.934,5000,inf
2016-08-14,896.0,0.0,896.0,1055.979,394.04,1450.019,896.0,554.019,0.0,0.0,0.0,554.019,0.0,0.0,0.0,0.0,800.0,0.8,0.986,0.0,0.0,0.0,0.0,0.0,0.0,1.0,0.618,1.0,minimize_generator,full_grid,False,0.0,7124.953,5000,inf
2016-08-15,895.255,0.0,895.255,1062.44,428.32,1490.76,895.255,595.505,0.0,0.0,0.0,595.505,0.0,0.0,0.0,0.0,800.0,0.8,0.986,0.0,0.0,0.0,0.0,0.0,0.0,1.0,0.601,1.0,minimize_generator,full_grid,False,0.0,7720.458,5000,inf
2016-08-16,896.56,0.0,896.56,1095.362,443.36,1538.722,896.56,642.162,0.0,0.0,0.0,642.162,0.0,0.0,0.0,0.0,800.0,0.8,0.986,0.0,0.0,0.0,0.0,0.0,0.0,1.0,0.583,1.0,minimize_generator,full_grid,False,0.0,8362.62,5000,inf
2016-08-17,894.135,0.0,894.135,1096.343,428.96,1525.303,894.135,631.168,0.0,0.0,0.0,631.168,0.0,0.0,0.0,0.0,800.0,0.8,0.986,0.0,0.0,0.0,0.0,0.0,0.0,1.0,0.586,1.0,minimize_generator,full_grid,False,0.0,8993.788,5000,inf
2016-08-18,894.87,0.0,894.87,1078.687,253.72,1332.407,894.87,437.537,0.0,0.0,0.0,437.537,0.0,0.0,0.0,0.0,800.0,0.8,0.986,0.0,0.0,0.0,0.0,0.0,0.0,1.0,0.672,1.0,minimize_generator,full_grid,False,0.0,9431.325,5000,inf
2016-08-19,898.24,0.0,898.24,1055.076,194.0,1249.076,898.24,350.836,0.0,0.0,0.0,350.836,0.0,0.0,0.0,0.0,800.0,0.8,0.986,0.0,0.0,0.0,0.0,0.0,0.0,1.0,0.719,1.0,minimize_generator,full_grid,False,0.0,9782.161,5000,inf
2016-08-20,893.39,0.0,893.39,1019.937,97.36,1117.297,893.39,223.907,0.0,0.0,0.0,223.907,0.0,0.0,0.0,0.0,800.0,0.8,0.986,0.0,0.0,0.0,0.0,0.0,0.0,1.0,0.8,1.0,minimize_generator,full_grid,False,0.0,10006.068,5000,inf
2016-08-21,818.31,0.0,818.31,1026.787,147.72,1174.507,818.31,356.197,0.0,0.0,0.0,356.197,0.0,0.0,0.0,0.0,800.0,0.8,0.986,0.0,0.0,0.0,0.0,0.0,0.0,1.0,0.697,1.0,minimize_generator,full_grid,False,0.0,10362.265,5000,inf
2016-08-22,901.235,0.0,901.235,1048.968,274.28,1323.248,901.235,422.013,0.0,0.0,0.0,422.013,0.0,0.0,0.0,0.0,800.0,0.8,0.986,0.0,0.0,0.0,0.0,0.0,0.0,1.0,0.681,1.0,minimize_generator,full_grid,False,0.0,10784.278,5000,inf
2016-08-23,899.545,0.0,899.545,1044.327,326.52,1370.847,899.545,471.302,0.0,0.0,0.0,471.302,0.0,0.0,0.0,0.0,800.0,0.8,0.986,0.0,0.0,0.0,0.0,0.0,0.0,1.0,0.656,1.0,minimize_generator,full_grid,False,0.0,11255.58,5000,inf
2016-08-24,818.88,0.0,818.88,1043.166,281.68,1324.846,818.88,505.966,0.0,0.0,0.0,505.966,0.0,0.0,0.0,0.0,800.0,0.8,0.986,0.0,0.0,0.0,0.0,0.0,0.0,1.0,0.618,1.0,minimize_generator,full_grid,False,0.0,11761.547,5000,inf
2016-08-25,896.56,0.0,896.56,1035.992,308.92,1344.912,896.56,448.352,0.0,0.0,0.0,448.352,0.0,0.0,0.0,0.0,800.0,0.8,0.986,0.0,0.0,0.0,0.0,0.0,0.0,1.0,0.667,1.0,minimize_generator,full_grid,False,0.0,12209.898,5000,inf
2016-08-26,891.91,0.0,891.91,1012.858,398.52,1411.378,891.91,519.468,0.0,0.0,0.0,519.468,0.0,0.0,0.0,0.0,800.0,0.8,0.986,0.0,0.0,0.0,0.0,0.0,0.0,1.0,0.632,1.0,minimize_generator,full_grid,False,0.0,12729.367,5000,inf
2016-08-27,894.695,0.0,894.695,968.96,453.32,1422.28,894.695,527.585,0.0,0.0,0.0,527.585,0.0,0.0,0.0,0.0,800.0,0.8,0.986,0.0,0.0,0.0,0.0,0.0,0.0,1.0,0.629,1.0,minimize_generator,full_grid,False,0.0,13256.952,5000,inf
2016-08-28,894.51,0.0,894.51,777.911,502.32,1280.231,894.51,385.721,0.0,0.0,0.0,385.721,0.0,0.0,0.0,0.0,800.0,0.8,0.986,0.0,0.0,0.0,0.0,0.0,0.0,1.0,0.699,1.0,minimize_generator,full_grid,False,0.0,13642.673,5000,inf
2016-08-29,892.27,0.0,892.27,851.057,434.96,1286.017,892.27,393.747,0.0,0.0,0.0,393.747,0.0,0.0,0.0,0.0,800.0,0.8,0.986,0.0,0.0,0.0,0.0,0.0,0.0,1.0,0.694,1.0,minimize_generator,full_grid,False,0.0,14036.42,5000,inf
2016-08-30,890.045,0.0,890.045,954.492,507.52,1462.012,890.045,571.967,0.0,0.0,0.0,571.967,0.0,0.0,0.0,0.0,800.0,0.8,0.986,0.0,0.0,0.0,0.0,0.0,0.0,1.0,0.609,1.0,minimize_generator,full_grid,False,0.0,14608.387,5000,inf
2016-08-31,890.22,0.0,890.22,978.273,512.52,1490.793,890.22,600.573,0.0,0.0,0.0,600.573,0.0,0.0,0.0,0.0,800.0,0.8,0.986,0.0,0.0,0.0,0.0,0.0,0.0,1.0,0.597,1.0,minimize_generator,full_grid,False,0.0,15208.96,5000,inf
2016-09-01,818.495,377.737,1196.232,994.805,496.84,1491.645,1196.232,295.413,0.0,0.0,0.0,295.413,0.0,0.0,0.0,0.0,800.0,0.8,0.986,0.0,0.0,0.0,0.0,0.0,0.0,1.0,0.802,1.0,minimize_generator,full_grid,False,0.0,295.413,5000,inf
2016-09-02,818.495,362.974,1181.469,1021.231,450.28,1471.511,1181.469,290.042,0.0,0.0,0.0,290.042,0.0,0.0,0.0,0.0,800.0,0.8,0.986,0.0,0.0,0.0,0.0,0.0,0.0,1.0,0.803,1.0,minimize_generator,full_grid,False,0.0,585.454,5000,inf
2016-09-03,891.7,371.182,1262.882,1013.774,377.12,1390.894,1262.882,128.012,0.0,0.0,0.0,128.012,0.0,0.0,0.0,0.0,800.0,0.8,0.986,0.0,0.0,0.0,0.0,0.0,0.0,1.0,0.908,1.0,minimize_generator,full_grid,False,0.0,713.466,5000,inf
2016-09-04,818.495,353.854,1172.349,1001.358,271.52,1272.878,1172.349,100.529,0.0,0.0,0.0,100.529,0.0,0.0,0.0,0.0,800.0,0.8,0.986,0.0,0.0,0.0,0.0,0.0,0.0,1.0,0.921,1.0,minimize_generator,full_grid,False,0.0,813.996,5000,inf
2016-09-05,894.135,357.503,1251.638,981.305,317.76,1299.065,1251.638,47.427,0.0,0.0,0.0,47.427,0.0,0.0,0.0,0.0,800.0,0.8,0.986,0.0,0.0,0.0,0.0,0.0,0.0,1.0,0.963,1.0,minimize_generator,full_grid,False,0.0,861.423,5000,inf
2016-09-06,896.945,362.974,1259.919,977.303,397.04,1374.343,1259.919,114.424,0.0,0.0,0.0,114.424,0.0,0.0,0.0,0.0,800.0,0.8,0.986,0.0,0.0,0.0,0.0,0.0,0.0,1.0,0.917,1.0,minimize_generator,full_grid,False,0.0,975.846,5000,inf
2016-09-07,818.31,378.478,1196.788,993.127,471.88,1465.007,1196.788,268.219,0.0,0.0,0.0,268.219,0.0,0.0,0.0,0.0,800.0,0.8,0.986,0.0,0.0,0.0,0.0,0.0,0.0,1.0,0.817,1.0,minimize_generator,full_grid,False,0.0,1244.065,5000,inf
2016-09-08,891.7,358.415,1250.115,991.395,316.0,1307.395,1250.115,57.28,0.0,0.0,0.0,57.28,0.0,0.0,0.0,0.0,800.0,0.8,0.986,0.0,0.0,0.0,0.0,0.0,0.0,1.0,0.956,1.0,minimize_generator,full_grid,False,0.0,1301.346,5000,inf
2016-09-09,892.445,330.142,1222.587,982.822,137.96,1120.782,1120.782,0.0,0.0,101.805,0.0,0.0,0.0,0.0,0.0,0.0,692.837,0.693,0.986,0.0,0.0,0.0,0.0,0.0,0.0,1.0,1.0,0.999,minimize_generator,full_grid,False,0.0,1301.346,5000,inf
2016-09-10,892.085,336.527,1228.612,968.068,98.12,1066.188,1066.188,0.0,0.0,162.424,0.0,0.0,0.0,0.0,0.0,0.0,521.864,0.522,0.986,0.0,0.0,0.0,0.0,0.0,0.0,1.0,1.0,0.998,minimize_generator,full_grid,False,0.0,1301.346,5000,inf
2016-09-11,890.22,367.535,1257.755,964.643,158.6,1123.243,1123.243,0.0,0.0,134.512,0.0,0.0,0.0,0.0,0.0,0.0,380.272,0.38,0.986,0.0,0.0,0.0,0.0,0.0,0.0,1.0,1.0,0.999,minimize_generator,full_grid,False,0.0,1301.346,5000,inf
2016-09-12,892.445,405.978,1298.423,946.893,328.24,1275.133,1275.133,0.0,0.0,23.29,0.0,0.0,0.0,0.0,0.0,0.0,355.756,0.356,0.986,0.0,0.0,0.0,0.0,0.0,0.0,1.0,1.0,1.0,minimize_generator,full_grid,False,0.0,1301.346,5000,inf
2016-09-13,891.35,391.944,1283.294,936.716,453.32,1390.036,1283.294,106.742,106.742,0.0,0.0,0.0,0.0,0.0,0.0,0.0,457.161,0.457,0.989,0.0,0.0,0.0,0.0,0.0,0.0,1.0,1.0,1.0,minimize_generator,full_grid,False,0.0,1301.346,5000,inf
2016-09-14,814.02,380.917,1194.937,949.261,316.88,1266.141,1194.937,71.204,71.204,0.0,0.0,0.0,0.0,0.0,0.0,0.0,524.805,0.525,0.991,0.0,0.0,0.0,0.0,0.0,0.0,1.0,1.0,1.0,minimize_generator,full_grid,False,0.0,1301.346,5000,inf
2016-09-15,892.085,398.613,1290.698,938.757,264.96,1203.717,1203.717,0.0,0.0,86.981,0.0,0.0,0.0,0.0,0.0,0.0,433.246,0.433,0.991,0.0,0.0,0.0,0.0,0.0,0.0,1.0,1.0,0.999,minimize_generator,full_grid,False,0.0,1301.346,5000,inf
2016-09-16,891.91,384.414,1276.324,928.249,351.2,1279.449,1276.324,3.125,3.125,0.0,0.0,0.0,0.0,0.0,0.0,0.0,436.215,0.436,0.991,0.0,0.0,0.0,0.0,0.0,0.0,1.0,1.0,1.0,minimize_generator,full_grid,False,0.0,1301.346,5000,inf
2016-09-17,814.94,363.735,1178.675,939.093,340.28,1279.373,1178.675,100.698,100.698,0.0,0.0,0.0,0.0,0.0,0.0,0.0,531.878,0.532,0.992,0.0,0.0,0.0,0.0,0.0,0.0,1.0,1.0,1.0,minimize_generator,full_grid,False,0.0,1301.346,5000,inf
2016-09-18,817.575,360.616,1178.191,938.849,148.64,1087.489,1087.489,0.0,0.0,90.702,0.0,0.0,0.0,0.0,0.0,0.0,436.403,0.436,0.992,0.0,0.0,0.0,0.0,0.0,0.0,1.0,1.0,0.999,minimize_generator,full_grid,False,0.0,1301.346,5000,inf
2016-09-19,890.405,357.569,1247.974,948.936,210.12,1159.056,1159.056,0.0,0.0,88.918,0.0,0.0,0.0,0.0,0.0,0.0,342.805,0.343,0.992,0.0,0.0,0.0,0.0,0.0,0.0,1.0,1.0,0.999,minimize_generator,full_grid,False,0.0,1301.346,5000,inf
2016-09-20,816.07,385.2,1201.27,939.888,101.24,1041.128,1041.128,0.0,0.0,135.665,24.477,0.0,0.0,0.0,0.0,0.0,200.0,0.2,0.992,0.0,0.0,1.802,0.0,0.0,1.802,0.98,1.0,0.979,minimize_generator,full_grid,False,24.477,1301.346,5000,inf
2016-09-21,891.14,404.523,1295.663,935.327,110.8,1046.127,1046.127,0.0,0.0,0.0,249.536,0.0,0.0,0.0,0.0,0.0,200.0,0.2,0.992,0.0,0.0,18.39,0.0,0.0,18.39,0.807,1.0,0.807,minimize_generator,full_grid,False,274.013,1301.346,5000,inf
2016-09-22,895.64,413.76,1309.4,910.924,322.16,1233.084,1233.084,0.0,0.0,0.0,76.316,0.0,0.0,0.0,0.0,0.0,200.0,0.2,0.992,0.0,0.0,5.621,0.0,0.0,5.621,0.942,1.0,0.942,minimize_generator,full_grid,False,350.328,1301.346,5000,inf
2016-09-23,813.075,442.574,1255.649,917.72,443.36,1361.08,1255.649,105.431,105.431,0.0,0.0,0.0,0.0,0.0,0.0,0.0,300.16,0.3,0.995,0.0,0.0,0.0,0.0,0.0,0.0,1.0,1.0,1.0,minimize_generator,full_grid,False,350.328,1301.346,5000,inf
2016-09-24,810.475,398.205,1208.68,906.631,251.84,1158.471,1158.471,0.0,0.0,50.209,0.0,0.0,0.0,0.0,0.0,0.0,247.308,0.247,0.995,0.0,0.0,0.0,0.0,0.0,0.0,1.0,1.0,1.0,minimize_generator,full_grid,False,350.328,1301.346,5000,inf
2016-09-25,816.445,371.4,1187.845,887.588,286.28,1173.868,1173.868,0.0,0.0,13.977,0.0,0.0,0.0,0.0,0.0,0.0,232.595,0.233,0.995,0.0,0.0,0.0,0.0,0.0,0.0,1.0,1.0,1.0,minimize_generator,full_grid,False,350.328,1301.346,5000,inf
2016-09-26,817.75,354.809,1172.559,902.123,200.6,1102.723,1102.723,0.0,0.0,30.965,38.871,0.0,0.0,0.0,0.0,0.0,200.0,0.2,0.995,0.0,0.0,2.869,0.0,0.0,2.869,0.967,1.0,0.967,minimize_generator,full_grid,False,389.199,1301.346,5000,inf
2016-09-27,813.845,381.509,1195.354,908.125,330.0,1238.125,1195.354,42.771,42.771,0.0,0.0,0.0,0.0,0.0,0.0,0.0,240.633,0.241,0.996,0.0,0.0,0.0,0.0,0.0,0.0,1.0,1.0,1.0,minimize_generator,full_grid,False,389.199,1301.346,5000,inf
2016-09-28,890.405,409.183,1299.588,906.142,373.96,1280.102,1280.102,0.0,0.0,19.486,0.0,0.0,0.0,0.0,0.0,0.0,220.122,0.22,0.996,0.0,0.0,0.0,0.0,0.0,0.0,1.0,1.0,1.0,minimize_generator,full_grid,False,389.199,1301.346,5000,inf
2016-09-29,738.215,398.743,1136.958,887.078,199.68,1086.758,1086.758,0.0,0.0,19.115,31.085,0.0,0.0,0.0,0.0,0.0,200.0,0.2,0.996,0.0,0.0,2.278,0.0,0.0,2.278,0.973,1.0,0.973,minimize_generator,full_grid,False,420.284,1301.346,5000,inf
2016-09-30,816.445,443.858,1260.303,873.169,207.24,1080.409,1080.409,0.0,0.0,0.0,179.894,0.0,0.0,0.0,0.0,0.0,200.0,0.2,0.996,0.0,0.0,13.179,0.0,0.0,13.179,0.857,1.0,0.857,minimize_generator,full_grid,False,600.177,1301.346,5000,inf
2016-10-01,811.21,761.032,1572.242,872.358,128.4,1000.758,1000.758,0.0,0.0,0.0,571.484,0.0,0.0,0.0,0.0,0.0,200.0,0.2,0.996,0.0,0.0,40.989,0.0,0.0,40.989,0.637,1.0,0.637,minimize_generator,full_grid,False,571.484,0.0,5000,inf
2016-10-02,890.22,667.266,1557.486,873.811,7.48,881.291,881.291,0.0,0.0,0.0,676.195,0.0,0.0,0.0,0.0,0.0,200.0,0.2,0.996,0.0,0.0,48.909,0.0,0.0,48.909,0.566,1.0,0.566,minimize_generator,full_grid,False,1247.679,0.0,5000,inf
2016-10-03,890.965,701.541,1592.506,866.155,29.56,895.715,895.715,0.0,0.0,0.0,696.791,0.0,0.0,0.0,0.0,0.0,200.0,0.2,0.996,0.0,0.0,50.307,0.0,0.0,50.307,0.562,1.0,0.562,minimize_generator,full_grid,False,1944.47,0.0,5000,inf
2016-10-04,809.73,757.309,1567.039,858.424,330.84,1189.264,1189.264,0.0,0.0,0.0,377.775,0.0,0.0,0.0,0.0,0.0,200.0,0.2,0.996,0.0,0.0,27.099,0.0,0.0,27.099,0.759,1.0,0.759,minimize_generator,full_grid,False,2322.245,0.0,5000,inf
2016-10-05,810.29,726.641,1536.931,870.337,215.8,1086.137,1086.137,0.0,0.0,0.0,450.794,0.0,0.0,0.0,0.0,0.0,200.0,0.2,0.996,0.0,0.0,32.388,0.0,0.0,32.388,0.707,1.0,0.707,minimize_generator,full_grid,False,2773.039,0.0,5000,inf
2016-10-06,815.15,733.09,1548.24,863.781,173.36,1037.141,1037.141,0.0,0.0,0.0,511.099,0.0,0.0,0.0,0.0,0.0,200.0,0.2,0.996,0.0,0.0,36.717,0.0,0.0,36.717,0.67,1.0,0.67,minimize_generator,full_grid,False,3284.138,0.0,5000,inf
2016-10-07,810.29,718.237,1528.527,858.289,253.72,1112.009,1112.009,0.0,0.0,0.0,416.518,0.0,0.0,0.0,0.0,0.0,200.0,0.2,0.996,0.0,0.0,29.939,0.0,0.0,29.939,0.728,1.0,0.728,minimize_generator,full_grid,False,3700.656,0.0,5000,inf
2016-10-08,811.21,716.395,1527.605,841.574,230.08,1071.654,1071.654,0.0,0.0,0.0,455.951,0.0,0.0,0.0,0.0,0.0,200.0,0.2,0.996,0.0,0.0,32.778,0.0,0.0,32.778,0.702,1.0,0.702,minimize_generator,full_grid,False,4156.607,0.0,5000,inf
2016-10-09,811.035,856.168,1667.203,843.825,119.92,963.745,963.745,0.0,0.0,0.0,703.458,0.0,0.0,0.0,0.0,0.0,200.0,0.2,0.996,0.0,0.0,50.229,0.0,0.0,50.229,0.578,1.0,0.578,minimize_generator,full_grid,False,4860.065,0.0,5000,inf
2016-10-10,732.62,820.03,1552.65,816.715,269.64,1086.355,1086.355,0.0,0.0,0.0,139.935,0.0,326.36,0.0,0.0,0.0,200.0,0.2,0.996,195.816,21.757,9.969,0.0,79.266,89.236,0.91,1.0,0.7,minimize_generator,full_grid,False,5000.0,0.0,5000,inf
2016-10-11,810.29,733.747,1544.037,813.692,142.4,956.092,956.092,0.0,0.0,0.0,0.0,0.0,587.945,0.0,0.0,0.0,200.0,0.2,0.996,261.589,24.0,0.0,0.0,105.891,105.891,1.0,1.0,0.619,minimize_generator,full_grid,False,5000.0,0.0,5000,inf
2016-10-12,736.525,686.63,1423.155,809.902,32.44,842.342,842.342,0.0,0.0,0.0,0.0,0.0,580.813,0.0,0.0,0.0,200.0,0.2,0.996,260.163,24.0,0.0,0.0,105.314,105.314,1.0,1.0,0.592,minimize_generator,full_grid,False,5000.0,0.0,5000,inf
2016-10-13,736.91,692.035,1428.945,812.145,42.04,854.185,854.185,0.0,0.0,0.0,0.0,0.0,574.76,0.0,0.0,0.0,200.0,0.2,0.996,258.952,24.0,0.0,0.0,104.824,104.824,1.0,1.0,0.598,minimize_generator,full_grid,False,5000.0,0.0,5000,inf
2016-10-14,814.765,687.217,1501.982,810.583,63.8,874.383,874.383,0.0,0.0,0.0,0.0,0.0,627.599,0.0,0.0,0.0,200.0,0.2,0.996,269.52,24.0,0.0,0.0,109.102,109.102,1.0,1.0,0.582,minimize_generator,full_grid,False,5000.0,0.0,5000,inf
2016-10-15,733.355,698.061,1431.416,803.017,169.64,972.657,972.657,0.0,0.0,0.0,0.0,0.0,458.759,0.0,0.0,0.0,200.0,0.2,0.996,235.752,24.0,0.0,0.0,95.432,95.432,1.0,1.0,0.68,minimize_generator,full_grid,False,5000.0,0.0,5000,inf
2016-10-16,811.77,634.215,1445.985,776.689,91.28,867.969,867.969,0.0,0.0,0.0,0.0,0.0,578.016,0.0,0.0,0.0,200.0,0.2,0.996,259.603,24.0,0.0,0.0,105.087,105.087,1.0,1.0,0.6,minimize_generator,full_grid,False,5000.0,0.0,5000,inf
2016-10-17,736.525,642.44,1378.965,787.861,145.04,932.901,932.901,0.0,0.0,0.0,0.0,0.0,446.064,0.0,0.0,0.0,200.0,0.2,0.996,233.213,24.0,0.0,0.0,94.405,94.405,1.0,1.0,0.677,minimize_generator,full_grid,False,5000.0,0.0,5000,inf
2016-10-18,736.165,669.309,1405.474,764.211,133.6,897.811,897.811,0.0,0.0,0.0,0.0,0.0,507.663,0.0,0.0,0.0,200.0,0.2,0.996,245.533,24.0,0.0,0.0,99.392,99.392,1.0,1.0,0.639,minimize_generator,full_grid,False,5000.0,0.0,5000,inf
2016-10-19,810.85,644.297,1455.147,769.002,293.6,1062.602,1062.602,0.0,0.0,0.0,0.0,0.0,392.545,0.0,0.0,0.0,200.0,0.2,0.996,222.509,24.0,0.0,0.0,90.072,90.072,1.0,1.0,0.73,minimize_generator,full_grid,False,5000.0,0.0,5000,inf
2016-10-20,737.855,682.71,1420.565,731.797,311.56,1043.357,1043.357,0.0,0.0,0.0,0.0,0.0,377.208,0.0,0.0,0.0,200.0,0.2,0.996,219.442,24.0,0.0,0.0,88.83,88.83,1.0,1.0,0.734,minimize_generator,full_grid,False,5000.0,0.0,5000,inf
2016-10-21,738.39,650.594,1388.984,718.143,365.16,1083.303,1083.303,0.0,0.0,0.0,0.0,0.0,305.681,0.0,0.0,0.0,200.0,0.2,0.996,183.409,20.379,0.0,0.0,74.244,74.244,1.0,1.0,0.78,minimize_generator,full_grid,False,5000.0,0.0,5000,inf
2016-10-22,810.475,560.43,1370.905,734.729,236.72,971.449,971.449,0.0,0.0,0.0,0.0,0.0,399.456,0.0,0.0,0.0,200.0,0.2,0.996,223.891,24.0,0.0,0.0,90.631,90.631,1.0,1.0,0.709,minimize_generator,full_grid,False,5000.0,0.0,5000,inf
2016-10-23,734.3,425.084,1159.384,555.217,235.76,790.977,790.977,0.0,0.0,0.0,0.0,0.0,368.407,0.0,0.0,0.0,200.0,0.2,0.996,217.681,24.0,0.0,0.0,88.117,88.117,1.0,1.0,0.682,minimize_generator,full_grid,False,5000.0,0.0,5000,inf
2016-10-24,733.005,604.473,1337.478,748.303,92.76,841.063,841.063,0.0,0.0,0.0,0.0,0.0,496.415,0.0,0.0,0.0,200.0,0.2,0.996,243.283,24.0,0.0,0.0,98.481,98.481,1.0,1.0,0.629,minimize_generator,full_grid,False,5000.0,0.0,5000,inf
2016-10-25,730.93,505.863,1236.793,732.193,87.56,819.753,819.753,0.0,0.0,0.0,0.0,0.0,417.04,0.0,0.0,0.0,200.0,0.2,0.996,227.408,24.0,0.0,0.0,92.055,92.055,1.0,1.0,0.663,minimize_generator,full_grid,False,5000.0,0.0,5000,inf
2016-10-26,731.49,356.015,1087.505,606.494,7.28,613.774,613.774,0.0,0.0,0.0,0.0,0.0,473.731,0.0,0.0,0.0,200.0,0.2,0.996,238.746,24.0,0.0,0.0,96.644,96.644,1.0,1.0,0.564,minimize_generator,full_grid,False,5000.0,0.0,5000,inf
2016-10-27,816.27,308.188,1124.458,311.308,172.44,483.748,483.748,0.0,0.0,0.0,0.0,0.0,640.71,0.0,0.0,0.0,200.0,0.2,0.996,272.142,24.0,0.0,0.0,110.163,110.163,1.0,1.0,0.43,minimize_generator,full_grid,False,5000.0,0.0,5000,inf
2016-10-28,738.6,349.591,1088.191,667.888,50.32,718.208,718.208,0.0,0.0,0.0,0.0,0.0,369.983,0.0,0.0,0.0,200.0,0.2,0.996,217.997,24.0,0.0,0.0,88.245,88.245,1.0,1.0,0.66,minimize_generator,full_grid,False,5000.0,0.0,5000,inf
2016-10-29,665.67,397.866,1063.536,711.103,93.52,804.623,804.623,0.0,0.0,0.0,0.0,0.0,258.913,0.0,0.0,0.0,200.0,0.2,0.996,155.348,17.261,0.0,0.0,62.885,62.885,1.0,1.0,0.757,minimize_generator,full_grid,False,5000.0,0.0,5000,inf
2016-10-30,665.47,347.02,1012.49,719.985,137.96,857.945,857.945,0.0,0.0,0.0,0.0,0.0,154.545,0.0,0.0,0.0,200.0,0.2,0.996,92.727,10.303,0.0,0.0,37.536,37.536,1.0,1.0,0.847,minimize_generator,full_grid,False,5000.0,0.0,5000,inf
2016-10-31,734.87,163.38,898.25,713.726,180.8,894.526,894.526,0.0,86.276,0.0,0.0,0.0,3.724,86.276,0.0,0.0,281.963,0.282,0.706,54.0,6.0,0.0,0.0,21.859,21.859,1.0,1.0,0.996,minimize_generator,full_grid,False,5000.0,0.0,5000,inf
2016-11-01,734.87,653.82,1388.69,541.822,310.68,852.502,852.502,0.0,0.0,77.864,458.324,0.0,0.0,0.0,0.0,0.0,200.0,0.2,0.706,0.0,0.0,31.604,0.0,0.0,31.604,0.67,1.0,0.653,minimize_generator,full_grid,False,458.324,0.0,5000,inf
2016-11-02,734.485,662.002,1396.487,629.958,410.92,1040.878,1040.878,0.0,0.0,0.0,355.609,0.0,0.0,0.0,0.0,0.0,200.0,0.2,0.706,0.0,0.0,24.509,0.0,0.0,24.509,0.745,1.0,0.745,minimize_generator,full_grid,False,813.933,0.0,5000,inf
2016-11-03,731.14,647.447,1378.587,684.29,270.56,954.85,954.85,0.0,0.0,0.0,423.737,0.0,0.0,0.0,0.0,0.0,200.0,0.2,0.706,0.0,0.0,29.225,0.0,0.0,29.225,0.693,1.0,0.693,minimize_generator,full_grid,False,1237.669,0.0,5000,inf
2016-11-04,731.315,747.117,1478.432,682.713,300.84,983.553,983.553,0.0,0.0,0.0,494.879,0.0,0.0,0.0,0.0,0.0,200.0,0.2,0.706,0.0,0.0,33.946,0.0,0.0,33.946,0.665,1.0,0.665,minimize_generator,full_grid,False,1732.548,0.0,5000,inf
2016-11-05,732.795,757.421,1490.216,694.418,237.68,932.098,932.098,0.0,0.0,0.0,558.118,0.0,0.0,0.0,0.0,0.0,200.0,0.2,0.706,0.0,0.0,38.266,0.0,0.0,38.266,0.625,1.0,0.625,minimize_generator,full_grid,False,2290.666,0.0,5000,inf
2016-11-06,731.49,724.875,1456.365,703.757,176.16,879.917,879.917,0.0,0.0,0.0,576.448,0.0,0.0,0.0,0.0,0.0,200.0,0.2,0.706,0.0,0.0,39.587,0.0,0.0,39.587,0.604,1.0,0.604,minimize_generator,full_grid,False,2867.114,0.0,5000,inf
2016-11-07,659.3,655.128,1314.428,614.547,44.52,659.067,659.067,0.0,0.0,0.0,655.361,0.0,0.0,0.0,0.0,0.0,200.0,0.2,0.706,0.0,0.0,45.001,0.0,0.0,45.001,0.501,1.0,0.501,minimize_generator,full_grid,False,3522.475,0.0,5000,inf
2016-11-08,729.835,673.254,1403.089,670.354,26.84,697.194,697.194,0.0,0.0,0.0,705.895,0.0,0.0,0.0,0.0,0.0,200.0,0.2,0.706,0.0,0.0,48.609,0.0,0.0,48.609,0.497,1.0,0.497,minimize_generator,full_grid,False,4228.37,0.0,5000,inf
2016-11-09,664.165,678.205,1342.37,650.576,15.76,666.336,666.336,0.0,0.0,0.0,676.034,0.0,0.0,0.0,0.0,0.0,200.0,0.2,0.706,0.0,0.0,46.373,0.0,0.0,46.373,0.496,1.0,0.496,minimize_generator,full_grid,False,4904.404,0.0,5000,inf
2016-11-10,730.755,577.022,1307.777,545.771,8.2,553.971,553.971,0.0,0.0,0.0,95.596,0.0,658.21,0.0,0.0,0.0,200.0,0.2,0.706,275.642,24.0,6.622,0.0,104.744,111.366,0.927,1.0,0.424,minimize_generator,full_grid,False,5000.0,0.0,5000,inf
2016-11-11,811.98,649.517,1461.497,579.608,99.68,679.288,679.288,0.0,0.0,0.0,0.0,0.0,782.209,0.0,0.0,0.0,200.0,0.2,0.706,300.442,24.0,0.0,0.0,114.168,114.168,1.0,1.0,0.465,minimize_generator,full_grid,False,5000.0,0.0,5000,inf
2016-11-12,730.93,639.063,1369.993,644.734,19.6,664.334,664.334,0.0,0.0,0.0,0.0,0.0,705.659,0.0,0.0,0.0,200.0,0.2,0.706,285.132,24.0,0.0,0.0,108.35,108.35,1.0,1.0,0.485,minimize_generator,full_grid,False,5000.0,0.0,5000,inf
2016-11-13,664.935,664.887,1329.822,650.533,8.56,659.093,659.093,0.0,0.0,0.0,0.0,0.0,670.729,0.0,0.0,0.0,200.0,0.2,0.706,278.146,24.0,0.0,0.0,105.695,105.695,1.0,1.0,0.496,minimize_generator,full_grid,False,5000.0,0.0,5000,inf
2016-11-14,732.435,635.57,1368.005,636.24,6.12,642.36,642.36,0.0,0.0,0.0,0.0,0.0,725.645,0.0,0.0,0.0,200.0,0.2,0.706,289.129,24.0,0.0,0.0,109.869,109.869,1.0,1.0,0.47,minimize_generator,full_grid,False,5000.0,0.0,5000,inf
2016-11-15,730.37,676.076,1406.446,655.076,44.52,699.596,699.596,0.0,0.0,0.0,0.0,0.0,706.85,0.0,0.0,0.0,200.0,0.2,0.706,285.37,24.0,0.0,0.0,108.441,108.441,1.0,1.0,0.497,minimize_generator,full_grid,False,5000.0,0.0,5000,inf
2016-11-16,730.01,707.2,1437.21,612.177,377.12,989.297,989.297,0.0,0.0,0.0,0.0,0.0,447.913,0.0,0.0,0.0,200.0,0.2,0.706,233.583,24.0,0.0,0.0,88.761,88.761,1.0,1.0,0.688,minimize_generator,full_grid,False,5000.0,0.0,5000,inf
2016-11-17,730.37,648.97,1379.34,616.072,198.72,814.792,814.792,0.0,0.0,0.0,0.0,0.0,564.548,0.0,0.0,0.0,200.0,0.2,0.706,256.91,24.0,0.0,0.0,97.626,97.626,1.0,1.0,0.591,minimize_generator,full_grid,False,5000.0,0.0,5000,inf
2016-11-18,735.605,586.085,1321.69,600.664,34.6,635.264,635.264,0.0,0.0,0.0,0.0,0.0,686.426,0.0,0.0,0.0,200.0,0.2,0.706,281.285,24.0,0.0,0.0,106.888,106.888,1.0,1.0,0.481,minimize_generator,full_grid,False,5000.0,0.0,5000,inf
2016-11-19,659.86,639.722,1299.582,557.157,64.4,621.557,621.557,0.0,0.0,0.0,0.0,0.0,678.025,0.0,0.0,0.0,200.0,0.2,0.706,279.605,24.0,0.0,0.0,106.25,106.25,1.0,1.0,0.478,minimize_generator,full_grid,False,5000.0,0.0,5000,inf
2016-11-20,666.03,584.141,1250.171,459.581,48.16,507.741,507.741,0.0,0.0,0.0,0.0,0.0,742.43,0.0,0.0,0.0,200.0,0.2,0.706,292.486,24.0,0.0,0.0,111.145,111.145,1.0,1.0,0.406,minimize_generator,full_grid,False,5000.0,0.0,5000,inf
2016-11-21,660.245,671.023,1331.268,575.543,68.88,644.423,644.423,0.0,0.0,0.0,0.0,0.0,686.845,0.0,0.0,0.0,200.0,0.2,0.706,281.369,24.0,0.0,0.0,106.92,106.92,1.0,1.0,0.484,minimize_generator,full_grid,False,5000.0,0.0,5000,inf
2016-11-22,665.855,584.079,1249.934,502.19,28.36,530.55,530.55,0.0,0.0,0.0,0.0,0.0,719.384,0.0,0.0,0.0,200.0,0.2,0.706,287.877,24.0,0.0,0.0,109.393,109.393,1.0,1.0,0.424,minimize_generator,full_grid,False,5000.0,0.0,5000,inf
2016-11-23,659.675,538.765,1198.44,402.07,76.92,478.99,478.99,0.0,0.0,0.0,0.0,0.0,719.45,0.0,0.0,0.0,200.0,0.2,0.706,287.89,24.0,0.0,0.0,109.398,109.398,1.0,1.0,0.4,minimize_generator,full_grid,False,5000.0,0.0,5000,inf
2016-11-24,661.34,563.806,1225.146,597.784,15.76,613.544,613.544,0.0,0.0,0.0,0.0,0.0,611.602,0.0,0.0,0.0,200.0,0.2,0.706,266.32,24.0,0.0,0.0,101.202,101.202,1.0,1.0,0.501,minimize_generator,full_grid,False,5000.0,0.0,5000,inf
2016-11-25,661.54,611.514,1273.054,609.346,66.32,675.666,675.666,0.0,0.0,0.0,0.0,0.0,597.388,0.0,0.0,0.0,200.0,0.2,0.706,263.478,24.0,0.0,0.0,100.121,100.121,1.0,1.0,0.531,minimize_generator,full_grid,False,5000.0,0.0,5000,inf
2016-11-26,729.45,521.522,1250.972,577.467,59.52,636.987,636.987,0.0,0.0,0.0,0.0,0.0,613.985,0.0,0.0,0.0,200.0,0.2,0.706,266.797,24.0,0.0,0.0,101.383,101.383,1.0,1.0,0.509,minimize_generator,full_grid,False,5000.0,0.0,5000,inf
2016-11-27,666.03,502.251,1168.281,591.612,6.28,597.892,597.892,0.0,0.0,0.0,0.0,0.0,570.389,0.0,0.0,0.0,200.0,0.2,0.706,258.078,24.0,0.0,0.0,98.07,98.07,1.0,1.0,0.512,minimize_generator,full_grid,False,5000.0,0.0,5000,inf
2016-11-28,657.25,488.093,1145.343,573.449,3.04,576.489,576.489,0.0,0.0,0.0,0.0,0.0,568.854,0.0,0.0,0.0,200.0,0.2,0.706,257.771,24.0,0.0,0.0,97.953,97.953,1.0,1.0,0.503,minimize_generator,full_grid,False,5000.0,0.0,5000,inf
2016-11-29,661.9,391.166,1053.066,380.321,5.24,385.561,385.561,0.0,0.0,0.0,0.0,0.0,667.505,0.0,0.0,0.0,200.0,0.2,0.706,277.501,24.0,0.0,0.0,105.45,105.45,1.0,1.0,0.366,minimize_generator,full_grid,False,5000.0,0.0,5000,inf
2016-11-30,658.73,604.101,1262.831,520.548,102.0,622.548,622.548,0.0,0.0,0.0,0.0,0.0,640.283,0.0,0.0,0.0,200.0,0.2,0.706,272.057,24.0,0.0,0.0,103.381,103.381,1.0,1.0,0.493,minimize_generator,full_grid,False,5000.0,0.0,5000,inf
2016-12-01,589.695,652.296,1241.991,400.609,447.76,848.369,848.369,0.0,0.0,0.0,393.622,0.0,0.0,0.0,0.0,0.0,200.0,0.2,0.706,0.0,0.0,26.526,0.0,0.0,26.526,0.683,1.0,0.683,minimize_generator,full_grid,False,393.622,0.0,5000,inf
2016-12-02,660.245,488.12,1148.365,468.455,402.2,870.655,870.655,0.0,0.0,0.0,277.71,0.0,0.0,0.0,0.0,0.0,200.0,0.2,0.706,0.0,0.0,19.001,0.0,0.0,19.001,0.758,1.0,0.758,minimize_generator,full_grid,False,671.333,0.0,5000,inf
2016-12-03,659.675,507.279,1166.954,571.083,84.68,655.763,655.763,0.0,0.0,0.0,511.191,0.0,0.0,0.0,0.0,0.0,200.0,0.2,0.706,0.0,0.0,34.926,0.0,0.0,34.926,0.562,1.0,0.562,minimize_generator,full_grid,False,1182.524,0.0,5000,inf
2016-12-04,733.005,445.211,1178.216,415.78,81.8,497.58,497.58,0.0,0.0,0.0,680.636,0.0,0.0,0.0,0.0,0.0,200.0,0.2,0.706,0.0,0.0,46.901,0.0,0.0,46.901,0.422,1.0,0.422,minimize_generator,full_grid,False,1863.16,0.0,5000,inf
2016-12-05,661.9,350.948,1012.848,589.589,231.96,821.549,821.549,0.0,0.0,0.0,191.299,0.0,0.0,0.0,0.0,0.0,200.0,0.2,0.706,0.0,0.0,13.244,0.0,0.0,13.244,0.811,1.0,0.811,minimize_generator,full_grid,False,2054.459,0.0,5000,inf
2016-12-06,588.18,321.945,910.125,587.691,84.68,672.371,672.371,0.0,0.0,0.0,237.754,0.0,0.0,0.0,0.0,0.0,200.0,0.2,0.706,0.0,0.0,16.442,0.0,0.0,16.442,0.739,1.0,0.739,minimize_generator,full_grid,False,2292.213,0.0,5000,inf
2016-12-07,657.81,332.28,990.09,575.794,119.92,695.714,695.714,0.0,0.0,0.0,294.376,0.0,0.0,0.0,0.0,0.0,200.0,0.2,0.706,0.0,0.0,20.413,0.0,0.0,20.413,0.703,1.0,0.703,minimize_generator,full_grid,False,2586.588,0.0,5000,inf
2016-12-08,663.99,366.542,1030.532,569.303,221.52,790.823,790.823,0.0,0.0,0.0,239.709,0.0,0.0,0.0,0.0,0.0,200.0,0.2,0.706,0.0,0.0,16.573,0.0,0.0,16.573,0.767,1.0,0.767,minimize_generator,full_grid,False,2826.297,0.0,5000,inf
2016-12-09,730.755,306.506,1037.261,592.176,110.0,702.176,702.176,0.0,0.0,0.0,335.085,0.0,0.0,0.0,0.0,0.0,200.0,0.2,0.706,0.0,0.0,23.374,0.0,0.0,23.374,0.677,1.0,0.677,minimize_generator,full_grid,False,3161.382,0.0,5000,inf
2016-12-10,586.7,316.932,903.632,606.313,194.0,800.313,800.313,0.0,0.0,0.0,103.319,0.0,0.0,0.0,0.0,0.0,200.0,0.2,0.706,0.0,0.0,7.148,0.0,0.0,7.148,0.886,1.0,0.886,minimize_generator,full_grid,False,3264.7,0.0,5000,inf
2016-12-11,585.395,285.81,871.205,578.461,68.88,647.341,647.341,0.0,0.0,0.0,223.864,0.0,0.0,0.0,0.0,0.0,200.0,0.2,0.706,0.0,0.0,15.541,0.0,0.0,15.541,0.743,1.0,0.743,minimize_generator,full_grid,False,3488.564,0.0,5000,inf
2016-12-12,729.45,284.676,1014.126,598.866,121.6,720.466,720.466,0.0,0.0,0.0,293.66,0.0,0.0,0.0,0.0,0.0,200.0,0.2,0.706,0.0,0.0,20.529,0.0,0.0,20.529,0.71,1.0,0.71,minimize_generator,full_grid,False,3782.225,0.0,5000,inf
2016-12-13,660.245,345.002,1005.247,568.14,386.44,954.58,954.58,0.0,0.0,0.0,50.667,0.0,0.0,0.0,0.0,0.0,200.0,0.2,0.706,0.0,0.0,3.509,0.0,0.0,3.509,0.95,1.0,0.95,minimize_generator,full_grid,False,3832.892,0.0,5000,inf
2016-12-14,588.565,318.404,906.969,466.744,519.12,985.864,906.969,78.895,78.895,0.0,0.0,0.0,0.0,0.0,0.0,0.0,274.95,0.275,0.786,0.0,0.0,0.0,0.0,0.0,0.0,1.0,1.0,1.0,minimize_generator,full_grid,False,3832.892,0.0,5000,inf
2016-12-15,660.595,296.482,957.077,599.872,264.04,863.912,863.912,0.0,0.0,71.203,21.962,0.0,0.0,0.0,0.0,0.0,200.0,0.2,0.786,0.0,0.0,1.529,0.0,0.0,1.529,0.977,1.0,0.961,minimize_generator,full_grid,False,3854.854,0.0,5000,inf
2016-12-16,581.665,259.035,840.7,569.654,155.88,725.534,725.534,0.0,0.0,0.0,115.166,0.0,0.0,0.0,0.0,0.0,200.0,0.2,0.786,0.0,0.0,8.019,0.0,0.0,8.019,0.863,1.0,0.863,minimize_generator,full_grid,False,3970.021,0.0,5000,inf
2016-12-17,658.17,302.449,960.619,559.616,178.96,738.576,738.576,0.0,0.0,0.0,222.043,0.0,0.0,0.0,0.0,0.0,200.0,0.2,0.786,0.0,0.0,15.445,0.0,0.0,15.445,0.769,1.0,0.769,minimize_generator,full_grid,False,4192.063,0.0,5000,inf
2016-12-18,659.3,307.108,966.408,555.844,182.68,738.524,738.524,0.0,0.0,0.0,227.884,0.0,0.0,0.0,0.0,0.0,200.0,0.2,0.786,0.0,0.0,15.844,0.0,0.0,15.844,0.764,1.0,0.764,minimize_generator,full_grid,False,4419.947,0.0,5000,inf
2016-12-19,661.34,302.075,963.415,595.153,453.32,1048.473,963.415,85.058,85.058,0.0,0.0,0.0,0.0,0.0,0.0,0.0,280.806,0.281,0.848,0.0,0.0,0.0,0.0,0.0,0.0,1.0,1.0,1.0,minimize_generator,full_grid,False,4419.947,0.0,5000,inf
2016-12-20,587.26,308.166,895.426,608.103,204.4,812.503,812.503,0.0,0.0,76.765,6.158,0.0,0.0,0.0,0.0,0.0,200.0,0.2,0.848,0.0,0.0,0.426,0.0,0.0,0.426,0.993,1.0,0.98,minimize_generator,full_grid,False,4426.105,0.0,5000,inf
2016-12-21,657.995,255.629,913.624,599.495,115.76,715.255,715.255,0.0,0.0,0.0,198.369,0.0,0.0,0.0,0.0,0.0,200.0,0.2,0.848,0.0,0.0,13.87,0.0,0.0,13.87,0.783,1.0,0.783,minimize_generator,full_grid,False,4624.474,0.0,5000,inf
2016-12-22,587.26,290.801,878.061,552.767,165.04,717.807,717.807,0.0,0.0,0.0,160.254,0.0,0.0,0.0,0.0,0.0,200.0,0.2,0.848,0.0,0.0,11.12,0.0,0.0,11.12,0.817,1.0,0.817,minimize_generator,full_grid,False,4784.727,0.0,5000,inf
2016-12-23,658.38,223.026,881.406,319.942,232.92,552.862,552.862,0.0,0.0,0.0,215.273,0.0,113.271,0.0,0.0,0.0,200.0,0.2,0.848,67.963,7.551,15.111,0.0,27.939,43.05,0.756,1.0,0.627,minimize_generator,full_grid,False,5000.0,0.0,5000,inf
2016-12-24,587.085,32.627,619.712,274.091,508.36,782.451,619.712,162.739,162.739,0.0,0.0,0.0,0.0,0.0,0.0,0.0,354.602,0.355,0.914,0.0,0.0,0.0,0.0,0.0,0.0,1.0,1.0,1.0,minimize_generator,full_grid,False,5000.0,0.0,5000,inf
2016-12-25,588.95,22.865,611.815,589.39,415.2,1004.59,611.815,392.775,392.775,0.0,0.0,0.0,0.0,0.0,0.0,0.0,727.738,0.728,0.958,0.0,0.0,0.0,0.0,0.0,0.0,1.0,1.0,1.0,minimize_generator,full_grid,False,5000.0,0.0,5000,inf
2016-12-26,586.525,23.414,609.939,543.92,234.8,778.72,609.939,168.781,76.066,0.0,0.0,92.715,0.0,0.0,0.0,0.0,800.0,0.8,0.962,0.0,0.0,0.0,0.0,0.0,0.0,1.0,0.881,1.0,minimize_generator,full_grid,False,5000.0,92.715,5000,inf
2016-12-27,659.475,22.791,682.266,563.275,461.08,1024.355,682.266,342.089,0.0,0.0,0.0,342.089,0.0,0.0,0.0,0.0,800.0,0.8,0.962,0.0,0.0,0.0,0.0,0.0,0.0,1.0,0.666,1.0,minimize_generator,full_grid,False,5000.0,434.804,5000,inf
2016-12-28,660.035,23.63,683.665,607.659,72.84,680.499,680.499,0.0,0.0,3.166,0.0,0.0,0.0,0.0,0.0,0.0,796.668,0.797,0.962,0.0,0.0,0.0,0.0,0.0,0.0,1.0,1.0,1.0,minimize_generator,full_grid,False,5000.0,434.804,5000,inf
2016-12-29,589.125,22.689,611.814,594.473,273.36,867.833,611.814,256.019,3.508,0.0,0.0,252.512,0.0,0.0,0.0,0.0,800.0,0.8,0.962,0.0,0.0,0.0,0.0,0.0,0.0,1.0,0.709,1.0,minimize_generator,full_grid,False,5000.0,687.316,5000,inf
2016-12-30,656.865,24.341,681.206,604.512,164.08,768.592,681.206,87.386,0.0,0.0,0.0,87.386,0.0,0.0,0.0,0.0,800.0,0.8,0.962,0.0,0.0,0.0,0.0,0.0,0.0,1.0,0.886,1.0,minimize_generator,full_grid,False,5000.0,774.702,5000,inf
2016-12-31,584.45,24.545,608.995,589.051,337.72,926.771,608.995,317.776,0.0,0.0,0.0,317.776,0.0,0.0,0.0,0.0,800.0,0.8,0.962,0.0,0.0,0.0,0.0,0.0,0.0,1.0,0.657,1.0,minimize_generator,full_grid,False,5000.0,1092.478,5000,inf
2017-01-01,588.75,26.869,615.619,385.091,231.0,616.091,615.619,0.472,0.0,0.0,0.0,0.472,0.0,0.0,0.0,0.0,800.0,0.8,0.962,0.0,0.0,0.0,0.0,0.0,0.0,1.0,0.999,1.0,minimize_generator,full_grid,False,0.0,0.472,5000,inf
2017-01-02,589.695,24.195,613.89,588.219,399.28,987.499,613.89,373.609,0.0,0.0,0.0,373.609,0.0,0.0,0.0,0.0,800.0,0.8,0.962,0.0,0.0,0.0,0.0,0.0,0.0,1.0,0.622,1.0,minimize_generator,full_grid,False,0.0,374.081,5000,inf
2017-01-03,729.835,22.295,752.13,559.968,166.88,726.848,726.848,0.0,0.0,25.282,0.0,0.0,0.0,0.0,0.0,0.0,773.387,0.773,0.962,0.0,0.0,0.0,0.0,0.0,0.0,1.0,1.0,0.999,minimize_generator,full_grid,False,0.0,374.081,5000,inf
2017-01-04,585.58,21.245,606.825,609.458,291.76,901.218,606.825,294.393,28.013,0.0,0.0,266.379,0.0,0.0,0.0,0.0,800.0,0.8,0.963,0.0,0.0,0.0,0.0,0.0,0.0,1.0,0.704,1.0,minimize_generator,full_grid,False,0.0,640.46,5000,inf
2017-01-05,661.9,22.808,684.708,493.481,34.16,527.641,527.641,0.0,0.0,157.067,0.0,0.0,0.0,0.0,0.0,0.0,634.666,0.635,0.963,0.0,0.0,0.0,0.0,0.0,0.0,1.0,1.0,0.992,minimize_generator,full_grid,False,0.0,640.46,5000,inf
2017-01-06,660.245,23.852,684.097,601.932,3.12,605.052,605.052,0.0,0.0,79.045,0.0,0.0,0.0,0.0,0.0,0.0,551.461,0.551,0.963,0.0,0.0,0.0,0.0,0.0,0.0,1.0,1.0,0.996,minimize_generator,full_grid,False,0.0,640.46,5000,inf
2017-01-07,657.435,20.79,678.225,606.011,286.28,892.291,678.225,214.066,214.066,0.0,0.0,0.0,0.0,0.0,0.0,0.0,754.824,0.755,0.973,0.0,0.0,0.0,0.0,0.0,0.0,1.0,1.0,1.0,minimize_generator,full_grid,False,0.0,640.46,5000,inf
2017-01-08,663.245,14.974,678.219,625.341,407.32,1032.661,678.219,354.442,47.554,0.0,0.0,306.888,0.0,0.0,0.0,0.0,800.0,0.8,0.975,0.0,0.0,0.0,0.0,0.0,0.0,1.0,0.703,1.0,minimize_generator,full_grid,False,0.0,947.348,5000,inf
2017-01-09,657.81,7.358,665.168,590.181,260.32,850.501,665.168,185.333,0.0,0.0,0.0,185.333,0.0,0.0,0.0,0.0,800.0,0.8,0.975,0.0,0.0,0.0,0.0,0.0,0.0,1.0,0.782,1.0,minimize_generator,full_grid,False,0.0,1132.681,5000,inf
2017-01-10,657.81,5.616,663.426,582.866,11.28,594.146,594.146,0.0,0.0,69.28,0.0,0.0,0.0,0.0,0.0,0.0,727.074,0.727,0.975,0.0,0.0,0.0,0.0,0.0,0.0,1.0,1.0,0.997,minimize_generator,full_grid,False,0.0,1132.681,5000,inf
2017-01-11,589.31,7.641,596.951,611.808,72.16,683.968,596.951,87.017,76.764,0.0,0.0,10.252,0.0,0.0,0.0,0.0,800.0,0.8,0.977,0.0,0.0,0.0,0.0,0.0,0.0,1.0,0.985,1.0,minimize_generator,full_grid,False,0.0,1142.933,5000,inf
2017-01-12,660.805,8.766,669.571,471.189,231.96,703.149,669.571,33.578,0.0,0.0,0.0,33.578,0.0,0.0,0.0,0.0,800.0,0.8,0.977,0.0,0.0,0.0,0.0,0.0,0.0,1.0,0.952,1.0,minimize_generator,full_grid,False,0.0,1176.511,5000,inf
2017-01-13,660.42,5.713,666.133,594.202,301.72,895.922,666.133,229.789,0.0,0.0,0.0,229.789,0.0,0.0,0.0,0.0,800.0,0.8,0.977,0.0,0.0,0.0,0.0,0.0,0.0,1.0,0.744,1.0,minimize_generator,full_grid,False,0.0,1406.3,5000,inf
2017-01-14,587.085,4.778,591.863,455.788,45.56,501.348,501.348,0.0,0.0,90.515,0.0,0.0,0.0,0.0,0.0,0.0,704.721,0.705,0.977,0.0,0.0,0.0,0.0,0.0,0.0,1.0,1.0,0.996,minimize_generator,full_grid,False,0.0,1406.3,5000,inf
2017-01-15,584.45,10.347,594.797,618.703,289.04,907.743,594.797,312.946,100.294,0.0,0.0,212.652,0.0,0.0,0.0,0.0,800.0,0.8,0.98,0.0,0.0,0.0,0.0,0.0,0.0,1.0,0.766,1.0,minimize_generator,full_grid,False,0.0,1618.952,5000,inf
2017-01-16,588.565,7.086,595.651,569.678,6.76,576.438,576.438,0.0,0.0,19.213,0.0,0.0,0.0,0.0,0.0,0.0,779.776,0.78,0.98,0.0,0.0,0.0,0.0,0.0,0.0,1.0,1.0,0.999,minimize_generator,full_grid,False,0.0,1618.952,5000,inf
2017-01-17,586.525,5.852,592.377,471.751,0.8,472.551,472.551,0.0,0.0,119.826,0.0,0.0,0.0,0.0,0.0,0.0,653.643,0.654,0.98,0.0,0.0,0.0,0.0,0.0,0.0,1.0,1.0,0.996,minimize_generator,full_grid,False,0.0,1618.952,5000,inf
2017-01-18,589.125,7.367,596.492,428.206,138.84,567.046,567.046,0.0,0.0,29.446,0.0,0.0,0.0,0.0,0.0,0.0,622.647,0.623,0.98,0.0,0.0,0.0,0.0,0.0,0.0,1.0,1.0,0.999,minimize_generator,full_grid,False,0.0,1618.952,5000,inf
2017-01-19,660.98,9.758,670.738,649.889,238.6,888.489,670.738,217.751,186.687,0.0,0.0,31.064,0.0,0.0,0.0,0.0,800.0,0.8,0.984,0.0,0.0,0.0,0.0,0.0,0.0,1.0,0.965,1.0,minimize_generator,full_grid,False,0.0,1650.016,5000,inf
2017-01-20,587.83,8.689,596.519,503.719,79.68,583.399,583.399,0.0,0.0,13.12,0.0,0.0,0.0,0.0,0.0,0.0,786.19,0.786,0.984,0.0,0.0,0.0,0.0,0.0,0.0,1.0,1.0,1.0,minimize_generator,full_grid,False,0.0,1650.016,5000,inf
2017-01-21,589.31,10.351,599.661,660.186,257.48,917.666,599.661,318.005,14.537,0.0,0.0,303.468,0.0,0.0,0.0,0.0,800.0,0.8,0.985,0.0,0.0,0.0,0.0,0.0,0.0,1.0,0.669,1.0,minimize_generator,full_grid,False,0.0,1953.484,5000,inf
2017-01-22,589.695,8.467,598.162,648.017,110.0,758.017,598.162,159.855,0.0,0.0,0.0,159.855,0.0,0.0,0.0,0.0,800.0,0.8,0.985,0.0,0.0,0.0,0.0,0.0,0.0,1.0,0.789,1.0,minimize_generator,full_grid,False,0.0,2113.339,5000,inf
2017-01-23,659.475,8.613,668.088,661.195,66.32,727.515,668.088,59.427,0.0,0.0,0.0,59.427,0.0,0.0,0.0,0.0,800.0,0.8,0.985,0.0,0.0,0.0,0.0,0.0,0.0,1.0,0.918,1.0,minimize_generator,full_grid,False,0.0,2172.766,5000,inf
2017-01-24,581.29,7.943,589.233,556.938,15.24,572.178,572.178,0.0,0.0,17.055,0.0,0.0,0.0,0.0,0.0,0.0,782.048,0.782,0.985,0.0,0.0,0.0,0.0,0.0,0.0,1.0,1.0,1.0,minimize_generator,full_grid,False,0.0,2172.766,5000,inf
2017-01-25,587.445,7.42,594.865,446.916,9.96,456.876,456.876,0.0,0.0,137.989,0.0,0.0,0.0,0.0,0.0,0.0,636.797,0.637,0.985,0.0,0.0,0.0,0.0,0.0,0.0,1.0,1.0,0.996,minimize_generator,full_grid,False,0.0,2172.766,5000,inf
2017-01-26,657.435,8.393,665.828,284.248,424.92,709.168,665.828,43.34,43.34,0.0,0.0,0.0,0.0,0.0,0.0,0.0,677.97,0.678,0.985,0.0,0.0,0.0,0.0,0.0,0.0,1.0,1.0,1.0,minimize_generator,full_grid,False,0.0,2172.766,5000,inf
2017-01-27,661.165,9.855,671.02,612.293,495.44,1107.733,671.02,436.713,128.453,0.0,0.0,308.26,0.0,0.0,0.0,0.0,800.0,0.8,0.988,0.0,0.0,0.0,0.0,0.0,0.0,1.0,0.722,1.0,minimize_generator,full_grid,False,0.0,2481.026,5000,inf
2017-01-28,588.005,9.51,597.515,678.128,499.16,1177.288,597.515,579.773,0.0,0.0,0.0,579.773,0.0,0.0,0.0,0.0,800.0,0.8,0.988,0.0,0.0,0.0,0.0,0.0,0.0,1.0,0.508,1.0,minimize_generator,full_grid,False,0.0,3060.799,5000,inf
2017-01-29,582.97,8.564,591.534,704.964,124.96,829.924,591.534,238.39,0.0,0.0,0.0,238.39,0.0,0.0,0.0,0.0,800.0,0.8,0.988,0.0,0.0,0.0,0.0,0.0,0.0,1.0,0.713,1.0,minimize_generator,full_grid,False,0.0,3299.189,5000,inf
2017-01-30,659.115,9.729,668.844,719.336,279.84,999.176,668.844,330.332,0.0,0.0,0.0,330.332,0.0,0.0,0.0,0.0,800.0,0.8,0.988,0.0,0.0,0.0,0.0,0.0,0.0,1.0,0.669,1.0,minimize_generator,full_grid,False,0.0,3629.521,5000,inf
2017-01-31,587.83,10.454,598.284,726.196,360.28,1086.476,598.284,488.192,0.0,0.0,0.0,488.192,0.0,0.0,0.0,0.0,800.0,0.8,0.988,0.0,0.0,0.0,0.0,0.0,0.0,1.0,0.551,1.0,minimize_generator,full_grid,False,0.0,4117.713,5000,inf
2017-02-01,585.755,9.692,595.447,543.563,386.44,930.003,595.447,334.556,0.0,0.0,0.0,334.556,0.0,0.0,0.0,0.0,800.0,0.8,0.988,0.0,0.0,0.0,0.0,0.0,0.0,1.0,0.64,1.0,minimize_generator,full_grid,False,0.0,334.556,5000,inf
2017-02-02,588.005,9.795,597.8,741.231,102.0,843.231,597.8,245.431,0.0,0.0,0.0,245.431,0.0,0.0,0.0,0.0,800.0,0.8,0.988,0.0,0.0,0.0,0.0,0.0,0.0,1.0,0.709,1.0,minimize_generator,full_grid,False,0.0,579.987,5000,inf
2017-02-03,589.695,8.629,598.324,743.576,29.16,772.736,598.324,174.412,0.0,0.0,0.0,174.412,0.0,0.0,0.0,0.0,800.0,0.8,0.988,0.0,0.0,0.0,0.0,0.0,0.0,1.0,0.774,1.0,minimize_generator,full_grid,False,0.0,754.399,5000,inf
2017-02-04,588.18,8.484,596.664,695.157,34.6,729.757,596.664,133.093,0.0,0.0,0.0,133.093,0.0,0.0,0.0,0.0,800.0,0.8,0.988,0.0,0.0,0.0,0.0,0.0,0.0,1.0,0.818,1.0,minimize_generator,full_grid,False,0.0,887.492,5000,inf
2017-02-05,582.41,11.415,593.825,746.953,253.72,1000.673,593.825,406.848,0.0,0.0,0.0,406.848,0.0,0.0,0.0,0.0,800.0,0.8,0.988,0.0,0.0,0.0,0.0,0.0,0.0,1.0,0.593,1.0,minimize_generator,full_grid,False,0.0,1294.34,5000,inf
2017-02-06,660.98,10.935,671.915,750.613,57.72,808.333,671.915,136.418,0.0,0.0,0.0,136.418,0.0,0.0,0.0,0.0,800.0,0.8,0.988,0.0,0.0,0.0,0.0,0.0,0.0,1.0,0.831,1.0,minimize_generator,full_grid,False,0.0,1430.758,5000,inf
2017-02-07,662.86,10.999,673.859,753.728,70.2,823.928,673.859,150.069,0.0,0.0,0.0,150.069,0.0,0.0,0.0,0.0,800.0,0.8,0.988,0.0,0.0,0.0,0.0,0.0,0.0,1.0,0.818,1.0,minimize_generator,full_grid,False,0.0,1580.827,5000,inf
2017-02-08,660.245,11.856,672.101,697.926,114.92,812.846,672.101,140.745,0.0,0.0,0.0,140.745,0.0,0.0,0.0,0.0,800.0,0.8,0.988,0.0,0.0,0.0,0.0,0.0,0.0,1.0,0.827,1.0,minimize_generator,full_grid,False,0.0,1721.572,5000,inf
2017-02-09,586.885,11.633,598.518,761.744,242.4,1004.144,598.518,405.626,0.0,0.0,0.0,405.626,0.0,0.0,0.0,0.0,800.0,0.8,0.988,0.0,0.0,0.0,0.0,0.0,0.0,1.0,0.596,1.0,minimize_generator,full_grid,False,0.0,2127.198,5000,inf
2017-02-10,657.25,10.477,667.727,756.859,94.28,851.139,667.727,183.412,0.0,0.0,0.0,183.412,0.0,0.0,0.0,0.0,800.0,0.8,0.988,0.0,0.0,0.0,0.0,0.0,0.0,1.0,0.785,1.0,minimize_generator,full_grid,False,0.0,2310.611,5000,inf
2017-02-11,658.17,11.661,669.831,760.864,304.44,1065.304,669.831,395.473,0.0,0.0,0.0,395.473,0.0,0.0,0.0,0.0,800.0,0.8,0.988,0.0,0.0,0.0,0.0,0.0,0.0,1.0,0.629,1.0,minimize_generator,full_grid,False,0.0,2706.084,5000,inf
2017-02-12,660.595,11.316,671.911,724.013,253.72,977.733,671.911,305.822,0.0,0.0,0.0,305.822,0.0,0.0,0.0,0.0,800.0,0.8,0.988,0.0,0.0,0.0,0.0,0.0,0.0,1.0,0.687,1.0,minimize_generator,full_grid,False,0.0,3011.905,5000,inf
2017-02-13,660.98,10.992,671.972,763.858,370.76,1134.618,671.972,462.646,0.0,0.0,0.0,462.646,0.0,0.0,0.0,0.0,800.0,0.8,0.988,0.0,0.0,0.0,0.0,0.0,0.0,1.0,0.592,1.0,minimize_generator,full_grid,False,0.0,3474.551,5000,inf
2017-02-14,589.125,10.787,599.912,780.171,361.92,1142.091,599.912,542.179,0.0,0.0,0.0,542.179,0.0,0.0,0.0,0.0,800.0,0.8,0.988,0.0,0.0,0.0,0.0,0.0,0.0,1.0,0.525,1.0,minimize_generator,full_grid,False,0.0,4016.73,5000,inf
2017-02-15,659.115,387.336,1046.451,733.225,405.88,1139.105,1046.451,92.654,0.0,0.0,0.0,92.654,0.0,0.0,0.0,0.0,800.0,0.8,0.988,0.0,0.0,0.0,0.0,0.0,0.0,1.0,0.919,1.0,minimize_generator,full_grid,False,0.0,4109.384,5000,inf
2017-02-16,660.595,343.765,1004.36,581.403,438.24,1019.643,1004.36,15.283,0.0,0.0,0.0,15.283,0.0,0.0,0.0,0.0,800.0,0.8,0.988,0.0,0.0,0.0,0.0,0.0,0.0,1.0,0.985,1.0,minimize_generator,full_grid,False,0.0,4124.667,5000,inf
2017-02-17,664.935,422.434,1087.369,713.554,259.36,972.914,972.914,0.0,0.0,114.455,0.0,0.0,0.0,0.0,0.0,0.0,679.521,0.68,0.988,0.0,0.0,0.0,0.0,0.0,0.0,1.0,1.0,0.999,minimize_generator,full_grid,False,0.0,4124.667,5000,inf
2017-02-18,661.9,386.701,1048.601,839.884,29.16,869.044,869.044,0.0,0.0,179.557,0.0,0.0,0.0,0.0,0.0,0.0,490.513,0.491,0.988,0.0,0.0,0.0,0.0,0.0,0.0,1.0,1.0,0.998,minimize_generator,full_grid,False,0.0,4124.667,5000,inf
2017-02-19,662.86,450.061,1112.921,854.575,39.6,894.175,894.175,0.0,0.0,218.746,0.0,0.0,0.0,0.0,0.0,0.0,260.254,0.26,0.988,0.0,0.0,0.0,0.0,0.0,0.0,1.0,1.0,0.998,minimize_generator,full_grid,False,0.0,4124.667,5000,inf
2017-02-20,660.035,472.676,1132.711,836.545,333.44,1169.985,1132.711,37.274,37.274,0.0,0.0,0.0,0.0,0.0,0.0,0.0,295.665,0.296,0.989,0.0,0.0,0.0,0.0,0.0,0.0,1.0,1.0,1.0,minimize_generator,full_grid,False,0.0,4124.667,5000,inf
2017-02-21,665.47,468.207,1133.677,853.811,295.4,1149.211,1133.677,15.534,15.534,0.0,0.0,0.0,0.0,0.0,0.0,0.0,310.423,0.31,0.99,0.0,0.0,0.0,0.0,0.0,0.0,1.0,1.0,1.0,minimize_generator,full_grid,False,0.0,4124.667,5000,inf
2017-02-22,661.54,387.592,1049.132,566.632,286.28,852.912,852.912,0.0,0.0,104.901,91.319,0.0,0.0,0.0,0.0,0.0,200.0,0.2,0.99,0.0,0.0,6.897,0.0,0.0,6.897,0.913,1.0,0.912,minimize_generator,full_grid,False,91.319,4124.667,5000,inf
2017-02-23,657.075,459.34,1116.415,819.101,99.68,918.781,918.781,0.0,0.0,0.0,197.634,0.0,0.0,0.0,0.0,0.0,200.0,0.2,0.99,0.0,0.0,14.833,0.0,0.0,14.833,0.823,1.0,0.823,minimize_generator,full_grid,False,288.953,4124.667,5000,inf
2017-02-24,666.03,465.322,1131.352,788.41,61.92,850.33,850.33,0.0,0.0,0.0,281.022,0.0,0.0,0.0,0.0,0.0,200.0,0.2,0.99,0.0,0.0,21.091,0.0,0.0,21.091,0.752,1.0,0.752,minimize_generator,full_grid,False,569.975,4124.667,5000,inf
2017-02-25,663.605,506.316,1169.921,843.463,57.72,901.183,901.183,0.0,0.0,0.0,268.738,0.0,0.0,0.0,0.0,0.0,200.0,0.2,0.99,0.0,0.0,20.104,0.0,0.0,20.104,0.77,1.0,0.77,minimize_generator,full_grid,False,838.713,4124.667,5000,inf
2017-02-26,659.3,501.993,1161.293,854.067,46.6,900.667,900.667,0.0,0.0,0.0,260.626,0.0,0.0,0.0,0.0,0.0,200.0,0.2,0.99,0.0,0.0,19.499,0.0,0.0,19.499,0.776,1.0,0.776,minimize_generator,full_grid,False,1099.339,4124.667,5000,inf
2017-02-27,659.3,484.819,1144.119,775.895,21.52,797.415,797.415,0.0,0.0,0.0,346.704,0.0,0.0,0.0,0.0,0.0,200.0,0.2,0.99,0.0,0.0,25.972,0.0,0.0,25.972,0.697,1.0,0.697,minimize_generator,full_grid,False,1446.042,4124.667,5000,inf
2017-02-28,662.86,519.382,1182.242,791.721,59.52,851.241,851.241,0.0,0.0,0.0,331.001,0.0,0.0,0.0,0.0,0.0,200.0,0.2,0.99,0.0,0.0,24.738,0.0,0.0,24.738,0.72,1.0,0.72,minimize_generator,full_grid,False,1777.043,4124.667,5000,inf
2017-03-01,663.605,504.823,1168.428,764.795,269.64,1034.435,1034.435,0.0,0.0,0.0,133.993,0.0,0.0,0.0,0.0,0.0,200.0,0.2,0.99,0.0,0.0,9.889,0.0,0.0,9.889,0.885,1.0,0.885,minimize_generator,full_grid,False,133.993,0.0,5000,inf
2017-03-02,662.86,530.634,1193.494,852.947,295.4,1148.347,1148.347,0.0,0.0,0.0,45.147,0.0,0.0,0.0,0.0,0.0,200.0,0.2,0.99,0.0,0.0,3.326,0.0,0.0,3.326,0.962,1.0,0.962,minimize_generator,full_grid,False,179.141,0.0,5000,inf
2017-03-03,663.605,539.293,1202.898,892.334,346.2,1238.534,1202.898,35.636,35.636,0.0,0.0,0.0,0.0,0.0,0.0,0.0,233.854,0.234,0.991,0.0,0.0,0.0,0.0,0.0,0.0,1.0,1.0,1.0,minimize_generator,full_grid,False,179.141,0.0,5000,inf
2017-03-04,732.06,526.258,1258.318,927.783,197.76,1125.543,1125.543,0.0,0.0,32.162,100.613,0.0,0.0,0.0,0.0,0.0,200.0,0.2,0.991,0.0,0.0,7.441,0.0,0.0,7.441,0.92,1.0,0.92,minimize_generator,full_grid,False,279.754,0.0,5000,inf
2017-03-05,729.835,541.176,1271.011,933.077,47.12,980.197,980.197,0.0,0.0,0.0,290.814,0.0,0.0,0.0,0.0,0.0,200.0,0.2,0.991,0.0,0.0,21.484,0.0,0.0,21.484,0.771,1.0,0.771,minimize_generator,full_grid,False,570.568,0.0,5000,inf
2017-03-06,663.805,543.318,1207.123,932.359,41.52,973.879,973.879,0.0,0.0,0.0,233.244,0.0,0.0,0.0,0.0,0.0,200.0,0.2,0.991,0.0,0.0,17.168,0.0,0.0,17.168,0.807,1.0,0.807,minimize_generator,full_grid,False,803.812,0.0,5000,inf
2017-03-07,729.835,567.438,1297.273,929.493,418.68,1348.173,1297.273,50.9,50.9,0.0,0.0,0.0,0.0,0.0,0.0,0.0,248.355,0.248,0.993,0.0,0.0,0.0,0.0,0.0,0.0,1.0,1.0,1.0,minimize_generator,full_grid,False,803.812,0.0,5000,inf
2017-03-08,659.3,543.213,1202.513,935.909,23.24,959.149,959.149,0.0,0.0,45.937,197.427,0.0,0.0,0.0,0.0,0.0,200.0,0.2,0.993,0.0,0.0,14.528,0.0,0.0,14.528,0.836,1.0,0.836,minimize_generator,full_grid,False,1001.238,0.0,5000,inf
2017-03-09,665.295,598.835,1264.13,956.2,40.56,996.76,996.76,0.0,0.0,0.0,267.37,0.0,0.0,0.0,0.0,0.0,200.0,0.2,0.993,0.0,0.0,19.609,0.0,0.0,19.609,0.788,1.0,0.788,minimize_generator,full_grid,False,1268.608,0.0,5000,inf
2017-03-10,733.925,573.438,1307.363,816.418,136.2,952.618,952.618,0.0,0.0,0.0,354.745,0.0,0.0,0.0,0.0,0.0,200.0,0.2,0.993,0.0,0.0,26.156,0.0,0.0,26.156,0.729,1.0,0.729,minimize_generator,full_grid,False,1623.353,0.0,5000,inf
2017-03-11,663.605,530.416,1194.021,873.749,187.4,1061.149,1061.149,0.0,0.0,0.0,132.872,0.0,0.0,0.0,0.0,0.0,200.0,0.2,0.993,0.0,0.0,9.789,0.0,0.0,9.789,0.889,1.0,0.889,minimize_generator,full_grid,False,1756.224,0.0,5000,inf
2017-03-12,660.98,676.454,1337.434,927.776,244.28,1172.056,1172.056,0.0,0.0,0.0,165.378,0.0,0.0,0.0,0.0,0.0,200.0,0.2,0.993,0.0,0.0,12.07,0.0,0.0,12.07,0.876,1.0,0.876,minimize_generator,full_grid,False,1921.603,0.0,5000,inf
2017-03-13,662.11,608.773,1270.883,939.075,306.24,1245.315,1245.315,0.0,0.0,0.0,25.568,0.0,0.0,0.0,0.0,0.0,200.0,0.2,0.993,0.0,0.0,1.874,0.0,0.0,1.874,0.98,1.0,0.98,minimize_generator,full_grid,False,1947.171,0.0,5000,inf
2017-03-14,660.805,602.127,1262.932,965.804,277.08,1242.884,1242.884,0.0,0.0,0.0,20.048,0.0,0.0,0.0,0.0,0.0,200.0,0.2,0.993,0.0,0.0,1.47,0.0,0.0,1.47,0.984,1.0,0.984,minimize_generator,full_grid,False,1967.219,0.0,5000,inf
2017-03-15,662.11,653.742,1315.852,973.915,428.32,1402.235,1315.852,86.383,86.383,0.0,0.0,0.0,0.0,0.0,0.0,0.0,282.064,0.282,0.995,0.0,0.0,0.0,0.0,0.0,0.0,1.0,1.0,1.0,minimize_generator,full_grid,False,1967.219,0.0,5000,inf
2017-03-16,664.375,608.425,1272.8,1005.221,290.84,1296.061,1272.8,23.261,23.261,0.0,0.0,0.0,0.0,0.0,0.0,0.0,304.161,0.304,0.995,0.0,0.0,0.0,0.0,0.0,0.0,1.0,1.0,1.0,minimize_generator,full_grid,False,1967.219,0.0,5000,inf
2017-03-17,660.42,590.781,1251.201,949.575,18.08,967.655,967.655,0.0,0.0,98.953,184.593,0.0,0.0,0.0,0.0,0.0,200.0,0.2,0.995,0.0,0.0,13.542,0.0,0.0,13.542,0.852,1.0,0.852,minimize_generator,full_grid,False,2151.811,0.0,5000,inf
2017-03-18,729.45,522.707,1252.157,496.364,312.48,808.844,808.844,0.0,0.0,0.0,443.313,0.0,0.0,0.0,0.0,0.0,200.0,0.2,0.995,0.0,0.0,32.79,0.0,0.0,32.79,0.646,1.0,0.646,minimize_generator,full_grid,False,2595.125,0.0,5000,inf
2017-03-19,733.005,642.742,1375.747,846.574,511.28,1357.854,1357.854,0.0,0.0,0.0,17.893,0.0,0.0,0.0,0.0,0.0,200.0,0.2,0.995,0.0,0.0,1.314,0.0,0.0,1.314,0.987,1.0,0.987,minimize_generator,full_grid,False,2613.017,0.0,5000,inf
2017-03-20,663.43,691.155,1354.585,1028.213,367.56,1395.773,1354.585,41.188,41.188,0.0,0.0,0.0,0.0,0.0,0.0,0.0,239.128,0.239,0.996,0.0,0.0,0.0,0.0,0.0,0.0,1.0,1.0,1.0,minimize_generator,full_grid,False,2613.017,0.0,5000,inf
2017-03-21,735.79,631.311,1367.101,860.849,136.2,997.049,997.049,0.0,0.0,37.172,332.88,0.0,0.0,0.0,0.0,0.0,200.0,0.2,0.996,0.0,0.0,24.458,0.0,0.0,24.458,0.757,1.0,0.756,minimize_generator,full_grid,False,2945.897,0.0,5000,inf
2017-03-22,732.435,437.162,1169.597,514.044,18.96,533.004,533.004,0.0,0.0,0.0,636.593,0.0,0.0,0.0,0.0,0.0,200.0,0.2,0.996,0.0,0.0,47.395,0.0,0.0,47.395,0.456,1.0,0.456,minimize_generator,full_grid,False,3582.491,0.0,5000,inf
2017-03-23,734.66,670.697,1405.357,812.473,128.4,940.873,940.873,0.0,0.0,0.0,464.484,0.0,0.0,0.0,0.0,0.0,200.0,0.2,0.996,0.0,0.0,34.048,0.0,0.0,34.048,0.669,1.0,0.669,minimize_generator,full_grid,False,4046.975,0.0,5000,inf
2017-03-24,665.47,757.525,1422.995,981.71,316.88,1298.59,1298.59,0.0,0.0,0.0,124.405,0.0,0.0,0.0,0.0,0.0,200.0,0.2,0.996,0.0,0.0,9.043,0.0,0.0,9.043,0.913,1.0,0.913,minimize_generator,full_grid,False,4171.381,0.0,5000,inf
2017-03-25,734.485,756.275,1490.76,1017.402,200.6,1218.002,1218.002,0.0,0.0,0.0,272.758,0.0,0.0,0.0,0.0,0.0,200.0,0.2,0.996,0.0,0.0,19.903,0.0,0.0,19.903,0.817,1.0,0.817,minimize_generator,full_grid,False,4444.139,0.0,5000,inf
2017-03-26,664.55,766.908,1431.458,1010.57,205.36,1215.93,1215.93,0.0,0.0,0.0,215.528,0.0,0.0,0.0,0.0,0.0,200.0,0.2,0.996,0.0,0.0,15.659,0.0,0.0,15.659,0.849,1.0,0.849,minimize_generator,full_grid,False,4659.667,0.0,5000,inf
2017-03-27,735.22,784.68,1519.9,905.786,312.48,1218.266,1218.266,0.0,0.0,0.0,301.634,0.0,0.0,0.0,0.0,0.0,200.0,0.2,0.996,0.0,0.0,21.98,0.0,0.0,21.98,0.802,1.0,0.802,minimize_generator,full_grid,False,4961.3,0.0,5000,inf
2017-03-28,732.795,861.089,1593.884,1011.469,237.68,1249.149,1249.149,0.0,0.0,0.0,38.7,0.0,306.035,0.0,0.0,0.0,200.0,0.2,0.996,183.621,20.402,2.81,0.0,73.779,76.589,0.976,1.0,0.784,minimize_generator,full_grid,False,5000.0,0.0,5000,inf
2017-03-29,734.66,829.013,1563.673,1011.221,17.2,1028.421,1028.421,0.0,0.0,0.0,0.0,0.0,535.252,0.0,0.0,0.0,200.0,0.2,0.996,251.05,24.0,0.0,0.0,100.872,100.872,1.0,1.0,0.658,minimize_generator,full_grid,False,5000.0,0.0,5000,inf
2017-03-30,665.47,825.22,1490.69,979.379,71.52,1050.899,1050.899,0.0,0.0,0.0,0.0,0.0,439.791,0.0,0.0,0.0,200.0,0.2,0.996,231.958,24.0,0.0,0.0,93.201,93.201,1.0,1.0,0.705,minimize_generator,full_grid,False,5000.0,0.0,5000,inf
2017-03-31,729.835,907.977,1637.812,925.482,205.36,1130.842,1130.842,0.0,0.0,0.0,0.0,0.0,506.97,0.0,0.0,0.0,200.0,0.2,0.996,245.394,24.0,0.0,0.0,98.599,98.599,1.0,1.0,0.69,minimize_generator,full_grid,False,5000.0,0.0,5000,inf
2017-04-01,735.605,834.13,1569.735,990.605,387.2,1377.805,1377.805,0.0,0.0,0.0,191.93,0.0,0.0,0.0,0.0,0.0,200.0,0.2,0.996,0.0,0.0,15.138,0.0,0.0,15.138,0.878,1.0,0.878,minimize_generator,full_grid,False,191.93,0.0,5000,inf
2017-04-02,730.195,837.877,1568.072,1030.913,365.96,1396.873,1396.873,0.0,0.0,0.0,171.199,0.0,0.0,0.0,0.0,0.0,200.0,0.2,0.996,0.0,0.0,13.496,0.0,0.0,13.496,0.891,1.0,0.891,minimize_generator,full_grid,False,363.129,0.0,5000,inf
2017-04-03,735.79,929.191,1664.981,1087.465,145.04,1232.505,1232.505,0.0,0.0,0.0,432.476,0.0,0.0,0.0,0.0,0.0,200.0,0.2,0.996,0.0,0.0,33.97,0.0,0.0,33.97,0.74,1.0,0.74,minimize_generator,full_grid,False,795.605,0.0,5000,inf
2017-04-04,666.24,1016.589,1682.829,1078.487,49.8,1128.287,1128.287,0.0,0.0,0.0,554.542,0.0,0.0,0.0,0.0,0.0,200.0,0.2,0.996,0.0,0.0,43.249,0.0,0.0,43.249,0.67,1.0,0.67,minimize_generator,full_grid,False,1350.147,0.0,5000,inf
2017-04-05,737.855,1080.547,1818.402,1065.454,109.2,1174.654,1174.654,0.0,0.0,0.0,643.748,0.0,0.0,0.0,0.0,0.0,200.0,0.2,0.996,0.0,0.0,50.283,0.0,0.0,50.283,0.646,1.0,0.646,minimize_generator,full_grid,False,1993.895,0.0,5000,inf
2017-04-06,730.37,1069.835,1800.205,981.433,97.36,1078.793,1078.793,0.0,0.0,0.0,721.412,0.0,0.0,0.0,0.0,0.0,200.0,0.2,0.996,0.0,0.0,56.349,0.0,0.0,56.349,0.599,1.0,0.599,minimize_generator,full_grid,False,2715.307,0.0,5000,inf
2017-04-07,737.47,1010.346,1747.816,1084.195,385.68,1469.875,1469.875,0.0,0.0,0.0,277.941,0.0,0.0,0.0,0.0,0.0,200.0,0.2,0.996,0.0,0.0,21.764,0.0,0.0,21.764,0.841,1.0,0.841,minimize_generator,full_grid,False,2993.248,0.0,5000,inf
2017-04-08,738.03,1024.0,1762.03,1070.463,187.4,1257.863,1257.863,0.0,0.0,0.0,504.167,0.0,0.0,0.0,0.0,0.0,200.0,0.2,0.996,0.0,0.0,39.46,0.0,0.0,39.46,0.714,1.0,0.714,minimize_generator,full_grid,False,3497.415,0.0,5000,inf
2017-04-09,733.355,994.685,1728.04,889.36,224.36,1113.72,1113.72,0.0,0.0,0.0,614.32,0.0,0.0,0.0,0.0,0.0,200.0,0.2,0.996,0.0,0.0,48.123,0.0,0.0,48.123,0.644,1.0,0.644,minimize_generator,full_grid,False,4111.736,0.0,5000,inf
2017-04-10,738.39,950.001,1688.391,964.561,231.0,1195.561,1195.561,0.0,0.0,0.0,492.83,0.0,0.0,0.0,0.0,0.0,200.0,0.2,0.996,0.0,0.0,38.683,0.0,0.0,38.683,0.708,1.0,0.708,minimize_generator,full_grid,False,4604.565,0.0,5000,inf
2017-04-11,737.655,904.791,1642.446,843.993,119.08,963.073,963.073,0.0,0.0,0.0,395.435,0.0,283.938,0.0,0.0,0.0,200.0,0.2,0.996,170.363,18.929,31.095,0.0,70.769,101.863,0.759,1.0,0.586,minimize_generator,full_grid,False,5000.0,0.0,5000,inf
2017-04-12,734.87,824.294,1559.164,876.39,115.76,992.15,992.15,0.0,0.0,0.0,0.0,0.0,567.014,0.0,0.0,0.0,200.0,0.2,0.996,257.403,24.0,0.0,0.0,106.925,106.925,1.0,1.0,0.636,minimize_generator,full_grid,False,5000.0,0.0,5000,inf
2017-04-13,733.565,626.282,1359.847,486.799,74.84,561.639,561.639,0.0,0.0,0.0,0.0,0.0,798.208,0.0,0.0,0.0,200.0,0.2,0.996,303.642,24.0,0.0,0.0,126.133,126.133,1.0,1.0,0.413,minimize_generator,full_grid,False,5000.0,0.0,5000,inf
2017-04-14,730.195,524.228,1254.423,483.596,380.24,863.836,863.836,0.0,0.0,0.0,0.0,0.0,390.587,0.0,0.0,0.0,200.0,0.2,0.996,222.117,24.0,0.0,0.0,92.268,92.268,1.0,1.0,0.689,minimize_generator,full_grid,False,5000.0,0.0,5000,inf
2017-04-15,810.115,875.697,1685.812,1130.529,402.96,1533.489,1533.489,0.0,0.0,0.0,0.0,0.0,152.323,0.0,0.0,0.0,200.0,0.2,0.996,91.394,10.155,0.0,0.0,37.965,37.965,1.0,1.0,0.91,minimize_generator,full_grid,False,5000.0,0.0,5000,inf
2017-04-16,732.435,818.511,1550.946,1138.784,250.88,1389.664,1389.664,0.0,0.0,0.0,0.0,0.0,161.282,0.0,0.0,0.0,200.0,0.2,0.996,96.769,10.752,0.0,0.0,40.198,40.198,1.0,1.0,0.896,minimize_generator,full_grid,False,5000.0,0.0,5000,inf
2017-04-17,809.905,802.911,1612.816,1119.069,334.28,1453.349,1453.349,0.0,0.0,0.0,0.0,0.0,159.467,0.0,0.0,0.0,200.0,0.2,0.996,95.68,10.631,0.0,0.0,39.746,39.746,1.0,1.0,0.901,minimize_generator,full_grid,False,5000.0,0.0,5000,inf
2017-04-18,737.855,699.979,1437.834,1106.183,28.76,1134.943,1134.943,0.0,0.0,0.0,0.0,0.0,302.891,0.0,0.0,0.0,200.0,0.2,0.996,181.735,20.193,0.0,0.0,75.493,75.493,1.0,1.0,0.789,minimize_generator,full_grid,False,5000.0,0.0,5000,inf
2017-04-19,812.715,710.191,1522.906,1143.606,74.2,1217.806,1217.806,0.0,0.0,0.0,0.0,0.0,305.1,0.0,0.0,0.0,200.0,0.2,0.996,183.06,20.34,0.0,0.0,76.043,76.043,1.0,1.0,0.8,minimize_generator,full_grid,False,5000.0,0.0,5000,inf
2017-04-20,738.39,680.489,1418.879,1147.533,148.64,1296.173,1296.173,0.0,0.0,0.0,0.0,0.0,122.706,0.0,0.0,0.0,200.0,0.2,0.996,73.623,8.18,0.0,0.0,30.583,30.583,1.0,1.0,0.914,minimize_generator,full_grid,False,5000.0,0.0,5000,inf
2017-04-21,738.6,614.271,1352.871,1038.475,98.88,1137.355,1137.355,0.0,0.0,0.0,0.0,0.0,215.516,0.0,0.0,0.0,200.0,0.2,0.996,129.31,14.368,0.0,0.0,53.715,53.715,1.0,1.0,0.841,minimize_generator,full_grid,False,5000.0,0.0,5000,inf
2017-04-22,813.845,495.159,1309.004,981.362,115.76,1097.122,1097.122,0.0,0.0,0.0,0.0,0.0,211.882,0.0,0.0,0.0,200.0,0.2,0.996,127.129,14.125,0.0,0.0,52.809,52.809,1.0,1.0,0.838,minimize_generator,full_grid,False,5000.0,0.0,5000,inf
2017-04-23,812.715,395.991,1208.706,1061.475,507.96,1569.435,1208.706,360.729,360.729,0.0,0.0,0.0,0.0,0.0,0.0,0.0,542.693,0.543,0.999,0.0,0.0,0.0,0.0,0.0,0.0,1.0,1.0,1.0,minimize_generator,full_grid,False,5000.0,0.0,5000,inf
2017-04-24,812.9,309.17,1122.07,1113.944,408.76,1522.704,1122.07,400.634,270.85,0.0,0.0,129.784,0.0,0.0,0.0,0.0,800.0,0.8,0.999,0.0,0.0,0.0,0.0,0.0,0.0,1.0,0.915,1.0,minimize_generator,full_grid,False,5000.0,129.784,5000,inf
2017-04-25,813.845,234.311,1048.156,1118.266,297.2,1415.466,1048.156,367.31,0.0,0.0,0.0,367.31,0.0,0.0,0.0,0.0,800.0,0.8,0.999,0.0,0.0,0.0,0.0,0.0,0.0,1.0,0.741,1.0,minimize_generator,full_grid,False,5000.0,497.095,5000,inf
2017-04-26,735.605,169.38,904.985,998.805,342.8,1341.605,904.985,436.62,0.0,0.0,0.0,436.62,0.0,0.0,0.0,0.0,800.0,0.8,0.999,0.0,0.0,0.0,0.0,0.0,0.0,1.0,0.675,1.0,minimize_generator,full_grid,False,5000.0,933.714,5000,inf
2017-04-27,815.5,120.078,935.578,1041.089,446.52,1487.609,935.578,552.031,0.0,0.0,0.0,552.031,0.0,0.0,0.0,0.0,800.0,0.8,0.999,0.0,0.0,0.0,0.0,0.0,0.0,1.0,0.629,1.0,minimize_generator,full_grid,False,5000.0,1485.746,5000,inf
2017-04-28,815.325,82.909,898.234,1094.846,281.68,1376.526,898.234,478.292,0.0,0.0,0.0,478.292,0.0,0.0,0.0,0.0,800.0,0.8,0.999,0.0,0.0,0.0,0.0,0.0,0.0,1.0,0.653,1.0,minimize_generator,full_grid,False,5000.0,1964.038,5000,inf
2017-04-29,738.6,47.88,786.48,894.209,5.24,899.449,786.48,112.969,0.0,0.0,0.0,112.969,0.0,0.0,0.0,0.0,800.0,0.8,0.999,0.0,0.0,0.0,0.0,0.0,0.0,1.0,0.874,1.0,minimize_generator,full_grid,False,5000.0,2077.007,5000,inf
2017-04-30,812.715,44.398,857.113,1017.223,34.6,1051.823,857.113,194.71,0.0,0.0,0.0,194.71,0.0,0.0,0.0,0.0,800.0,0.8,0.999,0.0,0.0,0.0,0.0,0.0,0.0,1.0,0.815,1.0,minimize_generator,full_grid,False,5000.0,2271.717,5000,inf
2017-05-01,813.845,1086.694,1900.539,803.013,115.76,918.773,918.773,0.0,0.0,570.0,411.766,0.0,0.0,0.0,0.0,0.0,200.0,0.2,0.999,0.0,0.0,31.522,0.0,0.0,31.522,0.783,1.0,0.783,minimize_generator,full_grid,False,411.766,0.0,5000,inf
2017-05-02,813.635,1172.68,1986.315,1089.4,188.32,1277.72,1277.72,0.0,0.0,0.0,708.595,0.0,0.0,0.0,0.0,0.0,200.0,0.2,0.999,0.0,0.0,54.09,0.0,0.0,54.09,0.643,1.0,0.643,minimize_generator,full_grid,False,1120.361,0.0,5000,inf
2017-05-03,815.885,1153.901,1969.786,1099.707,276.16,1375.867,1375.867,0.0,0.0,0.0,593.919,0.0,0.0,0.0,0.0,0.0,200.0,0.2,0.999,0.0,0.0,45.368,0.0,0.0,45.368,0.698,1.0,0.698,minimize_generator,full_grid,False,1714.28,0.0,5000,inf
2017-05-04,890.78,1198.335,2089.115,1140.818,368.36,1509.178,1509.178,0.0,0.0,0.0,579.937,0.0,0.0,0.0,0.0,0.0,200.0,0.2,0.999,0.0,0.0,44.383,0.0,0.0,44.383,0.722,1.0,0.722,minimize_generator,full_grid,False,2294.217,0.0,5000,inf
2017-05-05,889.835,1203.06,2092.895,1049.269,286.28,1335.549,1335.549,0.0,0.0,0.0,757.346,0.0,0.0,0.0,0.0,0.0,200.0,0.2,0.999,0.0,0.0,57.95,0.0,0.0,57.95,0.638,1.0,0.638,minimize_generator,full_grid,False,3051.562,0.0,5000,inf
2017-05-06,810.675,1178.429,1989.104,1175.943,256.56,1432.503,1432.503,0.0,0.0,0.0,556.601,0.0,0.0,0.0,0.0,0.0,200.0,0.2,0.999,0.0,0.0,42.474,0.0,0.0,42.474,0.72,1.0,0.72,minimize_generator,full_grid,False,3608.163,0.0,5000,inf
2017-05-07,818.135,1208.092,2026.227,1184.888,264.96,1449.848,1449.848,0.0,0.0,0.0,576.379,0.0,0.0,0.0,0.0,0.0,200.0,0.2,0.999,0.0,0.0,43.957,0.0,0.0,43.957,0.716,1.0,0.716,minimize_generator,full_grid,False,4184.542,0.0,5000,inf
2017-05-08,891.7,1156.315,2048.015,1165.661,25.72,1191.381,1191.381,0.0,48.824,0.0,815.458,0.0,41.176,48.824,0.0,0.0,246.383,0.246,0.811,54.0,6.0,62.495,0.0,25.742,88.237,0.602,1.0,0.582,minimize_generator,full_grid,False,5000.0,0.0,5000,inf
2017-05-09,817.75,1050.571,1868.321,1165.575,0.64,1166.215,1166.215,0.0,0.0,44.064,0.0,0.0,658.042,0.0,0.0,0.0,200.0,0.2,0.811,275.608,24.0,0.0,0.0,131.383,131.383,1.0,1.0,0.643,minimize_generator,full_grid,False,5000.0,0.0,5000,inf
2017-05-10,891.35,1061.282,1952.632,1138.853,2.92,1141.773,1141.773,0.0,0.0,0.0,0.0,0.0,810.859,0.0,0.0,0.0,200.0,0.2,0.811,306.172,24.0,0.0,0.0,145.952,145.952,1.0,1.0,0.585,minimize_generator,full_grid,False,5000.0,0.0,5000,inf
2017-05-11,895.08,980.011,1875.091,1138.386,376.32,1514.706,1514.706,0.0,0.0,0.0,0.0,0.0,360.385,0.0,0.0,0.0,200.0,0.2,0.811,216.077,24.0,0.0,0.0,103.004,103.004,1.0,1.0,0.808,minimize_generator,full_grid,False,5000.0,0.0,5000,inf
2017-05-12,891.7,885.747,1777.447,1160.258,375.52,1535.778,1535.778,0.0,0.0,0.0,0.0,0.0,241.669,0.0,0.0,0.0,200.0,0.2,0.811,145.002,16.111,0.0,0.0,69.122,69.122,1.0,1.0,0.864,minimize_generator,full_grid,False,5000.0,0.0,5000,inf
2017-05-13,818.495,806.521,1625.016,1080.223,152.24,1232.463,1232.463,0.0,0.0,0.0,0.0,0.0,392.553,0.0,0.0,0.0,200.0,0.2,0.811,222.511,24.0,0.0,0.0,106.071,106.071,1.0,1.0,0.758,minimize_generator,full_grid,False,5000.0,0.0,5000,inf
2017-05-14,892.27,728.392,1620.662,1104.113,132.72,1236.833,1236.833,0.0,0.0,0.0,0.0,0.0,383.829,0.0,0.0,0.0,200.0,0.2,0.811,220.766,24.0,0.0,0.0,105.239,105.239,1.0,1.0,0.763,minimize_generator,full_grid,False,5000.0,0.0,5000,inf
2017-05-15,818.67,652.497,1471.167,1100.582,196.84,1297.422,1297.422,0.0,0.0,0.0,0.0,0.0,173.745,0.0,0.0,0.0,200.0,0.2,0.811,104.247,11.583,0.0,0.0,49.694,49.694,1.0,1.0,0.882,minimize_generator,full_grid,False,5000.0,0.0,5000,inf
2017-05-16,818.495,626.772,1445.267,1137.732,239.56,1377.292,1377.292,0.0,22.025,0.0,0.0,0.0,67.975,22.025,0.0,0.0,220.924,0.221,0.734,54.0,6.0,0.0,0.0,25.742,25.742,1.0,1.0,0.953,minimize_generator,full_grid,False,5000.0,0.0,5000,inf
2017-05-17,817.365,553.447,1370.812,1112.576,127.52,1240.096,1240.096,0.0,0.0,19.878,0.0,0.0,110.838,0.0,0.0,0.0,200.0,0.2,0.734,66.503,7.389,0.0,0.0,31.702,31.702,1.0,1.0,0.915,minimize_generator,full_grid,False,5000.0,0.0,5000,inf
2017-05-18,895.43,462.31,1357.74,962.286,24.64,986.926,986.926,0.0,0.0,0.0,0.0,0.0,370.814,0.0,0.0,0.0,200.0,0.2,0.734,218.163,24.0,0.0,0.0,103.998,103.998,1.0,1.0,0.727,minimize_generator,full_grid,False,5000.0,0.0,5000,inf
2017-05-19,816.07,423.861,1239.931,1048.137,284.44,1332.577,1239.931,92.646,92.646,0.0,0.0,0.0,0.0,0.0,0.0,0.0,288.013,0.288,0.815,0.0,0.0,0.0,0.0,0.0,0.0,1.0,1.0,1.0,minimize_generator,full_grid,False,5000.0,0.0,5000,inf
2017-05-20,895.815,305.761,1201.576,1179.949,461.68,1641.629,1201.576,440.053,440.053,0.0,0.0,0.0,0.0,0.0,0.0,0.0,706.063,0.706,0.925,0.0,0.0,0.0,0.0,0.0,0.0,1.0,1.0,1.0,minimize_generator,full_grid,False,5000.0,0.0,5000,inf
2017-05-21,892.27,225.749,1118.019,1225.595,424.24,1649.835,1118.019,531.816,98.881,0.0,0.0,432.936,0.0,0.0,0.0,0.0,800.0,0.8,0.934,0.0,0.0,0.0,0.0,0.0,0.0,1.0,0.738,1.0,minimize_generator,full_grid,False,5000.0,432.936,5000,inf
2017-05-22,814.765,280.868,1095.633,1214.379,21.2,1235.579,1095.633,139.946,0.0,0.0,0.0,139.946,0.0,0.0,0.0,0.0,800.0,0.8,0.934,0.0,0.0,0.0,0.0,0.0,0.0,1.0,0.887,1.0,minimize_generator,full_grid,False,5000.0,572.882,5000,inf
2017-05-23,892.27,230.685,1122.955,1153.493,370.76,1524.253,1122.955,401.298,0.0,0.0,0.0,401.298,0.0,0.0,0.0,0.0,800.0,0.8,0.934,0.0,0.0,0.0,0.0,0.0,0.0,1.0,0.737,1.0,minimize_generator,full_grid,False,5000.0,974.18,5000,inf
2017-05-24,812.715,138.789,951.504,1212.78,312.48,1525.26,951.504,573.756,0.0,0.0,0.0,573.756,0.0,0.0,0.0,0.0,800.0,0.8,0.934,0.0,0.0,0.0,0.0,0.0,0.0,1.0,0.624,1.0,minimize_generator,full_grid,False,5000.0,1547.937,5000,inf
2017-05-25,893.775,125.419,1019.194,1202.01,355.36,1557.37,1019.194,538.176,0.0,0.0,0.0,538.176,0.0,0.0,0.0,0.0,800.0,0.8,0.934,0.0,0.0,0.0,0.0,0.0,0.0,1.0,0.654,1.0,minimize_generator,full_grid,False,5000.0,2086.113,5000,inf
2017-05-26,894.87,110.714,1005.584,1170.471,352.04,1522.511,1005.584,516.927,0.0,0.0,0.0,516.927,0.0,0.0,0.0,0.0,800.0,0.8,0.934,0.0,0.0,0.0,0.0,0.0,0.0,1.0,0.66,1.0,minimize_generator,full_grid,False,5000.0,2603.04,5000,inf
2017-05-27,889.66,93.252,982.912,1148.117,5.08,1153.197,982.912,170.285,0.0,0.0,0.0,170.285,0.0,0.0,0.0,0.0,800.0,0.8,0.934,0.0,0.0,0.0,0.0,0.0,0.0,1.0,0.852,1.0,minimize_generator,full_grid,False,5000.0,2773.325,5000,inf
2017-05-28,892.645,79.923,972.568,1131.84,185.52,1317.36,972.568,344.792,0.0,0.0,0.0,344.792,0.0,0.0,0.0,0.0,800.0,0.8,0.934,0.0,0.0,0.0,0.0,0.0,0.0,1.0,0.738,1.0,minimize_generator,full_grid,False,5000.0,3118.117,5000,inf
2017-05-29,899.73,64.184,963.914,1146.489,7.12,1153.609,963.914,189.695,0.0,0.0,0.0,189.695,0.0,0.0,0.0,0.0,800.0,0.8,0.934,0.0,0.0,0.0,0.0,0.0,0.0,1.0,0.836,1.0,minimize_generator,full_grid,False,5000.0,3307.812,5000,inf
2017-05-30,890.78,51.473,942.253,1117.484,250.88,1368.364,942.253,426.111,0.0,0.0,0.0,426.111,0.0,0.0,0.0,0.0,800.0,0.8,0.934,0.0,0.0,0.0,0.0,0.0,0.0,1.0,0.689,1.0,minimize_generator,full_grid,False,5000.0,3733.923,5000,inf
2017-05-31,818.31,36.542,854.852,1115.625,239.56,1355.185,854.852,500.333,0.0,0.0,0.0,500.333,0.0,0.0,0.0,0.0,800.0,0.8,0.934,0.0,0.0,0.0,0.0,0.0,0.0,1.0,0.631,1.0,minimize_generator,full_grid,False,5000.0,4234.255,5000,inf
2017-06-01,898.6,819.995,1718.595,1157.139,470.8,1627.939,1627.939,0.0,0.0,90.656,0.0,0.0,0.0,0.0,0.0,0.0,704.573,0.705,0.934,0.0,0.0,0.0,0.0,0.0,0.0,1.0,1.0,0.996,minimize_generator,full_grid,False,0.0,0.0,5000,inf
2017-06-02,900.675,836.785,1737.46,1215.222,285.36,1500.582,1500.582,0.0,0.0,236.878,0.0,0.0,0.0,0.0,0.0,0.0,455.227,0.455,0.934,0.0,0.0,0.0,0.0,0.0,0.0,1.0,1.0,0.991,minimize_generator,full_grid,False,0.0,0.0,5000,inf
2017-06-03,893.565,811.406,1704.971,1190.967,181.76,1372.727,1372.727,0.0,0.0,242.466,89.778,0.0,0.0,0.0,0.0,0.0,200.0,0.2,0.934,0.0,0.0,7.249,0.0,0.0,7.249,0.947,1.0,0.938,minimize_generator,full_grid,False,89.778,0.0,5000,inf
2017-06-04,897.505,859.764,1757.269,1177.931,297.2,1475.131,1475.131,0.0,0.0,0.0,282.138,0.0,0.0,0.0,0.0,0.0,200.0,0.2,0.934,0.0,0.0,22.735,0.0,0.0,22.735,0.839,1.0,0.839,minimize_generator,full_grid,False,371.916,0.0,5000,inf
2017-06-05,898.985,962.323,1861.308,1162.099,317.76,1479.859,1479.859,0.0,0.0,0.0,381.449,0.0,0.0,0.0,0.0,0.0,200.0,0.2,0.934,0.0,0.0,30.608,0.0,0.0,30.608,0.795,1.0,0.795,minimize_generator,full_grid,False,753.365,0.0,5000,inf
2017-06-06,891.35,896.763,1788.113,1185.492,186.44,1371.932,1371.932,0.0,0.0,0.0,416.181,0.0,0.0,0.0,0.0,0.0,200.0,0.2,0.934,0.0,0.0,33.474,0.0,0.0,33.474,0.767,1.0,0.767,minimize_generator,full_grid,False,1169.547,0.0,5000,inf
2017-06-07,892.445,931.923,1824.368,1188.919,145.04,1333.959,1333.959,0.0,0.0,0.0,490.409,0.0,0.0,0.0,0.0,0.0,200.0,0.2,0.934,0.0,0.0,39.388,0.0,0.0,39.388,0.731,1.0,0.731,minimize_generator,full_grid,False,1659.956,0.0,5000,inf
2017-06-08,899.16,890.209,1789.369,1190.256,140.6,1330.856,1330.856,0.0,0.0,0.0,458.513,0.0,0.0,0.0,0.0,0.0,200.0,0.2,0.934,0.0,0.0,36.901,0.0,0.0,36.901,0.744,1.0,0.744,minimize_generator,full_grid,False,2118.469,0.0,5000,inf
2017-06-09,901.025,906.493,1807.518,1163.601,355.36,1518.961,1518.961,0.0,0.0,0.0,288.557,0.0,0.0,0.0,0.0,0.0,200.0,0.2,0.934,0.0,0.0,23.209,0.0,0.0,23.209,0.84,1.0,0.84,minimize_generator,full_grid,False,2407.026,0.0,5000,inf
2017-06-10,897.12,777.855,1674.975,1177.785,485.64,1663.425,1663.425,0.0,0.0,0.0,11.55,0.0,0.0,0.0,0.0,0.0,200.0,0.2,0.934,0.0,0.0,0.934,0.0,0.0,0.934,0.993,1.0,0.993,minimize_generator,full_grid,False,2418.576,0.0,5000,inf
2017-06-11,891.91,734.455,1626.365,1207.303,380.24,1587.543,1587.543,0.0,0.0,0.0,38.822,0.0,0.0,0.0,0.0,0.0,200.0,0.2,0.934,0.0,0.0,3.146,0.0,0.0,3.146,0.976,1.0,0.976,minimize_generator,full_grid,False,2457.398,0.0,5000,inf
2017-06-12,902.715,742.387,1645.102,1203.394,439.52,1642.914,1642.914,0.0,0.0,0.0,2.188,0.0,0.0,0.0,0.0,0.0,200.0,0.2,0.934,0.0,0.0,0.177,0.0,0.0,0.177,0.999,1.0,0.999,minimize_generator,full_grid,False,2459.586,0.0,5000,inf
2017-06-13,893.565,791.425,1684.99,1178.429,347.88,1526.309,1526.309,0.0,0.0,0.0,158.681,0.0,0.0,0.0,0.0,0.0,200.0,0.2,0.934,0.0,0.0,12.825,0.0,0.0,12.825,0.906,1.0,0.906,minimize_generator,full_grid,False,2618.267,0.0,5000,inf
2017-06-14,894.31,647.802,1542.112,1138.935,115.76,1254.695,1254.695,0.0,0.0,0.0,287.417,0.0,0.0,0.0,0.0,0.0,200.0,0.2,0.934,0.0,0.0,23.405,0.0,0.0,23.405,0.814,1.0,0.814,minimize_generator,full_grid,False,2905.684,0.0,5000,inf
2017-06-15,897.12,587.749,1484.869,1168.316,330.84,1499.156,1484.869,14.287,14.287,0.0,0.0,0.0,0.0,0.0,0.0,0.0,213.573,0.214,0.938,0.0,0.0,0.0,0.0,0.0,0.0,1.0,1.0,1.0,minimize_generator,full_grid,False,2905.684,0.0,5000,inf
2017-06-16,901.77,611.839,1513.609,1189.381,262.16,1451.541,1451.541,0.0,0.0,12.894,49.174,0.0,0.0,0.0,0.0,0.0,200.0,0.2,0.938,0.0,0.0,4.014,0.0,0.0,4.014,0.968,1.0,0.967,minimize_generator,full_grid,False,2954.858,0.0,5000,inf
2017-06-17,899.37,669.97,1569.34,1210.942,270.56,1481.502,1481.502,0.0,0.0,0.0,87.838,0.0,0.0,0.0,0.0,0.0,200.0,0.2,0.938,0.0,0.0,7.145,0.0,0.0,7.145,0.944,1.0,0.944,minimize_generator,full_grid,False,3042.696,0.0,5000,inf
2017-06-18,897.865,653.027,1550.892,1213.77,244.28,1458.05,1458.05,0.0,0.0,0.0,92.842,0.0,0.0,0.0,0.0,0.0,200.0,0.2,0.938,0.0,0.0,7.559,0.0,0.0,7.559,0.94,1.0,0.94,minimize_generator,full_grid,False,3135.537,0.0,5000,inf
2017-06-19,898.24,603.477,1501.717,1179.175,246.16,1425.335,1425.335,0.0,0.0,0.0,76.382,0.0,0.0,0.0,0.0,0.0,200.0,0.2,0.938,0.0,0.0,6.237,0.0,0.0,6.237,0.949,1.0,0.949,minimize_generator,full_grid,False,3211.919,0.0,5000,inf
2017-06-20,896.735,538.209,1434.944,1131.448,368.36,1499.808,1434.944,64.864,64.864,0.0,0.0,0.0,0.0,0.0,0.0,0.0,261.62,0.262,0.952,0.0,0.0,0.0,0.0,0.0,0.0,1.0,1.0,1.0,minimize_generator,full_grid,False,3211.919,0.0,5000,inf
2017-06-21,898.81,482.027,1380.837,1109.771,420.8,1530.571,1380.837,149.734,149.734,0.0,0.0,0.0,0.0,0.0,0.0,0.0,403.868,0.404,0.969,0.0,0.0,0.0,0.0,0.0,0.0,1.0,1.0,1.0,minimize_generator,full_grid,False,3211.919,0.0,5000,inf
2017-06-22,816.805,433.852,1250.657,1181.173,462.24,1643.413,1250.657,392.756,392.756,0.0,0.0,0.0,0.0,0.0,0.0,0.0,776.986,0.777,0.984,0.0,0.0,0.0,0.0,0.0,0.0,1.0,1.0,1.0,minimize_generator,full_grid,False,3211.919,0.0,5000,inf
2017-06-23,895.815,461.565,1357.38,1202.042,378.68,1580.722,1357.38,223.342,24.225,0.0,0.0,199.117,0.0,0.0,0.0,0.0,800.0,0.8,0.984,0.0,0.0,0.0,0.0,0.0,0.0,1.0,0.874,1.0,minimize_generator,full_grid,False,3211.919,199.117,5000,inf
2017-06-24,898.04,471.837,1369.877,1181.116,319.52,1500.636,1369.877,130.759,0.0,0.0,0.0,130.759,0.0,0.0,0.0,0.0,800.0,0.8,0.984,0.0,0.0,0.0,0.0,0.0,0.0,1.0,0.913,1.0,minimize_generator,full_grid,False,3211.919,329.875,5000,inf
2017-06-25,893.005,405.061,1298.066,1163.769,277.08,1440.849,1298.066,142.783,0.0,0.0,0.0,142.783,0.0,0.0,0.0,0.0,800.0,0.8,0.984,0.0,0.0,0.0,0.0,0.0,0.0,1.0,0.901,1.0,minimize_generator,full_grid,False,3211.919,472.658,5000,inf
2017-06-26,898.81,355.301,1254.111,1154.407,254.68,1409.087,1254.111,154.976,0.0,0.0,0.0,154.976,0.0,0.0,0.0,0.0,800.0,0.8,0.984,0.0,0.0,0.0,0.0,0.0,0.0,1.0,0.89,1.0,minimize_generator,full_grid,False,3211.919,627.635,5000,inf
2017-06-27,896.735,330.241,1226.976,1134.575,289.04,1423.615,1226.976,196.639,0.0,0.0,0.0,196.639,0.0,0.0,0.0,0.0,800.0,0.8,0.984,0.0,0.0,0.0,0.0,0.0,0.0,1.0,0.862,1.0,minimize_generator,full_grid,False,3211.919,824.274,5000,inf
2017-06-28,904.195,306.739,1210.934,1131.351,378.68,1510.031,1210.934,299.097,0.0,0.0,0.0,299.097,0.0,0.0,0.0,0.0,800.0,0.8,0.984,0.0,0.0,0.0,0.0,0.0,0.0,1.0,0.802,1.0,minimize_generator,full_grid,False,3211.919,1123.371,5000,inf
2017-06-29,903.46,115.859,1019.319,1162.24,491.6,1653.84,1019.319,634.521,0.0,0.0,0.0,634.521,0.0,0.0,0.0,0.0,800.0,0.8,0.984,0.0,0.0,0.0,0.0,0.0,0.0,1.0,0.616,1.0,minimize_generator,full_grid,False,3211.919,1757.892,5000,inf
2017-06-30,896.0,16.102,912.102,1171.207,278.92,1450.127,912.102,538.025,0.0,0.0,0.0,538.025,0.0,0.0,0.0,0.0,800.0,0.8,0.984,0.0,0.0,0.0,0.0,0.0,0.0,1.0,0.629,1.0,minimize_generator,full_grid,False,3211.919,2295.917,5000,inf
2017-07-01,897.295,13.834,911.129,1169.752,206.32,1376.072,911.129,464.943,0.0,0.0,0.0,464.943,0.0,0.0,0.0,0.0,800.0,0.8,0.984,0.0,0.0,0.0,0.0,0.0,0.0,1.0,0.662,1.0,minimize_generator,full_grid,False,0.0,464.943,5000,inf
2017-07-02,897.68,15.052,912.732,1163.295,12.68,1175.975,912.732,263.243,0.0,0.0,0.0,263.243,0.0,0.0,0.0,0.0,800.0,0.8,0.984,0.0,0.0,0.0,0.0,0.0,0.0,1.0,0.776,1.0,minimize_generator,full_grid,False,0.0,728.186,5000,inf
2017-07-03,896.375,20.736,917.111,1150.007,24.64,1174.647,917.111,257.536,0.0,0.0,0.0,257.536,0.0,0.0,0.0,0.0,800.0,0.8,0.984,0.0,0.0,0.0,0.0,0.0,0.0,1.0,0.781,1.0,minimize_generator,full_grid,False,0.0,985.723,5000,inf
2017-07-04,898.81,34.971,933.781,1112.47,208.2,1320.67,933.781,386.889,0.0,0.0,0.0,386.889,0.0,0.0,0.0,0.0,800.0,0.8,0.984,0.0,0.0,0.0,0.0,0.0,0.0,1.0,0.707,1.0,minimize_generator,full_grid,False,0.0,1372.611,5000,inf
2017-07-05,895.255,37.103,932.358,1112.995,382.56,1495.555,932.358,563.197,0.0,0.0,0.0,563.197,0.0,0.0,0.0,0.0,800.0,0.8,0.984,0.0,0.0,0.0,0.0,0.0,0.0,1.0,0.623,1.0,minimize_generator,full_grid,False,0.0,1935.808,5000,inf
2017-07-06,893.95,35.777,929.727,1124.098,476.8,1600.898,929.727,671.171,0.0,0.0,0.0,671.171,0.0,0.0,0.0,0.0,800.0,0.8,0.984,0.0,0.0,0.0,0.0,0.0,0.0,1.0,0.581,1.0,minimize_generator,full_grid,False,0.0,2606.979,5000,inf
2017-07-07,900.675,35.691,936.366,1129.337,439.52,1568.857,936.366,632.491,0.0,0.0,0.0,632.491,0.0,0.0,0.0,0.0,800.0,0.8,0.984,0.0,0.0,0.0,0.0,0.0,0.0,1.0,0.597,1.0,minimize_generator,full_grid,False,0.0,3239.47,5000,inf
2017-07-08,900.675,36.807,937.482,1130.637,254.68,1385.317,937.482,447.835,0.0,0.0,0.0,447.835,0.0,0.0,0.0,0.0,800.0,0.8,0.984,0.0,0.0,0.0,0.0,0.0,0.0,1.0,0.677,1.0,minimize_generator,full_grid,False,0.0,3687.305,5000,inf
2017-07-09,895.43,37.917,933.347,1099.757,140.6,1240.357,933.347,307.01,0.0,0.0,0.0,307.01,0.0,0.0,0.0,0.0,800.0,0.8,0.984,0.0,0.0,0.0,0.0,0.0,0.0,1.0,0.752,1.0,minimize_generator,full_grid,False,0.0,3994.316,5000,inf
2017-07-10,901.77,38.1,939.87,1020.418,256.56,1276.978,939.87,337.108,0.0,0.0,0.0,337.108,0.0,0.0,0.0,0.0,800.0,0.8,0.984,0.0,0.0,0.0,0.0,0.0,0.0,1.0,0.736,1.0,minimize_generator,full_grid,False,0.0,4331.423,5000,inf
2017-07-11,896.0,36.437,932.437,920.466,298.12,1218.586,932.437,286.149,0.0,0.0,0.0,286.149,0.0,0.0,0.0,0.0,800.0,0.8,0.984,0.0,0.0,0.0,0.0,0.0,0.0,1.0,0.765,1.0,minimize_generator,full_grid,False,0.0,4617.573,5000,inf
2017-07-12,899.37,35.84,935.21,981.063,428.32,1409.383,935.21,474.173,0.0,0.0,0.0,474.173,0.0,0.0,0.0,0.0,800.0,0.8,0.984,0.0,0.0,0.0,0.0,0.0,0.0,1.0,0.664,1.0,minimize_generator,full_grid,False,0.0,5091.745,5000,inf
2017-07-13,901.595,36.02,937.615,1080.037,289.92,1369.957,937.615,432.342,0.0,0.0,0.0,432.342,0.0,0.0,0.0,0.0,800.0,0.8,0.984,0.0,0.0,0.0,0.0,0.0,0.0,1.0,0.684,1.0,minimize_generator,full_grid,False,0.0,5524.087,5000,inf
2017-07-14,898.425,38.626,937.051,1072.776,76.24,1149.016,937.051,211.965,0.0,0.0,0.0,211.965,0.0,0.0,0.0,0.0,800.0,0.8,0.984,0.0,0.0,0.0,0.0,0.0,0.0,1.0,0.816,1.0,minimize_generator,full_grid,False,0.0,5736.053,5000,inf
2017-07-15,900.29,41.324,941.614,1115.179,84.68,1199.859,941.614,258.245,0.0,0.0,0.0,258.245,0.0,0.0,0.0,0.0,800.0,0.8,0.984,0.0,0.0,0.0,0.0,0.0,0.0,1.0,0.785,1.0,minimize_generator,full_grid,False,0.0,5994.297,5000,inf
2017-07-16,896.56,43.151,939.711,1116.679,52.56,1169.239,939.711,229.528,0.0,0.0,0.0,229.528,0.0,0.0,0.0,0.0,800.0,0.8,0.984,0.0,0.0,0.0,0.0,0.0,0.0,1.0,0.804,1.0,minimize_generator,full_grid,False,0.0,6223.825,5000,inf
2017-07-17,897.865,41.463,939.328,1109.993,289.92,1399.913,939.328,460.585,0.0,0.0,0.0,460.585,0.0,0.0,0.0,0.0,800.0,0.8,0.984,0.0,0.0,0.0,0.0,0.0,0.0,1.0,0.671,1.0,minimize_generator,full_grid,False,0.0,6684.41,5000,inf
2017-07-18,897.68,39.357,937.037,1086.515,446.52,1533.035,937.037,595.998,0.0,0.0,0.0,595.998,0.0,0.0,0.0,0.0,800.0,0.8,0.984,0.0,0.0,0.0,0.0,0.0,0.0,1.0,0.611,1.0,minimize_generator,full_grid,False,0.0,7280.407,5000,inf
2017-07-19,895.815,37.372,933.187,1090.728,366.76,1457.488,933.187,524.301,0.0,0.0,0.0,524.301,0.0,0.0,0.0,0.0,800.0,0.8,0.984,0.0,0.0,0.0,0.0,0.0,0.0,1.0,0.64,1.0,minimize_generator,full_grid,False,0.0,7804.708,5000,inf
2017-07-20,897.865,37.257,935.122,1020.421,459.32,1479.741,935.122,544.619,0.0,0.0,0.0,544.619,0.0,0.0,0.0,0.0,800.0,0.8,0.984,0.0,0.0,0.0,0.0,0.0,0.0,1.0,0.632,1.0,minimize_generator,full_grid,False,0.0,8349.328,5000,inf
2017-07-21,892.645,37.719,930.364,1080.039,372.36,1452.399,930.364,522.035,0.0,0.0,0.0,522.035,0.0,0.0,0.0,0.0,800.0,0.8,0.984,0.0,0.0,0.0,0.0,0.0,0.0,1.0,0.641,1.0,minimize_generator,full_grid,False,0.0,8871.363,5000,inf
2017-07-22,896.56,37.874,934.434,1079.978,385.68,1465.658,934.434,531.224,0.0,0.0,0.0,531.224,0.0,0.0,0.0,0.0,800.0,0.8,0.984,0.0,0.0,0.0,0.0,0.0,0.0,1.0,0.638,1.0,minimize_generator,full_grid,False,0.0,9402.587,5000,inf
2017-07-23,897.295,27.614,924.909,1035.066,469.68,1504.746,924.909,579.837,0.0,0.0,0.0,579.837,0.0,0.0,0.0,0.0,800.0,0.8,0.984,0.0,0.0,0.0,0.0,0.0,0.0,1.0,0.615,1.0,minimize_generator,full_grid,False,0.0,9982.425,5000,inf
2017-07-24,897.505,13.663,911.168,1033.057,473.0,1506.057,911.168,594.889,0.0,0.0,0.0,594.889,0.0,0.0,0.0,0.0,800.0,0.8,0.984,0.0,0.0,0.0,0.0,0.0,0.0,1.0,0.605,1.0,minimize_generator,full_grid,False,0.0,10577.313,5000,inf
2017-07-25,897.505,13.067,910.572,1024.981,375.52,1400.501,910.572,489.929,0.0,0.0,0.0,489.929,0.0,0.0,0.0,0.0,800.0,0.8,0.984,0.0,0.0,0.0,0.0,0.0,0.0,1.0,0.65,1.0,minimize_generator,full_grid,False,0.0,11067.243,5000,inf
2017-07-26,898.04,12.046,910.086,1046.486,175.2,1221.686,910.086,311.6,0.0,0.0,0.0,311.6,0.0,0.0,0.0,0.0,800.0,0.8,0.984,0.0,0.0,0.0,0.0,0.0,0.0,1.0,0.745,1.0,minimize_generator,full_grid,False,0.0,11378.842,5000,inf
2017-07-27,900.105,11.809,911.914,1055.038,160.44,1215.478,911.914,303.564,0.0,0.0,0.0,303.564,0.0,0.0,0.0,0.0,800.0,0.8,0.984,0.0,0.0,0.0,0.0,0.0,0.0,1.0,0.75,1.0,minimize_generator,full_grid,False,0.0,11682.407,5000,inf
2017-07-28,901.41,12.83,914.24,1020.289,232.92,1253.209,914.24,338.969,0.0,0.0,0.0,338.969,0.0,0.0,0.0,0.0,800.0,0.8,0.984,0.0,0.0,0.0,0.0,0.0,0.0,1.0,0.73,1.0,minimize_generator,full_grid,False,0.0,12021.376,5000,inf
2017-07-29,895.64,12.665,908.305,1067.929,387.96,1455.889,908.305,547.584,0.0,0.0,0.0,547.584,0.0,0.0,0.0,0.0,800.0,0.8,0.984,0.0,0.0,0.0,0.0,0.0,0.0,1.0,0.624,1.0,minimize_generator,full_grid,False,0.0,12568.96,5000,inf
2017-07-30,893.565,11.927,905.492,1105.247,374.72,1479.967,905.492,574.475,0.0,0.0,0.0,574.475,0.0,0.0,0.0,0.0,800.0,0.8,0.984,0.0,0.0,0.0,0.0,0.0,0.0,1.0,0.612,1.0,minimize_generator,full_grid,False,0.0,13143.435,5000,inf
2017-07-31,894.135,12.117,906.252,1089.902,324.8,1414.702,906.252,508.45,0.0,0.0,0.0,508.45,0.0,0.0,0.0,0.0,800.0,0.8,0.984,0.0,0.0,0.0,0.0,0.0,0.0,1.0,0.641,1.0,minimize_generator,full_grid,False,0.0,13651.886,5000,inf
2017-08-01,896.0,11.382,907.382,1054.355,320.4,1374.755,907.382,467.373,0.0,0.0,0.0,467.373,0.0,0.0,0.0,0.0,800.0,0.8,0.984,0.0,0.0,0.0,0.0,0.0,0.0,1.0,0.66,1.0,minimize_generator,full_grid,False,0.0,467.373,5000,inf
2017-08-02,896.56,11.498,908.058,1047.61,338.56,1386.17,908.058,478.112,0.0,0.0,0.0,478.112,0.0,0.0,0.0,0.0,800.0,0.8,0.984,0.0,0.0,0.0,0.0,0.0,0.0,1.0,0.655,1.0,minimize_generator,full_grid,False,0.0,945.485,5000,inf
2017-08-03,894.87,11.335,906.205,1058.574,370.76,1429.334,906.205,523.129,0.0,0.0,0.0,523.129,0.0,0.0,0.0,0.0,800.0,0.8,0.984,0.0,0.0,0.0,0.0,0.0,0.0,1.0,0.634,1.0,minimize_generator,full_grid,False,0.0,1468.614,5000,inf
2017-08-04,892.83,11.522,904.352,1102.432,351.2,1453.632,904.352,549.28,0.0,0.0,0.0,549.28,0.0,0.0,0.0,0.0,800.0,0.8,0.984,0.0,0.0,0.0,0.0,0.0,0.0,1.0,0.622,1.0,minimize_generator,full_grid,False,0.0,2017.894,5000,inf
2017-08-05,895.815,10.481,906.296,1113.137,330.0,1443.137,906.296,536.841,0.0,0.0,0.0,536.841,0.0,0.0,0.0,0.0,800.0,0.8,0.984,0.0,0.0,0.0,0.0,0.0,0.0,1.0,0.628,1.0,minimize_generator,full_grid,False,0.0,2554.736,5000,inf
2017-08-06,898.04,10.527,908.567,1088.192,303.52,1391.712,908.567,483.145,0.0,0.0,0.0,483.145,0.0,0.0,0.0,0.0,800.0,0.8,0.984,0.0,0.0,0.0,0.0,0.0,0.0,1.0,0.653,1.0,minimize_generator,full_grid,False,0.0,3037.881,5000,inf
2017-08-07,899.545,10.572,910.117,1063.165,431.64,1494.805,910.117,584.688,0.0,0.0,0.0,584.688,0.0,0.0,0.0,0.0,800.0,0.8,0.984,0.0,0.0,0.0,0.0,0.0,0.0,1.0,0.609,1.0,minimize_generator,full_grid,False,0.0,3622.569,5000,inf
2017-08-08,895.08,10.319,905.399,1065.621,378.68,1444.301,905.399,538.902,0.0,0.0,0.0,538.902,0.0,0.0,0.0,0.0,800.0,0.8,0.984,0.0,0.0,0.0,0.0,0.0,0.0,1.0,0.627,1.0,minimize_generator,full_grid,False,0.0,4161.471,5000,inf
2017-08-09,895.43,10.294,905.724,1013.76,452.12,1465.88,905.724,560.156,0.0,0.0,0.0,560.156,0.0,0.0,0.0,0.0,800.0,0.8,0.984,0.0,0.0,0.0,0.0,0.0,0.0,1.0,0.618,1.0,minimize_generator,full_grid,False,0.0,4721.627,5000,inf
2017-08-10,893.39,10.688,904.078,1045.278,477.88,1523.158,904.078,619.08,0.0,0.0,0.0,619.08,0.0,0.0,0.0,0.0,800.0,0.8,0.984,0.0,0.0,0.0,0.0,0.0,0.0,1.0,0.594,1.0,minimize_generator,full_grid,False,0.0,5340.707,5000,inf
2017-08-11,896.735,10.688,907.423,1055.073,471.88,1526.953,907.423,619.53,0.0,0.0,0.0,619.53,0.0,0.0,0.0,0.0,800.0,0.8,0.984,0.0,0.0,0.0,0.0,0.0,0.0,1.0,0.594,1.0,minimize_generator,full_grid,False,0.0,5960.237,5000,inf
2017-08-12,893.39,9.508,902.898,1031.051,431.64,1462.691,902.898,559.793,0.0,0.0,0.0,559.793,0.0,0.0,0.0,0.0,800.0,0.8,0.984,0.0,0.0,0.0,0.0,0.0,0.0,1.0,0.617,1.0,minimize_generator,full_grid,False,0.0,6520.029,5000,inf
2017-08-13,898.6,0.686,899.286,1054.211,353.68,1407.891,899.286,508.605,0.0,0.0,0.0,508.605,0.0,0.0,0.0,0.0,800.0,0.8,0.984,0.0,0.0,0.0,0.0,0.0,0.0,1.0,0.639,1.0,minimize_generator,full_grid,False,0.0,7028.634,5000,inf
2017-08-14,889.66,0.0,889.66,1041.791,399.28,1441.071,889.66,551.411,0.0,0.0,0.0,551.411,0.0,0.0,0.0,0.0,800.0,0.8,0.984,0.0,0.0,0.0,0.0,0.0,0.0,1.0,0.617,1.0,minimize_generator,full_grid,False,0.0,7580.045,5000,inf
2017-08-15,894.87,0.0,894.87,1056.971,460.48,1517.451,894.87,622.581,0.0,0.0,0.0,622.581,0.0,0.0,0.0,0.0,800.0,0.8,0.984,0.0,0.0,0.0,0.0,0.0,0.0,1.0,0.59,1.0,minimize_generator,full_grid,False,0.0,8202.626,5000,inf
2017-08-16,897.12,0.0,897.12,1071.602,398.52,1470.122,897.12,573.002,0.0,0.0,0.0,573.002,0.0,0.0,0.0,0.0,800.0,0.8,0.984,0.0,0.0,0.0,0.0,0.0,0.0,1.0,0.61,1.0,minimize_generator,full_grid,False,0.0,8775.627,5000,inf
2017-08-17,896.56,0.0,896.56,1052.69,208.2,1260.89,896.56,364.33,0.0,0.0,0.0,364.33,0.0,0.0,0.0,0.0,800.0,0.8,0.984,0.0,0.0,0.0,0.0,0.0,0.0,1.0,0.711,1.0,minimize_generator,full_grid,False,0.0,9139.958,5000,inf
2017-08-18,905.7,0.0,905.7,996.58,119.92,1116.5,905.7,210.8,0.0,0.0,0.0,210.8,0.0,0.0,0.0,0.0,800.0,0.8,0.984,0.0,0.0,0.0,0.0,0.0,0.0,1.0,0.811,1.0,minimize_generator,full_grid,False,0.0,9350.758,5000,inf
2017-08-19,896.735,0.0,896.735,980.882,251.84,1232.722,896.735,335.987,0.0,0.0,0.0,335.987,0.0,0.0,0.0,0.0,800.0,0.8,0.984,0.0,0.0,0.0,0.0,0.0,0.0,1.0,0.727,1.0,minimize_generator,full_grid,False,0.0,9686.744,5000,inf
2017-08-20,891.525,0.0,891.525,947.828,439.52,1387.348,891.525,495.823,0.0,0.0,0.0,495.823,0.0,0.0,0.0,0.0,800.0,0.8,0.984,0.0,0.0,0.0,0.0,0.0,0.0,1.0,0.643,1.0,minimize_generator,full_grid,False,0.0,10182.567,5000,inf
2017-08-21,894.87,0.0,894.87,959.431,498.68,1458.111,894.87,563.241,0.0,0.0,0.0,563.241,0.0,0.0,0.0,0.0,800.0,0.8,0.984,0.0,0.0,0.0,0.0,0.0,0.0,1.0,0.614,1.0,minimize_generator,full_grid,False,0.0,10745.808,5000,inf
2017-08-22,817.75,0.0,817.75,998.256,452.72,1450.976,817.75,633.226,0.0,0.0,0.0,633.226,0.0,0.0,0.0,0.0,800.0,0.8,0.984,0.0,0.0,0.0,0.0,0.0,0.0,1.0,0.564,1.0,minimize_generator,full_grid,False,0.0,11379.034,5000,inf
2017-08-23,894.51,0.0,894.51,1009.361,301.72,1311.081,894.51,416.571,0.0,0.0,0.0,416.571,0.0,0.0,0.0,0.0,800.0,0.8,0.984,0.0,0.0,0.0,0.0,0.0,0.0,1.0,0.682,1.0,minimize_generator,full_grid,False,0.0,11795.606,5000,inf
2017-08-24,891.525,0.0,891.525,964.046,325.64,1289.686,891.525,398.161,0.0,0.0,0.0,398.161,0.0,0.0,0.0,0.0,800.0,0.8,0.984,0.0,0.0,0.0,0.0,0.0,0.0,1.0,0.691,1.0,minimize_generator,full_grid,False,0.0,12193.766,5000,inf
2017-08-25,897.865,0.0,897.865,966.411,419.4,1385.811,897.865,487.946,0.0,0.0,0.0,487.946,0.0,0.0,0.0,0.0,800.0,0.8,0.984,0.0,0.0,0.0,0.0,0.0,0.0,1.0,0.648,1.0,minimize_generator,full_grid,False,0.0,12681.713,5000,inf
2017-08-26,892.085,0.0,892.085,944.741,418.68,1363.421,892.085,471.336,0.0,0.0,0.0,471.336,0.0,0.0,0.0,0.0,800.0,0.8,0.984,0.0,0.0,0.0,0.0,0.0,0.0,1.0,0.654,1.0,minimize_generator,full_grid,False,0.0,13153.048,5000,inf
2017-08-27,893.565,0.0,893.565,994.789,375.52,1370.309,893.565,476.744,0.0,0.0,0.0,476.744,0.0,0.0,0.0,0.0,800.0,0.8,0.984,0.0,0.0,0.0,0.0,0.0,0.0,1.0,0.652,1.0,minimize_generator,full_grid,False,0.0,13629.792,5000,inf
2017-08-28,891.35,0.0,891.35,968.445,453.32,1421.765,891.35,530.415,0.0,0.0,0.0,530.415,0.0,0.0,0.0,0.0,800.0,0.8,0.984,0.0,0.0,0.0,0.0,0.0,0.0,1.0,0.627,1.0,minimize_generator,full_grid,False,0.0,14160.207,5000,inf
2017-08-29,900.105,0.0,900.105,1011.934,451.48,1463.414,900.105,563.309,0.0,0.0,0.0,563.309,0.0,0.0,0.0,0.0,800.0,0.8,0.984,0.0,0.0,0.0,0.0,0.0,0.0,1.0,0.615,1.0,minimize_generator,full_grid,False,0.0,14723.515,5000,inf
2017-08-30,892.085,0.0,892.085,1015.206,438.24,1453.446,892.085,561.361,0.0,0.0,0.0,561.361,0.0,0.0,0.0,0.0,800.0,0.8,0.984,0.0,0.0,0.0,0.0,0.0,0.0,1.0,0.614,1.0,minimize_generator,full_grid,False,0.0,15284.876,5000,inf
2017-08-31,899.905,0.0,899.905,1027.21,476.8,1504.01,899.905,604.105,0.0,0.0,0.0,604.105,0.0,0.0,0.0,0.0,800.0,0.8,0.984,0.0,0.0,0.0,0.0,0.0,0.0,1.0,0.598,1.0,minimize_generator,full_grid,False,0.0,15888.981,5000,inf
2017-09-01,896.0,442.437,1338.437,1024.638,422.16,1446.798,1338.437,108.361,0.0,0.0,0.0,108.361,0.0,0.0,0.0,0.0,800.0,0.8,0.984,0.0,0.0,0.0,0.0,0.0,0.0,1.0,0.925,1.0,minimize_generator,full_grid,False,0.0,108.361,5000,inf
2017-09-02,894.51,338.35,1232.86,990.281,98.88,1089.161,1089.161,0.0,0.0,143.699,0.0,0.0,0.0,0.0,0.0,0.0,648.738,0.649,0.984,0.0,0.0,0.0,0.0,0.0,0.0,1.0,1.0,0.998,minimize_generator,full_grid,False,0.0,108.361,5000,inf
2017-09-03,893.775,334.703,1228.478,972.57,143.28,1115.85,1115.85,0.0,0.0,112.628,0.0,0.0,0.0,0.0,0.0,0.0,530.182,0.53,0.984,0.0,0.0,0.0,0.0,0.0,0.0,1.0,1.0,0.999,minimize_generator,full_grid,False,0.0,108.361,5000,inf
2017-09-04,893.565,364.8,1258.365,971.23,331.72,1302.95,1258.365,44.585,44.585,0.0,0.0,0.0,0.0,0.0,0.0,0.0,572.538,0.573,0.986,0.0,0.0,0.0,0.0,0.0,0.0,1.0,1.0,1.0,minimize_generator,full_grid,False,0.0,108.361,5000,inf
2017-09-05,814.205,374.831,1189.036,962.205,404.4,1366.605,1189.036,177.569,177.569,0.0,0.0,0.0,0.0,0.0,0.0,0.0,741.229,0.741,0.989,0.0,0.0,0.0,0.0,0.0,0.0,1.0,1.0,1.0,minimize_generator,full_grid,False,0.0,108.361,5000,inf
2017-09-06,890.58,376.655,1267.235,983.467,470.24,1453.707,1267.235,186.472,61.864,0.0,0.0,124.608,0.0,0.0,0.0,0.0,800.0,0.8,0.99,0.0,0.0,0.0,0.0,0.0,0.0,1.0,0.914,1.0,minimize_generator,full_grid,False,0.0,232.968,5000,inf
2017-09-07,894.695,368.447,1263.142,1004.141,385.68,1389.821,1263.142,126.679,0.0,0.0,0.0,126.679,0.0,0.0,0.0,0.0,800.0,0.8,0.99,0.0,0.0,0.0,0.0,0.0,0.0,1.0,0.909,1.0,minimize_generator,full_grid,False,0.0,359.647,5000,inf
2017-09-08,890.965,362.062,1253.027,991.725,272.44,1264.165,1253.027,11.138,0.0,0.0,0.0,11.138,0.0,0.0,0.0,0.0,800.0,0.8,0.99,0.0,0.0,0.0,0.0,0.0,0.0,1.0,0.991,1.0,minimize_generator,full_grid,False,0.0,370.786,5000,inf
2017-09-09,815.15,369.359,1184.509,939.562,397.76,1337.322,1184.509,152.813,0.0,0.0,0.0,152.813,0.0,0.0,0.0,0.0,800.0,0.8,0.99,0.0,0.0,0.0,0.0,0.0,0.0,1.0,0.886,1.0,minimize_generator,full_grid,False,0.0,523.598,5000,inf
2017-09-10,890.405,375.743,1266.148,907.381,345.36,1252.741,1252.741,0.0,0.0,13.407,0.0,0.0,0.0,0.0,0.0,0.0,785.887,0.786,0.99,0.0,0.0,0.0,0.0,0.0,0.0,1.0,1.0,1.0,minimize_generator,full_grid,False,0.0,523.598,5000,inf
2017-09-11,896.735,375.743,1272.478,894.291,276.16,1170.451,1170.451,0.0,0.0,102.027,0.0,0.0,0.0,0.0,0.0,0.0,678.491,0.678,0.99,0.0,0.0,0.0,0.0,0.0,0.0,1.0,1.0,0.999,minimize_generator,full_grid,False,0.0,523.598,5000,inf
2017-09-12,894.87,418.006,1312.876,902.319,179.88,1082.199,1082.199,0.0,0.0,230.677,0.0,0.0,0.0,0.0,0.0,0.0,435.673,0.436,0.99,0.0,0.0,0.0,0.0,0.0,0.0,1.0,1.0,0.998,minimize_generator,full_grid,False,0.0,523.598,5000,inf
2017-09-13,889.66,436.049,1325.709,903.83,232.92,1136.75,1136.75,0.0,0.0,188.959,0.0,0.0,0.0,0.0,0.0,0.0,236.769,0.237,0.99,0.0,0.0,0.0,0.0,0.0,0.0,1.0,1.0,0.999,minimize_generator,full_grid,False,0.0,523.598,5000,inf
2017-09-14,893.215,387.934,1281.149,900.713,438.24,1338.953,1281.149,57.804,57.804,0.0,0.0,0.0,0.0,0.0,0.0,0.0,291.683,0.292,0.992,0.0,0.0,0.0,0.0,0.0,0.0,1.0,1.0,1.0,minimize_generator,full_grid,False,0.0,523.598,5000,inf
2017-09-15,817.365,358.087,1175.452,919.61,434.96,1354.57,1175.452,179.118,179.118,0.0,0.0,0.0,0.0,0.0,0.0,0.0,461.845,0.462,0.995,0.0,0.0,0.0,0.0,0.0,0.0,1.0,1.0,1.0,minimize_generator,full_grid,False,0.0,523.598,5000,inf
2017-09-16,812.155,361.033,1173.188,947.521,285.36,1232.881,1173.188,59.693,59.693,0.0,0.0,0.0,0.0,0.0,0.0,0.0,518.553,0.519,0.995,0.0,0.0,0.0,0.0,0.0,0.0,1.0,1.0,1.0,minimize_generator,full_grid,False,0.0,523.598,5000,inf
2017-09-17,814.765,363.482,1178.247,937.057,272.44,1209.497,1178.247,31.25,31.25,0.0,0.0,0.0,0.0,0.0,0.0,0.0,548.241,0.548,0.996,0.0,0.0,0.0,0.0,0.0,0.0,1.0,1.0,1.0,minimize_generator,full_grid,False,0.0,523.598,5000,inf
2017-09-18,894.31,353.32,1247.63,938.054,214.84,1152.894,1152.894,0.0,0.0,94.736,0.0,0.0,0.0,0.0,0.0,0.0,448.519,0.449,0.996,0.0,0.0,0.0,0.0,0.0,0.0,1.0,1.0,1.0,minimize_generator,full_grid,False,0.0,523.598,5000,inf
2017-09-19,816.63,327.621,1144.251,917.417,48.72,966.137,966.137,0.0,0.0,178.114,0.0,0.0,0.0,0.0,0.0,0.0,261.03,0.261,0.996,0.0,0.0,0.0,0.0,0.0,0.0,1.0,1.0,0.999,minimize_generator,full_grid,False,0.0,523.598,5000,inf
2017-09-20,816.445,369.797,1186.242,918.875,270.56,1189.435,1186.242,3.193,3.193,0.0,0.0,0.0,0.0,0.0,0.0,0.0,264.063,0.264,0.996,0.0,0.0,0.0,0.0,0.0,0.0,1.0,1.0,1.0,minimize_generator,full_grid,False,0.0,523.598,5000,inf
2017-09-21,815.885,415.916,1231.801,922.104,196.84,1118.944,1118.944,0.0,0.0,60.86,51.997,0.0,0.0,0.0,0.0,0.0,200.0,0.2,0.996,0.0,0.0,4.169,0.0,0.0,4.169,0.958,1.0,0.958,minimize_generator,full_grid,False,51.997,523.598,5000,inf
2017-09-22,894.51,455.954,1350.464,883.568,300.84,1184.408,1184.408,0.0,0.0,0.0,166.056,0.0,0.0,0.0,0.0,0.0,200.0,0.2,0.996,0.0,0.0,13.315,0.0,0.0,13.315,0.877,1.0,0.877,minimize_generator,full_grid,False,218.054,523.598,5000,inf
2017-09-23,893.005,435.365,1328.37,855.102,400.76,1255.862,1255.862,0.0,0.0,0.0,72.508,0.0,0.0,0.0,0.0,0.0,200.0,0.2,0.996,0.0,0.0,5.822,0.0,0.0,5.822,0.945,1.0,0.945,minimize_generator,full_grid,False,290.562,523.598,5000,inf
2017-09-24,895.08,355.039,1250.119,886.585,282.6,1169.185,1169.185,0.0,0.0,0.0,80.934,0.0,0.0,0.0,0.0,0.0,200.0,0.2,0.996,0.0,0.0,6.541,0.0,0.0,6.541,0.935,1.0,0.935,minimize_generator,full_grid,False,371.496,523.598,5000,inf
2017-09-25,815.325,378.526,1193.851,907.768,260.32,1168.088,1168.088,0.0,0.0,0.0,25.763,0.0,0.0,0.0,0.0,0.0,200.0,0.2,0.996,0.0,0.0,2.072,0.0,0.0,2.072,0.978,1.0,0.978,minimize_generator,full_grid,False,397.258,523.598,5000,inf
2017-09-26,816.63,410.323,1226.953,884.772,288.12,1172.892,1172.892,0.0,0.0,0.0,54.061,0.0,0.0,0.0,0.0,0.0,200.0,0.2,0.996,0.0,0.0,4.337,0.0,0.0,4.337,0.956,1.0,0.956,minimize_generator,full_grid,False,451.32,523.598,5000,inf
2017-09-27,738.6,414.404,1153.004,868.74,344.52,1213.26,1153.004,60.256,60.256,0.0,0.0,0.0,0.0,0.0,0.0,0.0,257.243,0.257,0.997,0.0,0.0,0.0,0.0,0.0,0.0,1.0,1.0,1.0,minimize_generator,full_grid,False,451.32,523.598,5000,inf
2017-09-28,890.965,405.102,1296.067,864.584,385.68,1250.264,1250.264,0.0,0.0,45.803,0.0,0.0,0.0,0.0,0.0,0.0,209.029,0.209,0.997,0.0,0.0,0.0,0.0,0.0,0.0,1.0,1.0,1.0,minimize_generator,full_grid,False,451.32,523.598,5000,inf
2017-09-29,810.29,457.383,1267.673,875.673,437.6,1313.273,1267.673,45.6,45.6,0.0,0.0,0.0,0.0,0.0,0.0,0.0,252.348,0.252,0.997,0.0,0.0,0.0,0.0,0.0,0.0,1.0,1.0,1.0,minimize_generator,full_grid,False,451.32,523.598,5000,inf
2017-09-30,815.15,478.804,1293.954,888.715,332.56,1221.275,1221.275,0.0,0.0,49.731,22.948,0.0,0.0,0.0,0.0,0.0,200.0,0.2,0.997,0.0,0.0,1.831,0.0,0.0,1.831,0.982,1.0,0.982,minimize_generator,full_grid,False,474.268,523.598,5000,inf
2017-10-01,809.905,788.782,1598.687,892.107,80.4,972.507,972.507,0.0,0.0,0.0,626.18,0.0,0.0,0.0,0.0,0.0,200.0,0.2,0.997,0.0,0.0,46.698,0.0,0.0,46.698,0.608,1.0,0.608,minimize_generator,full_grid,False,626.18,0.0,5000,inf
2017-10-02,811.42,760.898,1572.318,864.696,113.28,977.976,977.976,0.0,0.0,0.0,594.342,0.0,0.0,0.0,0.0,0.0,200.0,0.2,0.997,0.0,0.0,44.387,0.0,0.0,44.387,0.622,1.0,0.622,minimize_generator,full_grid,False,1220.522,0.0,5000,inf
2017-10-03,810.29,795.343,1605.633,854.773,397.04,1251.813,1251.813,0.0,0.0,0.0,353.82,0.0,0.0,0.0,0.0,0.0,200.0,0.2,0.997,0.0,0.0,26.378,0.0,0.0,26.378,0.78,1.0,0.78,minimize_generator,full_grid,False,1574.342,0.0,5000,inf
2017-10-04,810.85,736.907,1547.757,865.946,347.88,1213.826,1213.826,0.0,0.0,0.0,333.931,0.0,0.0,0.0,0.0,0.0,200.0,0.2,0.997,0.0,0.0,24.969,0.0,0.0,24.969,0.784,1.0,0.784,minimize_generator,full_grid,False,1908.273,0.0,5000,inf
2017-10-05,810.675,796.21,1606.885,849.527,374.72,1224.247,1224.247,0.0,0.0,0.0,382.638,0.0,0.0,0.0,0.0,0.0,200.0,0.2,0.997,0.0,0.0,28.526,0.0,0.0,28.526,0.762,1.0,0.762,minimize_generator,full_grid,False,2290.912,0.0,5000,inf
2017-10-06,810.475,733.186,1543.661,862.603,297.2,1159.803,1159.803,0.0,0.0,0.0,383.858,0.0,0.0,0.0,0.0,0.0,200.0,0.2,0.997,0.0,0.0,28.707,0.0,0.0,28.707,0.751,1.0,0.751,minimize_generator,full_grid,False,2674.77,0.0,5000,inf
2017-10-07,815.325,699.717,1515.042,811.723,93.52,905.243,905.243,0.0,0.0,0.0,609.799,0.0,0.0,0.0,0.0,0.0,200.0,0.2,0.997,0.0,0.0,45.695,0.0,0.0,45.695,0.598,1.0,0.598,minimize_generator,full_grid,False,3284.569,0.0,5000,inf
2017-10-08,736.735,699.623,1436.358,802.317,136.2,938.517,938.517,0.0,0.0,0.0,497.841,0.0,0.0,0.0,0.0,0.0,200.0,0.2,0.997,0.0,0.0,37.163,0.0,0.0,37.163,0.653,1.0,0.653,minimize_generator,full_grid,False,3782.41,0.0,5000,inf
2017-10-09,812.34,728.446,1540.786,824.02,354.52,1178.54,1178.54,0.0,0.0,0.0,362.246,0.0,0.0,0.0,0.0,0.0,200.0,0.2,0.997,0.0,0.0,27.1,0.0,0.0,27.1,0.765,1.0,0.765,minimize_generator,full_grid,False,4144.656,0.0,5000,inf
2017-10-10,815.71,743.282,1558.992,845.969,362.72,1208.689,1208.689,0.0,0.0,0.0,350.303,0.0,0.0,0.0,0.0,0.0,200.0,0.2,0.997,0.0,0.0,26.19,0.0,0.0,26.19,0.775,1.0,0.775,minimize_generator,full_grid,False,4494.959,0.0,5000,inf
2017-10-11,738.03,734.462,1472.492,843.898,238.6,1082.498,1082.498,0.0,0.0,0.0,389.994,0.0,0.0,0.0,0.0,0.0,200.0,0.2,0.997,0.0,0.0,29.06,0.0,0.0,29.06,0.735,1.0,0.735,minimize_generator,full_grid,False,4884.953,0.0,5000,inf
2017-10-12,736.91,687.339,1424.249,825.191,365.16,1190.351,1190.351,0.0,0.0,0.0,115.047,0.0,118.851,0.0,0.0,0.0,200.0,0.2,0.997,71.31,7.923,8.594,0.0,33.395,41.988,0.919,1.0,0.836,minimize_generator,full_grid,False,5000.0,0.0,5000,inf
2017-10-13,738.39,684.753,1423.143,824.523,352.88,1177.403,1177.403,0.0,0.0,0.0,0.0,0.0,245.74,0.0,0.0,0.0,200.0,0.2,0.997,147.444,16.383,0.0,0.0,69.048,69.048,1.0,1.0,0.827,minimize_generator,full_grid,False,5000.0,0.0,5000,inf
2017-10-14,814.205,689.026,1503.231,814.893,257.48,1072.373,1072.373,0.0,0.0,0.0,0.0,0.0,430.858,0.0,0.0,0.0,200.0,0.2,0.997,230.172,24.0,0.0,0.0,107.789,107.789,1.0,1.0,0.713,minimize_generator,full_grid,False,5000.0,0.0,5000,inf
2017-10-15,810.29,687.431,1497.721,829.229,306.24,1135.469,1135.469,0.0,0.0,0.0,0.0,0.0,362.252,0.0,0.0,0.0,200.0,0.2,0.997,216.45,24.0,0.0,0.0,101.364,101.364,1.0,1.0,0.758,minimize_generator,full_grid,False,5000.0,0.0,5000,inf
2017-10-16,736.35,722.691,1459.041,818.983,373.16,1192.143,1192.143,0.0,0.0,0.0,0.0,0.0,266.898,0.0,0.0,0.0,200.0,0.2,0.997,160.139,17.793,0.0,0.0,74.993,74.993,1.0,1.0,0.817,minimize_generator,full_grid,False,5000.0,0.0,5000,inf
2017-10-17,810.675,670.97,1481.645,789.969,165.96,955.929,955.929,0.0,0.0,0.0,0.0,0.0,525.716,0.0,0.0,0.0,200.0,0.2,0.997,249.143,24.0,0.0,0.0,116.674,116.674,1.0,1.0,0.645,minimize_generator,full_grid,False,5000.0,0.0,5000,inf
2017-10-18,733.565,657.698,1391.263,779.499,129.24,908.739,908.739,0.0,0.0,0.0,0.0,0.0,482.524,0.0,0.0,0.0,200.0,0.2,0.997,240.505,24.0,0.0,0.0,112.628,112.628,1.0,1.0,0.653,minimize_generator,full_grid,False,5000.0,0.0,5000,inf
2017-10-19,810.85,625.277,1436.127,799.673,68.24,867.913,867.913,0.0,0.0,0.0,0.0,0.0,568.214,0.0,0.0,0.0,200.0,0.2,0.997,257.643,24.0,0.0,0.0,120.654,120.654,1.0,1.0,0.604,minimize_generator,full_grid,False,5000.0,0.0,5000,inf
2017-10-20,738.6,613.655,1352.255,778.326,167.8,946.126,946.126,0.0,0.0,0.0,0.0,0.0,406.129,0.0,0.0,0.0,200.0,0.2,0.997,225.226,24.0,0.0,0.0,105.473,105.473,1.0,1.0,0.7,minimize_generator,full_grid,False,5000.0,0.0,5000,inf
2017-10-21,735.605,576.257,1311.862,761.62,182.68,944.3,944.3,0.0,0.0,0.0,0.0,0.0,367.562,0.0,0.0,0.0,200.0,0.2,0.997,217.512,24.0,0.0,0.0,101.861,101.861,1.0,1.0,0.72,minimize_generator,full_grid,False,5000.0,0.0,5000,inf
2017-10-22,733.18,534.773,1267.953,758.809,175.2,934.009,934.009,0.0,0.0,0.0,0.0,0.0,333.944,0.0,0.0,0.0,200.0,0.2,0.997,200.366,22.263,0.0,0.0,93.831,93.831,1.0,1.0,0.737,minimize_generator,full_grid,False,5000.0,0.0,5000,inf
2017-10-23,732.795,533.461,1266.256,739.984,201.56,941.544,941.544,0.0,0.0,0.0,0.0,0.0,324.712,0.0,0.0,0.0,200.0,0.2,0.997,194.827,21.647,0.0,0.0,91.238,91.238,1.0,1.0,0.744,minimize_generator,full_grid,False,5000.0,0.0,5000,inf
2017-10-24,737.655,535.091,1272.746,712.455,240.52,952.975,952.975,0.0,0.0,0.0,0.0,0.0,319.771,0.0,0.0,0.0,200.0,0.2,0.997,191.863,21.318,0.0,0.0,89.849,89.849,1.0,1.0,0.749,minimize_generator,full_grid,False,5000.0,0.0,5000,inf
2017-10-25,811.035,480.246,1291.281,750.421,77.6,828.021,828.021,0.0,0.0,0.0,0.0,0.0,463.26,0.0,0.0,0.0,200.0,0.2,0.997,236.652,24.0,0.0,0.0,110.824,110.824,1.0,1.0,0.641,minimize_generator,full_grid,False,5000.0,0.0,5000,inf
2017-10-26,732.795,475.64,1208.435,746.214,69.52,815.734,815.734,0.0,0.0,0.0,0.0,0.0,392.701,0.0,0.0,0.0,200.0,0.2,0.997,222.54,24.0,0.0,0.0,104.216,104.216,1.0,1.0,0.675,minimize_generator,full_grid,False,5000.0,0.0,5000,inf
2017-10-27,736.525,521.788,1258.313,702.064,239.56,941.624,941.624,0.0,0.0,0.0,0.0,0.0,316.689,0.0,0.0,0.0,200.0,0.2,0.997,190.014,21.113,0.0,0.0,88.983,88.983,1.0,1.0,0.748,minimize_generator,full_grid,False,5000.0,0.0,5000,inf
2017-10-28,663.605,418.0,1081.605,699.604,382.56,1082.164,1081.605,0.559,0.559,0.0,0.0,0.0,0.0,0.0,0.0,0.0,200.531,0.201,0.997,0.0,0.0,0.0,0.0,0.0,0.0,1.0,1.0,1.0,minimize_generator,full_grid,False,5000.0,0.0,5000,inf
2017-10-29,732.06,304.835,1036.895,755.704,275.2,1030.904,1030.904,0.0,84.514,0.505,0.0,0.0,5.486,84.514,0.0,0.0,280.288,0.28,0.712,54.0,6.0,0.0,0.0,25.288,25.288,1.0,1.0,0.995,minimize_generator,full_grid,False,5000.0,0.0,5000,inf
2017-10-30,733.74,193.781,927.521,741.966,286.28,1028.246,927.521,100.725,100.725,0.0,0.0,0.0,0.0,0.0,0.0,0.0,375.977,0.376,0.785,0.0,0.0,0.0,0.0,0.0,0.0,1.0,1.0,1.0,minimize_generator,full_grid,False,5000.0,0.0,5000,inf
2017-10-31,730.195,81.309,811.504,743.994,252.8,996.794,811.504,185.29,185.29,0.0,0.0,0.0,0.0,0.0,0.0,0.0,552.002,0.552,0.854,0.0,0.0,0.0,0.0,0.0,0.0,1.0,1.0,1.0,minimize_generator,full_grid,False,5000.0,0.0,5000,inf
2017-11-01,729.835,696.522,1426.357,727.245,183.64,910.885,910.885,0.0,0.0,334.402,181.07,0.0,0.0,0.0,0.0,0.0,200.0,0.2,0.854,0.0,0.0,13.45,0.0,0.0,13.45,0.873,1.0,0.839,minimize_generator,full_grid,False,181.07,0.0,5000,inf
2017-11-02,730.37,721.772,1452.142,726.594,247.12,973.714,973.714,0.0,0.0,0.0,478.428,0.0,0.0,0.0,0.0,0.0,200.0,0.2,0.854,0.0,0.0,35.491,0.0,0.0,35.491,0.671,1.0,0.671,minimize_generator,full_grid,False,659.497,0.0,5000,inf
2017-11-03,733.74,678.247,1411.987,696.275,350.36,1046.635,1046.635,0.0,0.0,0.0,365.352,0.0,0.0,0.0,0.0,0.0,200.0,0.2,0.854,0.0,0.0,27.172,0.0,0.0,27.172,0.741,1.0,0.741,minimize_generator,full_grid,False,1024.849,0.0,5000,inf
2017-11-04,731.7,639.193,1370.893,715.446,167.8,883.246,883.246,0.0,0.0,0.0,487.647,0.0,0.0,0.0,0.0,0.0,200.0,0.2,0.854,0.0,0.0,36.345,0.0,0.0,36.345,0.644,1.0,0.644,minimize_generator,full_grid,False,1512.496,0.0,5000,inf
2017-11-05,660.245,658.805,1319.05,704.402,297.2,1001.602,1001.602,0.0,0.0,0.0,317.448,0.0,0.0,0.0,0.0,0.0,200.0,0.2,0.854,0.0,0.0,23.541,0.0,0.0,23.541,0.759,1.0,0.759,minimize_generator,full_grid,False,1829.944,0.0,5000,inf
2017-11-06,660.42,668.201,1328.621,721.737,110.8,832.537,832.537,0.0,0.0,0.0,496.084,0.0,0.0,0.0,0.0,0.0,200.0,0.2,0.854,0.0,0.0,36.768,0.0,0.0,36.768,0.627,1.0,0.627,minimize_generator,full_grid,False,2326.028,0.0,5000,inf
2017-11-07,666.03,631.899,1297.929,697.127,148.64,845.767,845.767,0.0,0.0,0.0,452.162,0.0,0.0,0.0,0.0,0.0,200.0,0.2,0.854,0.0,0.0,33.595,0.0,0.0,33.595,0.652,1.0,0.652,minimize_generator,full_grid,False,2778.19,0.0,5000,inf
2017-11-08,732.795,707.483,1440.278,673.149,279.84,952.989,952.989,0.0,0.0,0.0,487.289,0.0,0.0,0.0,0.0,0.0,200.0,0.2,0.854,0.0,0.0,36.181,0.0,0.0,36.181,0.662,1.0,0.662,minimize_generator,full_grid,False,3265.479,0.0,5000,inf
2017-11-09,657.075,652.487,1309.562,669.169,155.88,825.049,825.049,0.0,0.0,0.0,484.513,0.0,0.0,0.0,0.0,0.0,200.0,0.2,0.854,0.0,0.0,35.936,0.0,0.0,35.936,0.63,1.0,0.63,minimize_generator,full_grid,False,3749.992,0.0,5000,inf
2017-11-10,665.67,672.981,1338.651,642.123,208.2,850.323,850.323,0.0,0.0,0.0,488.328,0.0,0.0,0.0,0.0,0.0,200.0,0.2,0.854,0.0,0.0,36.194,0.0,0.0,36.194,0.635,1.0,0.635,minimize_generator,full_grid,False,4238.32,0.0,5000,inf
2017-11-11,665.295,683.565,1348.86,657.232,105.2,762.432,762.432,0.0,0.0,0.0,586.428,0.0,0.0,0.0,0.0,0.0,200.0,0.2,0.854,0.0,0.0,43.439,0.0,0.0,43.439,0.565,1.0,0.565,minimize_generator,full_grid,False,4824.748,0.0,5000,inf
2017-11-12,735.045,637.803,1372.848,639.048,11.96,651.008,651.008,0.0,0.0,0.0,175.252,0.0,546.588,0.0,0.0,0.0,200.0,0.2,0.854,253.318,24.0,13.065,0.0,108.8,121.865,0.872,1.0,0.474,minimize_generator,full_grid,False,5000.0,0.0,5000,inf
2017-11-13,665.11,681.212,1346.322,660.923,14.96,675.883,675.883,0.0,0.0,0.0,0.0,0.0,670.439,0.0,0.0,0.0,200.0,0.2,0.854,278.088,24.0,0.0,0.0,119.439,119.439,1.0,1.0,0.502,minimize_generator,full_grid,False,5000.0,0.0,5000,inf
2017-11-14,730.755,693.212,1423.967,662.345,162.28,824.625,824.625,0.0,0.0,0.0,0.0,0.0,599.342,0.0,0.0,0.0,200.0,0.2,0.854,263.868,24.0,0.0,0.0,113.331,113.331,1.0,1.0,0.579,minimize_generator,full_grid,False,5000.0,0.0,5000,inf
2017-11-15,729.625,729.405,1459.03,666.82,147.72,814.54,814.54,0.0,0.0,0.0,0.0,0.0,644.49,0.0,0.0,0.0,200.0,0.2,0.854,272.898,24.0,0.0,0.0,117.21,117.21,1.0,1.0,0.558,minimize_generator,full_grid,False,5000.0,0.0,5000,inf
2017-11-16,657.435,651.997,1309.432,541.317,74.84,616.157,616.157,0.0,0.0,0.0,0.0,0.0,693.275,0.0,0.0,0.0,200.0,0.2,0.854,282.655,24.0,0.0,0.0,121.4,121.4,1.0,1.0,0.471,minimize_generator,full_grid,False,5000.0,0.0,5000,inf
2017-11-17,731.315,595.126,1326.441,566.374,8.0,574.374,574.374,0.0,0.0,0.0,0.0,0.0,752.067,0.0,0.0,0.0,200.0,0.2,0.854,294.413,24.0,0.0,0.0,126.451,126.451,1.0,1.0,0.433,minimize_generator,full_grid,False,5000.0,0.0,5000,inf
2017-11-18,666.03,492.102,1158.132,417.763,6.96,424.723,424.723,0.0,0.0,0.0,0.0,0.0,733.409,0.0,0.0,0.0,200.0,0.2,0.854,290.682,24.0,0.0,0.0,124.848,124.848,1.0,1.0,0.367,minimize_generator,full_grid,False,5000.0,0.0,5000,inf
2017-11-19,729.835,639.743,1369.578,580.651,115.76,696.411,696.411,0.0,0.0,0.0,0.0,0.0,673.167,0.0,0.0,0.0,200.0,0.2,0.854,278.633,24.0,0.0,0.0,119.673,119.673,1.0,1.0,0.508,minimize_generator,full_grid,False,5000.0,0.0,5000,inf
2017-11-20,813.285,684.505,1497.79,531.412,323.92,855.332,855.332,0.0,0.0,0.0,0.0,0.0,642.458,0.0,0.0,0.0,200.0,0.2,0.854,272.492,24.0,0.0,0.0,117.035,117.035,1.0,1.0,0.571,minimize_generator,full_grid,False,5000.0,0.0,5000,inf
2017-11-21,589.485,678.432,1267.917,621.882,435.64,1057.522,1057.522,0.0,0.0,0.0,0.0,0.0,210.395,0.0,0.0,0.0,200.0,0.2,0.854,126.237,14.026,0.0,0.0,54.219,54.219,1.0,1.0,0.834,minimize_generator,full_grid,False,5000.0,0.0,5000,inf
2017-11-22,733.565,658.935,1392.5,638.81,432.32,1071.13,1071.13,0.0,0.0,0.0,0.0,0.0,321.37,0.0,0.0,0.0,200.0,0.2,0.854,192.822,21.425,0.0,0.0,82.817,82.817,1.0,1.0,0.769,minimize_generator,full_grid,False,5000.0,0.0,5000,inf
2017-11-23,662.86,677.467,1340.327,645.842,279.84,925.682,925.682,0.0,0.0,0.0,0.0,0.0,414.645,0.0,0.0,0.0,200.0,0.2,0.854,226.929,24.0,0.0,0.0,97.466,97.466,1.0,1.0,0.691,minimize_generator,full_grid,False,5000.0,0.0,5000,inf
2017-11-24,664.725,605.169,1269.894,631.008,67.6,698.608,698.608,0.0,0.0,0.0,0.0,0.0,571.286,0.0,0.0,0.0,200.0,0.2,0.854,258.257,24.0,0.0,0.0,110.921,110.921,1.0,1.0,0.55,minimize_generator,full_grid,False,5000.0,0.0,5000,inf
2017-11-25,663.245,573.312,1236.557,560.31,53.12,613.43,613.43,0.0,0.0,0.0,0.0,0.0,623.127,0.0,0.0,0.0,200.0,0.2,0.854,268.625,24.0,0.0,0.0,115.375,115.375,1.0,1.0,0.496,minimize_generator,full_grid,False,5000.0,0.0,5000,inf
2017-11-26,661.165,657.042,1318.207,623.799,376.32,1000.119,1000.119,0.0,0.0,0.0,0.0,0.0,318.088,0.0,0.0,0.0,200.0,0.2,0.854,190.853,21.206,0.0,0.0,81.971,81.971,1.0,1.0,0.759,minimize_generator,full_grid,False,5000.0,0.0,5000,inf
2017-11-27,660.42,602.916,1263.336,613.105,249.0,862.105,862.105,0.0,0.0,0.0,0.0,0.0,401.231,0.0,0.0,0.0,200.0,0.2,0.854,224.246,24.0,0.0,0.0,96.314,96.314,1.0,1.0,0.682,minimize_generator,full_grid,False,5000.0,0.0,5000,inf
2017-11-28,663.99,517.694,1181.684,603.722,171.48,775.202,775.202,0.0,0.0,0.0,0.0,0.0,406.482,0.0,0.0,0.0,200.0,0.2,0.854,225.296,24.0,0.0,0.0,96.765,96.765,1.0,1.0,0.656,minimize_generator,full_grid,False,5000.0,0.0,5000,inf
2017-11-29,589.485,550.02,1139.505,588.935,304.44,893.375,893.375,0.0,0.0,0.0,0.0,0.0,246.13,0.0,0.0,0.0,200.0,0.2,0.854,147.678,16.409,0.0,0.0,63.428,63.428,1.0,1.0,0.784,minimize_generator,full_grid,False,5000.0,0.0,5000,inf
2017-11-30,665.11,415.795,1080.905,591.47,98.88,690.35,690.35,0.0,0.0,0.0,0.0,0.0,390.555,0.0,0.0,0.0,200.0,0.2,0.854,222.111,24.0,0.0,0.0,95.397,95.397,1.0,1.0,0.639,minimize_generator,full_grid,False,5000.0,0.0,5000,inf
2017-12-01,660.035,605.76,1265.795,580.985,61.92,642.905,642.905,0.0,0.0,0.0,622.89,0.0,0.0,0.0,0.0,0.0,200.0,0.2,0.854,0.0,0.0,46.214,0.0,0.0,46.214,0.508,1.0,0.508,minimize_generator,full_grid,False,622.89,0.0,5000,inf
2017-12-02,657.25,593.553,1250.803,563.476,41.52,604.996,604.996,0.0,0.0,0.0,645.807,0.0,0.0,0.0,0.0,0.0,200.0,0.2,0.854,0.0,0.0,47.943,0.0,0.0,47.943,0.484,1.0,0.484,minimize_generator,full_grid,False,1268.697,0.0,5000,inf
2017-12-03,659.475,549.604,1209.079,584.485,11.72,596.205,596.205,0.0,0.0,0.0,612.874,0.0,0.0,0.0,0.0,0.0,200.0,0.2,0.854,0.0,0.0,45.637,0.0,0.0,45.637,0.493,1.0,0.493,minimize_generator,full_grid,False,1881.571,0.0,5000,inf
2017-12-04,666.03,545.659,1211.689,573.487,14.44,587.927,587.927,0.0,0.0,0.0,623.762,0.0,0.0,0.0,0.0,0.0,200.0,0.2,0.854,0.0,0.0,46.477,0.0,0.0,46.477,0.485,1.0,0.485,minimize_generator,full_grid,False,2505.333,0.0,5000,inf
2017-12-05,658.73,291.825,950.555,490.143,64.4,554.543,554.543,0.0,0.0,0.0,396.012,0.0,0.0,0.0,0.0,0.0,200.0,0.2,0.854,0.0,0.0,30.149,0.0,0.0,30.149,0.583,1.0,0.583,minimize_generator,full_grid,False,2901.345,0.0,5000,inf
2017-12-06,661.9,367.834,1029.734,551.342,527.28,1078.622,1029.734,48.888,48.888,0.0,0.0,0.0,0.0,0.0,0.0,0.0,246.443,0.246,0.881,0.0,0.0,0.0,0.0,0.0,0.0,1.0,1.0,1.0,minimize_generator,full_grid,False,2901.345,0.0,5000,inf
2017-12-07,657.61,343.907,1001.517,605.136,328.24,933.376,933.376,0.0,0.0,44.121,24.02,0.0,0.0,0.0,0.0,0.0,200.0,0.2,0.881,0.0,0.0,1.819,0.0,0.0,1.819,0.976,1.0,0.971,minimize_generator,full_grid,False,2925.365,0.0,5000,inf
2017-12-08,663.43,303.386,966.816,612.571,81.08,693.651,693.651,0.0,0.0,0.0,273.165,0.0,0.0,0.0,0.0,0.0,200.0,0.2,0.881,0.0,0.0,20.775,0.0,0.0,20.775,0.717,1.0,0.717,minimize_generator,full_grid,False,3198.53,0.0,5000,inf
2017-12-09,662.86,242.168,905.028,578.078,8.96,587.038,587.038,0.0,0.0,0.0,317.99,0.0,0.0,0.0,0.0,0.0,200.0,0.2,0.881,0.0,0.0,24.351,0.0,0.0,24.351,0.649,1.0,0.649,minimize_generator,full_grid,False,3516.521,0.0,5000,inf
2017-12-10,730.01,207.196,937.206,364.074,7.28,371.354,371.354,0.0,0.0,0.0,565.852,0.0,0.0,0.0,0.0,0.0,200.0,0.2,0.881,0.0,0.0,43.628,0.0,0.0,43.628,0.396,1.0,0.396,minimize_generator,full_grid,False,4082.372,0.0,5000,inf
2017-12-11,658.94,246.199,905.139,519.77,7.12,526.89,526.89,0.0,0.0,0.0,378.249,0.0,0.0,0.0,0.0,0.0,200.0,0.2,0.881,0.0,0.0,28.946,0.0,0.0,28.946,0.582,1.0,0.582,minimize_generator,full_grid,False,4460.621,0.0,5000,inf
2017-12-12,661.9,286.615,948.515,488.902,25.0,513.902,513.902,0.0,0.0,0.0,434.613,0.0,0.0,0.0,0.0,0.0,200.0,0.2,0.881,0.0,0.0,33.111,0.0,0.0,33.111,0.542,1.0,0.542,minimize_generator,full_grid,False,4895.235,0.0,5000,inf
2017-12-13,659.475,377.971,1037.446,556.446,341.12,897.566,897.566,0.0,54.886,0.0,104.765,0.0,35.114,54.886,0.0,0.0,252.141,0.252,0.699,54.0,6.0,7.908,0.0,23.857,31.765,0.899,1.0,0.865,minimize_generator,full_grid,False,5000.0,0.0,5000,inf
2017-12-14,664.165,341.704,1005.869,587.083,179.88,766.963,766.963,0.0,0.0,49.534,0.0,0.0,189.372,0.0,0.0,0.0,200.0,0.2,0.699,113.623,12.625,0.0,0.0,50.199,50.199,1.0,1.0,0.797,minimize_generator,full_grid,False,5000.0,0.0,5000,inf
2017-12-15,589.31,298.195,887.505,592.862,83.24,676.102,676.102,0.0,0.0,0.0,0.0,0.0,211.403,0.0,0.0,0.0,200.0,0.2,0.699,126.842,14.094,0.0,0.0,56.039,56.039,1.0,1.0,0.762,minimize_generator,full_grid,False,5000.0,0.0,5000,inf
2017-12-16,661.54,273.248,934.788,579.466,27.6,607.066,607.066,0.0,0.0,0.0,0.0,0.0,327.722,0.0,0.0,0.0,200.0,0.2,0.699,196.633,21.848,0.0,0.0,86.873,86.873,1.0,1.0,0.649,minimize_generator,full_grid,False,5000.0,0.0,5000,inf
2017-12-17,657.81,259.68,917.49,553.637,20.24,573.877,573.877,0.0,0.0,0.0,0.0,0.0,343.613,0.0,0.0,0.0,200.0,0.2,0.699,206.168,22.908,0.0,0.0,91.085,91.085,1.0,1.0,0.625,minimize_generator,full_grid,False,5000.0,0.0,5000,inf
2017-12-18,658.17,317.284,975.454,537.172,88.32,625.492,625.492,0.0,0.0,0.0,0.0,0.0,349.962,0.0,0.0,0.0,200.0,0.2,0.699,209.977,23.331,0.0,0.0,92.768,92.768,1.0,1.0,0.641,minimize_generator,full_grid,False,5000.0,0.0,5000,inf
2017-12-19,658.555,287.252,945.807,422.438,65.68,488.118,488.118,0.0,0.0,0.0,0.0,0.0,457.689,0.0,0.0,0.0,200.0,0.2,0.699,235.538,24.0,0.0,0.0,104.061,104.061,1.0,1.0,0.516,minimize_generator,full_grid,False,5000.0,0.0,5000,inf
2017-12-20,659.115,313.211,972.326,401.733,177.08,578.813,578.813,0.0,0.0,0.0,0.0,0.0,393.513,0.0,0.0,0.0,200.0,0.2,0.699,222.703,24.0,0.0,0.0,98.39,98.39,1.0,1.0,0.595,minimize_generator,full_grid,False,5000.0,0.0,5000,inf
2017-12-21,657.435,331.958,989.393,467.406,241.44,708.846,708.846,0.0,0.0,0.0,0.0,0.0,280.547,0.0,0.0,0.0,200.0,0.2,0.699,168.328,18.703,0.0,0.0,74.367,74.367,1.0,1.0,0.716,minimize_generator,full_grid,False,5000.0,0.0,5000,inf
2017-12-22,658.555,290.753,949.308,390.03,200.6,590.63,590.63,0.0,0.0,0.0,0.0,0.0,358.678,0.0,0.0,0.0,200.0,0.2,0.699,215.207,23.912,0.0,0.0,95.078,95.078,1.0,1.0,0.622,minimize_generator,full_grid,False,5000.0,0.0,5000,inf
2017-12-23,663.99,267.687,931.677,427.198,151.32,578.518,578.518,0.0,0.0,0.0,0.0,0.0,353.159,0.0,0.0,0.0,200.0,0.2,0.699,211.895,23.544,0.0,0.0,93.615,93.615,1.0,1.0,0.621,minimize_generator,full_grid,False,5000.0,0.0,5000,inf
2017-12-24,661.165,34.389,695.554,339.871,449.64,789.511,695.554,93.957,93.957,0.0,0.0,0.0,0.0,0.0,0.0,0.0,289.259,0.289,0.792,0.0,0.0,0.0,0.0,0.0,0.0,1.0,1.0,1.0,minimize_generator,full_grid,False,5000.0,0.0,5000,inf
2017-12-25,660.805,20.858,681.663,581.208,468.0,1049.208,681.663,367.545,367.545,0.0,0.0,0.0,0.0,0.0,0.0,0.0,638.427,0.638,0.906,0.0,0.0,0.0,0.0,0.0,0.0,1.0,1.0,1.0,minimize_generator,full_grid,False,5000.0,0.0,5000,inf
2017-12-26,588.75,18.337,607.087,593.2,84.68,677.88,607.087,70.793,70.793,0.0,0.0,0.0,0.0,0.0,0.0,0.0,705.68,0.706,0.915,0.0,0.0,0.0,0.0,0.0,0.0,1.0,1.0,1.0,minimize_generator,full_grid,False,5000.0,0.0,5000,inf
2017-12-27,587.085,21.492,608.577,467.364,19.92,487.284,487.284,0.0,0.0,121.293,0.0,0.0,0.0,0.0,0.0,0.0,578.004,0.578,0.915,0.0,0.0,0.0,0.0,0.0,0.0,1.0,1.0,0.983,minimize_generator,full_grid,False,5000.0,0.0,5000,inf
2017-12-28,660.805,25.33,686.135,451.4,3.12,454.52,454.52,0.0,0.0,231.615,0.0,0.0,0.0,0.0,0.0,0.0,334.198,0.334,0.915,0.0,0.0,0.0,0.0,0.0,0.0,1.0,1.0,0.971,minimize_generator,full_grid,False,5000.0,0.0,5000,inf
2017-12-29,660.245,27.246,687.491,390.349,38.68,429.029,429.029,0.0,0.0,127.488,0.0,0.0,130.974,0.0,0.0,0.0,200.0,0.2,0.915,78.584,8.732,0.0,0.0,34.719,34.719,1.0,1.0,0.794,minimize_generator,full_grid,False,5000.0,0.0,5000,inf
2017-12-30,662.86,25.868,688.728,546.849,398.52,945.369,688.728,256.641,256.641,0.0,0.0,0.0,0.0,0.0,0.0,0.0,443.809,0.444,0.962,0.0,0.0,0.0,0.0,0.0,0.0,1.0,1.0,1.0,minimize_generator,full_grid,False,5000.0,0.0,5000,inf
2017-12-31,587.83,23.666,611.496,581.555,460.48,1042.035,611.496,430.539,374.938,0.0,0.0,55.601,0.0,0.0,0.0,0.0,800.0,0.8,0.979,0.0,0.0,0.0,0.0,0.0,0.0,1.0,0.947,1.0,minimize_generator,full_grid,False,5000.0,55.601,5000,inf
2018-01-01,585.755,23.644,609.399,471.125,436.92,908.045,609.399,298.646,0.0,0.0,0.0,298.646,0.0,0.0,0.0,0.0,800.0,0.8,0.979,0.0,0.0,0.0,0.0,0.0,0.0,1.0,0.671,1.0,minimize_generator,full_grid,False,0.0,298.646,5000,inf
2018-01-02,572.425,24.041,596.466,610.693,206.32,817.013,596.466,220.547,0.0,0.0,0.0,220.547,0.0,0.0,0.0,0.0,800.0,0.8,0.979,0.0,0.0,0.0,0.0,0.0,0.0,1.0,0.73,1.0,minimize_generator,full_grid,False,0.0,519.192,5000,inf
2018-01-03,585.02,25.523,610.543,573.462,84.68,658.142,610.543,47.599,0.0,0.0,0.0,47.599,0.0,0.0,0.0,0.0,800.0,0.8,0.979,0.0,0.0,0.0,0.0,0.0,0.0,1.0,0.928,1.0,minimize_generator,full_grid,False,0.0,566.791,5000,inf
2018-01-04,656.865,24.396,681.261,566.813,376.32,943.133,681.261,261.872,0.0,0.0,0.0,261.872,0.0,0.0,0.0,0.0,800.0,0.8,0.979,0.0,0.0,0.0,0.0,0.0,0.0,1.0,0.722,1.0,minimize_generator,full_grid,False,0.0,828.664,5000,inf
2018-01-05,584.66,23.837,608.497,362.34,409.48,771.82,608.497,163.323,0.0,0.0,0.0,163.323,0.0,0.0,0.0,0.0,800.0,0.8,0.979,0.0,0.0,0.0,0.0,0.0,0.0,1.0,0.788,1.0,minimize_generator,full_grid,False,0.0,991.987,5000,inf
2018-01-06,588.565,22.982,611.547,562.042,299.04,861.082,611.547,249.535,0.0,0.0,0.0,249.535,0.0,0.0,0.0,0.0,800.0,0.8,0.979,0.0,0.0,0.0,0.0,0.0,0.0,1.0,0.71,1.0,minimize_generator,full_grid,False,0.0,1241.522,5000,inf
2018-01-07,585.58,22.446,608.026,604.001,36.36,640.361,608.026,32.335,0.0,0.0,0.0,32.335,0.0,0.0,0.0,0.0,800.0,0.8,0.979,0.0,0.0,0.0,0.0,0.0,0.0,1.0,0.95,1.0,minimize_generator,full_grid,False,0.0,1273.857,5000,inf
2018-01-08,587.445,22.536,609.981,615.291,56.56,671.851,609.981,61.87,0.0,0.0,0.0,61.87,0.0,0.0,0.0,0.0,800.0,0.8,0.979,0.0,0.0,0.0,0.0,0.0,0.0,1.0,0.908,1.0,minimize_generator,full_grid,False,0.0,1335.727,5000,inf
2018-01-09,581.85,22.097,603.947,633.544,27.6,661.144,603.947,57.197,0.0,0.0,0.0,57.197,0.0,0.0,0.0,0.0,800.0,0.8,0.979,0.0,0.0,0.0,0.0,0.0,0.0,1.0,0.913,1.0,minimize_generator,full_grid,False,0.0,1392.923,5000,inf
2018-01-10,586.525,19.13,605.655,604.058,8.2,612.258,605.655,6.603,0.0,0.0,0.0,6.603,0.0,0.0,0.0,0.0,800.0,0.8,0.979,0.0,0.0,0.0,0.0,0.0,0.0,1.0,0.989,1.0,minimize_generator,full_grid,False,0.0,1399.526,5000,inf
2018-01-11,570.855,15.175,586.03,626.498,70.2,696.698,586.03,110.668,0.0,0.0,0.0,110.668,0.0,0.0,0.0,0.0,800.0,0.8,0.979,0.0,0.0,0.0,0.0,0.0,0.0,1.0,0.841,1.0,minimize_generator,full_grid,False,0.0,1510.194,5000,inf
2018-01-12,585.395,7.954,593.349,622.156,39.12,661.276,593.349,67.927,0.0,0.0,0.0,67.927,0.0,0.0,0.0,0.0,800.0,0.8,0.979,0.0,0.0,0.0,0.0,0.0,0.0,1.0,0.897,1.0,minimize_generator,full_grid,False,0.0,1578.121,5000,inf
2018-01-13,572.315,4.184,576.499,560.027,6.76,566.787,566.787,0.0,0.0,9.712,0.0,0.0,0.0,0.0,0.0,0.0,789.777,0.79,0.979,0.0,0.0,0.0,0.0,0.0,0.0,1.0,1.0,1.0,minimize_generator,full_grid,False,0.0,1578.121,5000,inf
2018-01-14,657.435,6.524,663.959,624.491,431.0,1055.491,663.959,391.532,10.761,0.0,0.0,380.771,0.0,0.0,0.0,0.0,800.0,0.8,0.979,0.0,0.0,0.0,0.0,0.0,0.0,1.0,0.639,1.0,minimize_generator,full_grid,False,0.0,1958.892,5000,inf
2018-01-15,588.95,10.469,599.419,638.308,248.08,886.388,599.419,286.969,0.0,0.0,0.0,286.969,0.0,0.0,0.0,0.0,800.0,0.8,0.979,0.0,0.0,0.0,0.0,0.0,0.0,1.0,0.676,1.0,minimize_generator,full_grid,False,0.0,2245.861,5000,inf
2018-01-16,587.83,9.342,597.172,637.829,148.64,786.469,597.172,189.297,0.0,0.0,0.0,189.297,0.0,0.0,0.0,0.0,800.0,0.8,0.979,0.0,0.0,0.0,0.0,0.0,0.0,1.0,0.759,1.0,minimize_generator,full_grid,False,0.0,2435.158,5000,inf
2018-01-17,658.555,10.588,669.143,645.604,415.2,1060.804,669.143,391.661,0.0,0.0,0.0,391.661,0.0,0.0,0.0,0.0,800.0,0.8,0.979,0.0,0.0,0.0,0.0,0.0,0.0,1.0,0.631,1.0,minimize_generator,full_grid,False,0.0,2826.819,5000,inf
2018-01-18,582.585,9.601,592.186,649.616,231.96,881.576,592.186,289.39,0.0,0.0,0.0,289.39,0.0,0.0,0.0,0.0,800.0,0.8,0.979,0.0,0.0,0.0,0.0,0.0,0.0,1.0,0.672,1.0,minimize_generator,full_grid,False,0.0,3116.209,5000,inf
2018-01-19,659.475,8.415,667.89,556.1,517.24,1073.34,667.89,405.45,0.0,0.0,0.0,405.45,0.0,0.0,0.0,0.0,800.0,0.8,0.979,0.0,0.0,0.0,0.0,0.0,0.0,1.0,0.622,1.0,minimize_generator,full_grid,False,0.0,3521.659,5000,inf
2018-01-20,589.485,7.819,597.304,654.222,45.04,699.262,597.304,101.958,0.0,0.0,0.0,101.958,0.0,0.0,0.0,0.0,800.0,0.8,0.979,0.0,0.0,0.0,0.0,0.0,0.0,1.0,0.854,1.0,minimize_generator,full_grid,False,0.0,3623.618,5000,inf
2018-01-21,585.22,9.234,594.454,623.841,144.16,768.001,594.454,173.547,0.0,0.0,0.0,173.547,0.0,0.0,0.0,0.0,800.0,0.8,0.979,0.0,0.0,0.0,0.0,0.0,0.0,1.0,0.774,1.0,minimize_generator,full_grid,False,0.0,3797.164,5000,inf
2018-01-22,657.25,10.102,667.352,600.045,118.24,718.285,667.352,50.933,0.0,0.0,0.0,50.933,0.0,0.0,0.0,0.0,800.0,0.8,0.979,0.0,0.0,0.0,0.0,0.0,0.0,1.0,0.929,1.0,minimize_generator,full_grid,False,0.0,3848.097,5000,inf
2018-01-23,582.025,10.054,592.079,583.171,253.72,836.891,592.079,244.812,0.0,0.0,0.0,244.812,0.0,0.0,0.0,0.0,800.0,0.8,0.979,0.0,0.0,0.0,0.0,0.0,0.0,1.0,0.707,1.0,minimize_generator,full_grid,False,0.0,4092.909,5000,inf
2018-01-24,583.155,8.44,591.595,628.691,110.8,739.491,591.595,147.896,0.0,0.0,0.0,147.896,0.0,0.0,0.0,0.0,800.0,0.8,0.979,0.0,0.0,0.0,0.0,0.0,0.0,1.0,0.8,1.0,minimize_generator,full_grid,False,0.0,4240.805,5000,inf
2018-01-25,584.1,9.359,593.459,495.596,388.72,884.316,593.459,290.857,0.0,0.0,0.0,290.857,0.0,0.0,0.0,0.0,800.0,0.8,0.979,0.0,0.0,0.0,0.0,0.0,0.0,1.0,0.671,1.0,minimize_generator,full_grid,False,0.0,4531.662,5000,inf
2018-01-26,584.45,8.814,593.264,501.811,431.64,933.451,593.264,340.187,0.0,0.0,0.0,340.187,0.0,0.0,0.0,0.0,800.0,0.8,0.979,0.0,0.0,0.0,0.0,0.0,0.0,1.0,0.636,1.0,minimize_generator,full_grid,False,0.0,4871.849,5000,inf
2018-01-27,582.41,9.883,592.293,675.525,320.4,995.925,592.293,403.632,0.0,0.0,0.0,403.632,0.0,0.0,0.0,0.0,800.0,0.8,0.979,0.0,0.0,0.0,0.0,0.0,0.0,1.0,0.595,1.0,minimize_generator,full_grid,False,0.0,5275.481,5000,inf
2018-01-28,657.81,9.931,667.741,703.366,154.04,857.406,667.741,189.665,0.0,0.0,0.0,189.665,0.0,0.0,0.0,0.0,800.0,0.8,0.979,0.0,0.0,0.0,0.0,0.0,0.0,1.0,0.779,1.0,minimize_generator,full_grid,False,0.0,5465.146,5000,inf
2018-01-29,585.58,10.301,595.881,697.251,217.72,914.971,595.881,319.09,0.0,0.0,0.0,319.09,0.0,0.0,0.0,0.0,800.0,0.8,0.979,0.0,0.0,0.0,0.0,0.0,0.0,1.0,0.651,1.0,minimize_generator,full_grid,False,0.0,5784.236,5000,inf
2018-01-30,588.005,10.225,598.23,710.757,145.04,855.797,598.23,257.567,0.0,0.0,0.0,257.567,0.0,0.0,0.0,0.0,800.0,0.8,0.979,0.0,0.0,0.0,0.0,0.0,0.0,1.0,0.699,1.0,minimize_generator,full_grid,False,0.0,6041.803,5000,inf
2018-01-31,584.66,10.006,594.666,701.862,114.92,816.782,594.666,222.116,0.0,0.0,0.0,222.116,0.0,0.0,0.0,0.0,800.0,0.8,0.979,0.0,0.0,0.0,0.0,0.0,0.0,1.0,0.728,1.0,minimize_generator,full_grid,False,0.0,6263.918,5000,inf
2018-02-01,572.315,10.236,582.551,699.121,160.44,859.561,582.551,277.01,0.0,0.0,0.0,277.01,0.0,0.0,0.0,0.0,800.0,0.8,0.979,0.0,0.0,0.0,0.0,0.0,0.0,1.0,0.678,1.0,minimize_generator,full_grid,False,0.0,277.01,5000,inf
2018-02-02,588.005,10.339,598.344,688.63,63.16,751.79,598.344,153.446,0.0,0.0,0.0,153.446,0.0,0.0,0.0,0.0,800.0,0.8,0.979,0.0,0.0,0.0,0.0,0.0,0.0,1.0,0.796,1.0,minimize_generator,full_grid,False,0.0,430.456,5000,inf
2018-02-03,572.315,9.568,581.883,714.013,18.08,732.093,581.883,150.21,0.0,0.0,0.0,150.21,0.0,0.0,0.0,0.0,800.0,0.8,0.979,0.0,0.0,0.0,0.0,0.0,0.0,1.0,0.795,1.0,minimize_generator,full_grid,False,0.0,580.666,5000,inf
2018-02-04,586.885,9.568,596.453,716.386,20.56,736.946,596.453,140.493,0.0,0.0,0.0,140.493,0.0,0.0,0.0,0.0,800.0,0.8,0.979,0.0,0.0,0.0,0.0,0.0,0.0,1.0,0.809,1.0,minimize_generator,full_grid,False,0.0,721.159,5000,inf
2018-02-05,582.235,8.374,590.609,717.611,0.4,718.011,590.609,127.402,0.0,0.0,0.0,127.402,0.0,0.0,0.0,0.0,800.0,0.8,0.979,0.0,0.0,0.0,0.0,0.0,0.0,1.0,0.823,1.0,minimize_generator,full_grid,False,0.0,848.56,5000,inf
2018-02-06,661.54,9.897,671.437,690.763,20.56,711.323,671.437,39.886,0.0,0.0,0.0,39.886,0.0,0.0,0.0,0.0,800.0,0.8,0.979,0.0,0.0,0.0,0.0,0.0,0.0,1.0,0.944,1.0,minimize_generator,full_grid,False,0.0,888.446,5000,inf
2018-02-07,657.61,11.839,669.449,654.769,24.64,679.409,669.449,9.96,0.0,0.0,0.0,9.96,0.0,0.0,0.0,0.0,800.0,0.8,0.979,0.0,0.0,0.0,0.0,0.0,0.0,1.0,0.985,1.0,minimize_generator,full_grid,False,0.0,898.406,5000,inf
2018-02-08,588.005,9.242,597.247,666.171,2.44,668.611,597.247,71.364,0.0,0.0,0.0,71.364,0.0,0.0,0.0,0.0,800.0,0.8,0.979,0.0,0.0,0.0,0.0,0.0,0.0,1.0,0.893,1.0,minimize_generator,full_grid,False,0.0,969.77,5000,inf
2018-02-09,659.3,9.315,668.615,596.637,3.12,599.757,599.757,0.0,0.0,68.858,0.0,0.0,0.0,0.0,0.0,0.0,727.518,0.728,0.979,0.0,0.0,0.0,0.0,0.0,0.0,1.0,1.0,0.998,minimize_generator,full_grid,False,0.0,969.77,5000,inf
2018-02-10,584.66,11.213,595.873,615.754,81.8,697.554,595.873,101.681,76.297,0.0,0.0,25.384,0.0,0.0,0.0,0.0,800.0,0.8,0.981,0.0,0.0,0.0,0.0,0.0,0.0,1.0,0.964,1.0,minimize_generator,full_grid,False,0.0,995.154,5000,inf
2018-02-11,656.865,10.971,667.836,567.985,145.04,713.025,667.836,45.189,0.0,0.0,0.0,45.189,0.0,0.0,0.0,0.0,800.0,0.8,0.981,0.0,0.0,0.0,0.0,0.0,0.0,1.0,0.937,1.0,minimize_generator,full_grid,False,0.0,1040.343,5000,inf
2018-02-12,588.95,9.491,598.441,499.437,82.52,581.957,581.957,0.0,0.0,16.484,0.0,0.0,0.0,0.0,0.0,0.0,782.649,0.783,0.981,0.0,0.0,0.0,0.0,0.0,0.0,1.0,1.0,0.999,minimize_generator,full_grid,False,0.0,1040.343,5000,inf
2018-02-13,589.31,11.24,600.55,634.605,482.6,1117.205,600.55,516.655,18.264,0.0,0.0,498.39,0.0,0.0,0.0,0.0,800.0,0.8,0.981,0.0,0.0,0.0,0.0,0.0,0.0,1.0,0.554,1.0,minimize_generator,full_grid,False,0.0,1538.733,5000,inf
2018-02-14,660.035,11.228,671.263,779.764,114.92,894.684,671.263,223.421,0.0,0.0,0.0,223.421,0.0,0.0,0.0,0.0,800.0,0.8,0.981,0.0,0.0,0.0,0.0,0.0,0.0,1.0,0.75,1.0,minimize_generator,full_grid,False,0.0,1762.155,5000,inf
2018-02-15,658.17,332.357,990.527,469.603,135.32,604.923,604.923,0.0,0.0,385.604,0.0,0.0,0.0,0.0,0.0,0.0,394.101,0.394,0.981,0.0,0.0,0.0,0.0,0.0,0.0,1.0,1.0,0.993,minimize_generator,full_grid,False,0.0,1762.155,5000,inf
2018-02-16,656.69,362.861,1019.551,569.054,91.28,660.334,660.334,0.0,0.0,184.396,174.821,0.0,0.0,0.0,0.0,0.0,200.0,0.2,0.981,0.0,0.0,13.712,0.0,0.0,13.712,0.829,1.0,0.825,minimize_generator,full_grid,False,174.821,1762.155,5000,inf
2018-02-17,582.795,385.166,967.961,640.539,380.24,1020.779,967.961,52.818,52.818,0.0,0.0,0.0,0.0,0.0,0.0,0.0,250.177,0.25,0.985,0.0,0.0,0.0,0.0,0.0,0.0,1.0,1.0,1.0,minimize_generator,full_grid,False,174.821,1762.155,5000,inf
2018-02-18,585.58,446.449,1032.029,730.436,310.68,1041.116,1032.029,9.087,9.087,0.0,0.0,0.0,0.0,0.0,0.0,0.0,258.81,0.259,0.986,0.0,0.0,0.0,0.0,0.0,0.0,1.0,1.0,1.0,minimize_generator,full_grid,False,174.821,1762.155,5000,inf
2018-02-19,588.95,367.031,955.981,650.217,29.56,679.777,679.777,0.0,0.0,55.869,220.335,0.0,0.0,0.0,0.0,0.0,200.0,0.2,0.986,0.0,0.0,17.21,0.0,0.0,17.21,0.77,1.0,0.769,minimize_generator,full_grid,False,395.156,1762.155,5000,inf
2018-02-20,656.69,384.646,1041.336,593.656,28.36,622.016,622.016,0.0,0.0,0.0,419.32,0.0,0.0,0.0,0.0,0.0,200.0,0.2,0.986,0.0,0.0,32.824,0.0,0.0,32.824,0.597,1.0,0.597,minimize_generator,full_grid,False,814.476,1762.155,5000,inf
2018-02-21,585.395,399.646,985.041,673.549,9.76,683.309,683.309,0.0,0.0,0.0,301.732,0.0,0.0,0.0,0.0,0.0,200.0,0.2,0.986,0.0,0.0,23.491,0.0,0.0,23.491,0.694,1.0,0.694,minimize_generator,full_grid,False,1116.208,1762.155,5000,inf
2018-02-22,666.03,371.48,1037.51,559.052,22.2,581.252,581.252,0.0,0.0,0.0,456.258,0.0,0.0,0.0,0.0,0.0,200.0,0.2,0.986,0.0,0.0,35.776,0.0,0.0,35.776,0.56,1.0,0.56,minimize_generator,full_grid,False,1572.466,1762.155,5000,inf
2018-02-23,662.86,338.586,1001.446,508.197,5.52,513.717,513.717,0.0,0.0,0.0,487.729,0.0,0.0,0.0,0.0,0.0,200.0,0.2,0.986,0.0,0.0,38.357,0.0,0.0,38.357,0.513,1.0,0.513,minimize_generator,full_grid,False,2060.194,1762.155,5000,inf
2018-02-24,659.3,508.535,1167.835,820.766,292.68,1113.446,1113.446,0.0,0.0,0.0,54.389,0.0,0.0,0.0,0.0,0.0,200.0,0.2,0.986,0.0,0.0,4.215,0.0,0.0,4.215,0.953,1.0,0.953,minimize_generator,full_grid,False,2114.583,1762.155,5000,inf
2018-02-25,657.61,458.781,1116.391,730.687,14.72,745.407,745.407,0.0,0.0,0.0,370.984,0.0,0.0,0.0,0.0,0.0,200.0,0.2,0.986,0.0,0.0,28.86,0.0,0.0,28.86,0.668,1.0,0.668,minimize_generator,full_grid,False,2485.566,1762.155,5000,inf
2018-02-26,656.69,493.363,1150.053,775.929,64.4,840.329,840.329,0.0,0.0,0.0,309.724,0.0,0.0,0.0,0.0,0.0,200.0,0.2,0.986,0.0,0.0,24.029,0.0,0.0,24.029,0.731,1.0,0.731,minimize_generator,full_grid,False,2795.29,1762.155,5000,inf
2018-02-27,587.445,474.3,1061.745,673.731,216.76,890.491,890.491,0.0,0.0,0.0,171.254,0.0,0.0,0.0,0.0,0.0,200.0,0.2,0.986,0.0,0.0,13.25,0.0,0.0,13.25,0.839,1.0,0.839,minimize_generator,full_grid,False,2966.544,1762.155,5000,inf
2018-02-28,658.17,500.102,1158.272,849.298,199.68,1048.978,1048.978,0.0,0.0,0.0,109.294,0.0,0.0,0.0,0.0,0.0,200.0,0.2,0.986,0.0,0.0,8.476,0.0,0.0,8.476,0.906,1.0,0.906,minimize_generator,full_grid,False,3075.838,1762.155,5000,inf
2018-03-01,659.115,605.783,1264.898,845.987,226.28,1072.267,1072.267,0.0,0.0,0.0,192.631,0.0,0.0,0.0,0.0,0.0,200.0,0.2,0.986,0.0,0.0,14.649,0.0,0.0,14.649,0.848,1.0,0.848,minimize_generator,full_grid,False,192.631,0.0,5000,inf
2018-03-02,586.885,525.999,1112.884,857.281,58.32,915.601,915.601,0.0,0.0,0.0,197.283,0.0,0.0,0.0,0.0,0.0,200.0,0.2,0.986,0.0,0.0,15.017,0.0,0.0,15.017,0.823,1.0,0.823,minimize_generator,full_grid,False,389.915,0.0,5000,inf
2018-03-03,659.86,497.917,1157.777,833.195,9.36,842.555,842.555,0.0,0.0,0.0,315.222,0.0,0.0,0.0,0.0,0.0,200.0,0.2,0.986,0.0,0.0,24.15,0.0,0.0,24.15,0.728,1.0,0.728,minimize_generator,full_grid,False,705.136,0.0,5000,inf
2018-03-04,658.38,532.319,1190.699,870.372,8.96,879.332,879.332,0.0,0.0,0.0,311.367,0.0,0.0,0.0,0.0,0.0,200.0,0.2,0.986,0.0,0.0,23.793,0.0,0.0,23.793,0.739,1.0,0.739,minimize_generator,full_grid,False,1016.503,0.0,5000,inf
2018-03-05,585.22,584.09,1169.31,866.805,24.28,891.085,891.085,0.0,0.0,0.0,278.225,0.0,0.0,0.0,0.0,0.0,200.0,0.2,0.986,0.0,0.0,21.091,0.0,0.0,21.091,0.762,1.0,0.762,minimize_generator,full_grid,False,1294.728,0.0,5000,inf
2018-03-06,589.31,653.071,1242.381,855.202,89.04,944.242,944.242,0.0,0.0,0.0,298.139,0.0,0.0,0.0,0.0,0.0,200.0,0.2,0.986,0.0,0.0,22.51,0.0,0.0,22.51,0.76,1.0,0.76,minimize_generator,full_grid,False,1592.867,0.0,5000,inf
2018-03-07,657.995,594.764,1252.759,879.278,42.04,921.318,921.318,0.0,0.0,0.0,331.441,0.0,0.0,0.0,0.0,0.0,200.0,0.2,0.986,0.0,0.0,25.22,0.0,0.0,25.22,0.735,1.0,0.735,minimize_generator,full_grid,False,1924.308,0.0,5000,inf
2018-03-08,730.37,645.147,1375.517,898.145,40.56,938.705,938.705,0.0,0.0,0.0,436.812,0.0,0.0,0.0,0.0,0.0,200.0,0.2,0.986,0.0,0.0,33.267,0.0,0.0,33.267,0.682,1.0,0.682,minimize_generator,full_grid,False,2361.12,0.0,5000,inf
2018-03-09,662.11,642.098,1304.208,907.451,420.8,1328.251,1304.208,24.043,24.043,0.0,0.0,0.0,0.0,0.0,0.0,0.0,222.841,0.223,0.987,0.0,0.0,0.0,0.0,0.0,0.0,1.0,1.0,1.0,minimize_generator,full_grid,False,2361.12,0.0,5000,inf
2018-03-10,588.565,640.21,1228.775,911.295,366.76,1278.055,1228.775,49.28,49.28,0.0,0.0,0.0,0.0,0.0,0.0,0.0,269.657,0.27,0.989,0.0,0.0,0.0,0.0,0.0,0.0,1.0,1.0,1.0,minimize_generator,full_grid,False,2361.12,0.0,5000,inf
2018-03-11,662.86,621.762,1284.622,936.548,357.0,1293.548,1284.622,8.926,8.926,0.0,0.0,0.0,0.0,0.0,0.0,0.0,278.137,0.278,0.99,0.0,0.0,0.0,0.0,0.0,0.0,1.0,1.0,1.0,minimize_generator,full_grid,False,2361.12,0.0,5000,inf
2018-03-12,588.18,631.074,1219.254,957.324,208.2,1165.524,1165.524,0.0,0.0,53.73,0.0,0.0,0.0,0.0,0.0,0.0,221.579,0.222,0.99,0.0,0.0,0.0,0.0,0.0,0.0,1.0,1.0,1.0,minimize_generator,full_grid,False,2361.12,0.0,5000,inf
2018-03-13,665.47,655.356,1320.826,965.644,220.56,1186.204,1186.204,0.0,0.0,20.5,114.121,0.0,0.0,0.0,0.0,0.0,200.0,0.2,0.99,0.0,0.0,8.655,0.0,0.0,8.655,0.914,1.0,0.913,minimize_generator,full_grid,False,2475.241,0.0,5000,inf
2018-03-14,659.675,633.312,1292.987,950.565,98.88,1049.445,1049.445,0.0,0.0,0.0,243.542,0.0,0.0,0.0,0.0,0.0,200.0,0.2,0.99,0.0,0.0,18.489,0.0,0.0,18.489,0.812,1.0,0.812,minimize_generator,full_grid,False,2718.784,0.0,5000,inf
2018-03-15,661.34,683.94,1345.28,885.447,366.76,1252.207,1252.207,0.0,0.0,0.0,93.073,0.0,0.0,0.0,0.0,0.0,200.0,0.2,0.99,0.0,0.0,7.046,0.0,0.0,7.046,0.931,1.0,0.931,minimize_generator,full_grid,False,2811.857,0.0,5000,inf
2018-03-16,730.37,657.105,1387.475,943.059,333.44,1276.499,1276.499,0.0,0.0,0.0,110.976,0.0,0.0,0.0,0.0,0.0,200.0,0.2,0.99,0.0,0.0,8.446,0.0,0.0,8.446,0.92,1.0,0.92,minimize_generator,full_grid,False,2922.833,0.0,5000,inf
2018-03-17,657.435,642.953,1300.388,996.591,131.84,1128.431,1128.431,0.0,0.0,0.0,171.957,0.0,0.0,0.0,0.0,0.0,200.0,0.2,0.99,0.0,0.0,13.045,0.0,0.0,13.045,0.868,1.0,0.868,minimize_generator,full_grid,False,3094.79,0.0,5000,inf
2018-03-18,657.25,649.531,1306.781,972.779,32.44,1005.219,1005.219,0.0,0.0,0.0,301.562,0.0,0.0,0.0,0.0,0.0,200.0,0.2,0.99,0.0,0.0,22.869,0.0,0.0,22.869,0.769,1.0,0.769,minimize_generator,full_grid,False,3396.352,0.0,5000,inf
2018-03-19,660.595,725.205,1385.8,991.512,70.2,1061.712,1061.712,0.0,0.0,0.0,324.088,0.0,0.0,0.0,0.0,0.0,200.0,0.2,0.99,0.0,0.0,24.478,0.0,0.0,24.478,0.766,1.0,0.766,minimize_generator,full_grid,False,3720.439,0.0,5000,inf
2018-03-20,730.37,696.421,1426.791,965.613,46.6,1012.213,1012.213,0.0,0.0,0.0,414.578,0.0,0.0,0.0,0.0,0.0,200.0,0.2,0.99,0.0,0.0,31.482,0.0,0.0,31.482,0.709,1.0,0.709,minimize_generator,full_grid,False,4135.017,0.0,5000,inf
2018-03-21,657.61,738.644,1396.254,973.473,50.88,1024.353,1024.353,0.0,0.0,0.0,371.901,0.0,0.0,0.0,0.0,0.0,200.0,0.2,0.99,0.0,0.0,28.065,0.0,0.0,28.065,0.734,1.0,0.734,minimize_generator,full_grid,False,4506.918,0.0,5000,inf
2018-03-22,586.315,710.855,1297.17,916.599,6.44,923.039,923.039,0.0,0.0,0.0,374.131,0.0,0.0,0.0,0.0,0.0,200.0,0.2,0.99,0.0,0.0,28.151,0.0,0.0,28.151,0.712,1.0,0.712,minimize_generator,full_grid,False,4881.049,0.0,5000,inf
2018-03-23,662.685,752.318,1415.003,833.177,192.12,1025.297,1025.297,0.0,0.0,0.0,118.951,0.0,270.755,0.0,0.0,0.0,200.0,0.2,0.99,162.453,18.05,8.973,0.0,72.682,81.654,0.916,1.0,0.725,minimize_generator,full_grid,False,5000.0,0.0,5000,inf
2018-03-24,729.625,667.023,1396.648,748.012,483.6,1231.612,1231.612,0.0,0.0,0.0,0.0,0.0,165.036,0.0,0.0,0.0,200.0,0.2,0.99,99.022,11.002,0.0,0.0,44.302,44.302,1.0,1.0,0.882,minimize_generator,full_grid,False,5000.0,0.0,5000,inf
2018-03-25,732.435,779.114,1511.549,820.347,408.76,1229.107,1229.107,0.0,0.0,0.0,0.0,0.0,282.442,0.0,0.0,0.0,200.0,0.2,0.99,169.465,18.829,0.0,0.0,75.819,75.819,1.0,1.0,0.813,minimize_generator,full_grid,False,5000.0,0.0,5000,inf
2018-03-26,663.43,763.591,1427.021,851.679,93.52,945.199,945.199,0.0,0.0,0.0,0.0,0.0,481.822,0.0,0.0,0.0,200.0,0.2,0.99,240.364,24.0,0.0,0.0,107.539,107.539,1.0,1.0,0.662,minimize_generator,full_grid,False,5000.0,0.0,5000,inf
2018-03-27,663.99,561.532,1225.522,478.165,52.0,530.165,530.165,0.0,0.0,0.0,0.0,0.0,695.357,0.0,0.0,0.0,200.0,0.2,0.99,283.071,24.0,0.0,0.0,126.646,126.646,1.0,1.0,0.433,minimize_generator,full_grid,False,5000.0,0.0,5000,inf
2018-03-28,733.18,750.401,1483.581,841.773,263.12,1104.893,1104.893,0.0,0.0,0.0,0.0,0.0,378.688,0.0,0.0,0.0,200.0,0.2,0.99,219.738,24.0,0.0,0.0,98.311,98.311,1.0,1.0,0.745,minimize_generator,full_grid,False,5000.0,0.0,5000,inf
2018-03-29,658.73,596.71,1255.44,788.606,553.16,1341.766,1255.44,86.326,86.326,0.0,0.0,0.0,0.0,0.0,0.0,0.0,282.01,0.282,0.993,0.0,0.0,0.0,0.0,0.0,0.0,1.0,1.0,1.0,minimize_generator,full_grid,False,5000.0,0.0,5000,inf
2018-03-30,664.935,613.93,1278.865,1046.287,430.32,1476.607,1278.865,197.742,197.742,0.0,0.0,0.0,0.0,0.0,0.0,0.0,469.865,0.47,0.996,0.0,0.0,0.0,0.0,0.0,0.0,1.0,1.0,1.0,minimize_generator,full_grid,False,5000.0,0.0,5000,inf
2018-03-31,730.57,257.193,987.763,1051.763,162.28,1214.043,987.763,226.28,226.28,0.0,0.0,0.0,0.0,0.0,0.0,0.0,684.83,0.685,0.997,0.0,0.0,0.0,0.0,0.0,0.0,1.0,1.0,1.0,minimize_generator,full_grid,False,5000.0,0.0,5000,inf
2018-04-01,731.7,926.981,1658.681,933.629,209.16,1142.789,1142.789,0.0,0.0,460.589,55.303,0.0,0.0,0.0,0.0,0.0,200.0,0.2,0.997,0.0,0.0,4.42,0.0,0.0,4.42,0.967,1.0,0.966,minimize_generator,full_grid,False,55.303,0.0,5000,inf
2018-04-02,665.47,1016.74,1682.21,983.14,222.48,1205.62,1205.62,0.0,0.0,0.0,476.59,0.0,0.0,0.0,0.0,0.0,200.0,0.2,0.997,0.0,0.0,37.825,0.0,0.0,37.825,0.717,1.0,0.717,minimize_generator,full_grid,False,531.893,0.0,5000,inf
2018-04-03,730.755,964.34,1695.095,938.559,400.76,1339.319,1339.319,0.0,0.0,0.0,355.776,0.0,0.0,0.0,0.0,0.0,200.0,0.2,0.997,0.0,0.0,28.392,0.0,0.0,28.392,0.79,1.0,0.79,minimize_generator,full_grid,False,887.669,0.0,5000,inf
2018-04-04,658.38,976.721,1635.101,945.468,203.48,1148.948,1148.948,0.0,0.0,0.0,486.153,0.0,0.0,0.0,0.0,0.0,200.0,0.2,0.997,0.0,0.0,38.626,0.0,0.0,38.626,0.703,1.0,0.703,minimize_generator,full_grid,False,1373.823,0.0,5000,inf
2018-04-05,665.855,864.866,1530.721,749.755,132.72,882.475,882.475,0.0,0.0,0.0,648.246,0.0,0.0,0.0,0.0,0.0,200.0,0.2,0.997,0.0,0.0,51.763,0.0,0.0,51.763,0.577,1.0,0.577,minimize_generator,full_grid,False,2022.069,0.0,5000,inf
2018-04-06,733.355,973.084,1706.439,955.989,108.4,1064.389,1064.389,0.0,0.0,0.0,642.05,0.0,0.0,0.0,0.0,0.0,200.0,0.2,0.997,0.0,0.0,51.227,0.0,0.0,51.227,0.624,1.0,0.624,minimize_generator,full_grid,False,2664.119,0.0,5000,inf
2018-04-07,665.295,989.722,1655.017,972.89,32.84,1005.73,1005.73,0.0,0.0,0.0,649.287,0.0,0.0,0.0,0.0,0.0,200.0,0.2,0.997,0.0,0.0,51.582,0.0,0.0,51.582,0.608,1.0,0.608,minimize_generator,full_grid,False,3313.406,0.0,5000,inf
2018-04-08,732.435,1031.769,1764.204,1039.724,400.76,1440.484,1440.484,0.0,0.0,0.0,323.72,0.0,0.0,0.0,0.0,0.0,200.0,0.2,0.997,0.0,0.0,25.77,0.0,0.0,25.77,0.817,1.0,0.817,minimize_generator,full_grid,False,3637.126,0.0,5000,inf
2018-04-09,734.3,1000.553,1734.853,1076.28,414.48,1490.76,1490.76,0.0,0.0,0.0,244.093,0.0,0.0,0.0,0.0,0.0,200.0,0.2,0.997,0.0,0.0,19.456,0.0,0.0,19.456,0.859,1.0,0.859,minimize_generator,full_grid,False,3881.219,0.0,5000,inf
2018-04-10,731.7,946.484,1678.184,1074.84,352.04,1426.88,1426.88,0.0,0.0,0.0,251.304,0.0,0.0,0.0,0.0,0.0,200.0,0.2,0.997,0.0,0.0,20.07,0.0,0.0,20.07,0.85,1.0,0.85,minimize_generator,full_grid,False,4132.523,0.0,5000,inf
2018-04-11,733.925,909.12,1643.045,1014.252,215.8,1230.052,1230.052,0.0,0.0,0.0,412.993,0.0,0.0,0.0,0.0,0.0,200.0,0.2,0.997,0.0,0.0,33.037,0.0,0.0,33.037,0.749,1.0,0.749,minimize_generator,full_grid,False,4545.517,0.0,5000,inf
2018-04-12,730.01,825.739,1555.749,933.474,32.0,965.474,965.474,0.0,0.0,0.0,454.483,0.0,135.792,0.0,0.0,0.0,200.0,0.2,0.997,81.475,9.053,36.482,0.0,38.595,75.077,0.708,1.0,0.621,minimize_generator,full_grid,False,5000.0,0.0,5000,inf
2018-04-13,733.18,822.792,1555.972,918.872,25.72,944.592,944.592,0.0,0.0,0.0,0.0,0.0,611.38,0.0,0.0,0.0,200.0,0.2,0.997,266.276,24.0,0.0,0.0,126.135,126.135,1.0,1.0,0.607,minimize_generator,full_grid,False,5000.0,0.0,5000,inf
2018-04-14,736.525,962.901,1699.426,1046.257,222.48,1268.737,1268.737,0.0,0.0,0.0,0.0,0.0,430.689,0.0,0.0,0.0,200.0,0.2,0.997,230.138,24.0,0.0,0.0,109.016,109.016,1.0,1.0,0.747,minimize_generator,full_grid,False,5000.0,0.0,5000,inf
2018-04-15,735.045,983.945,1718.99,1104.365,268.72,1373.085,1373.085,0.0,0.0,0.0,0.0,0.0,345.905,0.0,0.0,0.0,200.0,0.2,0.997,207.543,23.06,0.0,0.0,98.313,98.313,1.0,1.0,0.799,minimize_generator,full_grid,False,5000.0,0.0,5000,inf
2018-04-16,732.62,859.832,1592.452,1105.064,168.72,1273.784,1273.784,0.0,0.0,0.0,0.0,0.0,318.668,0.0,0.0,0.0,200.0,0.2,0.997,191.201,21.245,0.0,0.0,90.572,90.572,1.0,1.0,0.8,minimize_generator,full_grid,False,5000.0,0.0,5000,inf
2018-04-17,735.99,665.077,1401.067,1035.595,28.76,1064.355,1064.355,0.0,0.0,0.0,0.0,0.0,336.712,0.0,0.0,0.0,200.0,0.2,0.997,202.027,22.447,0.0,0.0,95.7,95.7,1.0,1.0,0.76,minimize_generator,full_grid,False,5000.0,0.0,5000,inf
2018-04-18,738.215,662.56,1400.775,1071.536,16.6,1088.136,1088.136,0.0,0.0,0.0,0.0,0.0,312.639,0.0,0.0,0.0,200.0,0.2,0.997,187.584,20.843,0.0,0.0,88.858,88.858,1.0,1.0,0.777,minimize_generator,full_grid,False,5000.0,0.0,5000,inf
2018-04-19,665.11,696.392,1361.502,1055.851,410.2,1466.051,1361.502,104.549,104.549,0.0,0.0,0.0,0.0,0.0,0.0,0.0,299.322,0.299,0.998,0.0,0.0,0.0,0.0,0.0,0.0,1.0,1.0,1.0,minimize_generator,full_grid,False,5000.0,0.0,5000,inf
2018-04-20,811.42,588.397,1399.817,1048.69,269.64,1318.33,1318.33,0.0,0.0,81.487,0.0,0.0,0.0,0.0,0.0,0.0,213.546,0.214,0.998,0.0,0.0,0.0,0.0,0.0,0.0,1.0,1.0,1.0,minimize_generator,full_grid,False,5000.0,0.0,5000,inf
2018-04-21,735.22,451.079,1186.299,918.578,74.84,993.418,993.418,0.0,0.0,12.869,0.0,0.0,180.012,0.0,0.0,0.0,200.0,0.2,0.998,108.007,12.001,0.0,0.0,51.163,51.163,1.0,1.0,0.848,minimize_generator,full_grid,False,5000.0,0.0,5000,inf
2018-04-22,738.39,334.647,1073.037,1052.256,527.6,1579.856,1073.037,506.819,506.819,0.0,0.0,0.0,0.0,0.0,0.0,0.0,681.478,0.681,0.999,0.0,0.0,0.0,0.0,0.0,0.0,1.0,1.0,1.0,minimize_generator,full_grid,False,5000.0,0.0,5000,inf
2018-04-23,812.54,348.361,1160.901,1152.445,125.84,1278.285,1160.901,117.384,117.384,0.0,0.0,0.0,0.0,0.0,0.0,0.0,792.993,0.793,0.999,0.0,0.0,0.0,0.0,0.0,0.0,1.0,1.0,1.0,minimize_generator,full_grid,False,5000.0,0.0,5000,inf
2018-04-24,732.235,272.74,1004.975,1126.359,246.16,1372.519,1004.975,367.544,7.376,0.0,0.0,360.168,0.0,0.0,0.0,0.0,800.0,0.8,0.999,0.0,0.0,0.0,0.0,0.0,0.0,1.0,0.738,1.0,minimize_generator,full_grid,False,5000.0,360.168,5000,inf
2018-04-25,735.045,154.361,889.406,910.434,406.6,1317.034,889.406,427.628,0.0,0.0,0.0,427.628,0.0,0.0,0.0,0.0,800.0,0.8,0.999,0.0,0.0,0.0,0.0,0.0,0.0,1.0,0.675,1.0,minimize_generator,full_grid,False,5000.0,787.796,5000,inf
2018-04-26,736.91,130.805,867.715,702.957,381.8,1084.757,867.715,217.042,0.0,0.0,0.0,217.042,0.0,0.0,0.0,0.0,800.0,0.8,0.999,0.0,0.0,0.0,0.0,0.0,0.0,1.0,0.8,1.0,minimize_generator,full_grid,False,5000.0,1004.838,5000,inf
2018-04-27,735.43,143.377,878.807,1047.085,300.84,1347.925,878.807,469.118,0.0,0.0,0.0,469.118,0.0,0.0,0.0,0.0,800.0,0.8,0.999,0.0,0.0,0.0,0.0,0.0,0.0,1.0,0.652,1.0,minimize_generator,full_grid,False,5000.0,1473.956,5000,inf
2018-04-28,816.07,92.63,908.7,1085.181,83.24,1168.421,908.7,259.721,0.0,0.0,0.0,259.721,0.0,0.0,0.0,0.0,800.0,0.8,0.999,0.0,0.0,0.0,0.0,0.0,0.0,1.0,0.778,1.0,minimize_generator,full_grid,False,5000.0,1733.677,5000,inf
2018-04-29,735.79,59.473,795.263,1058.775,30.76,1089.535,795.263,294.272,0.0,0.0,0.0,294.272,0.0,0.0,0.0,0.0,800.0,0.8,0.999,0.0,0.0,0.0,0.0,0.0,0.0,1.0,0.73,1.0,minimize_generator,full_grid,False,5000.0,2027.949,5000,inf
2018-04-30,737.295,35.115,772.41,736.914,38.2,775.114,772.41,2.704,0.0,0.0,0.0,2.704,0.0,0.0,0.0,0.0,800.0,0.8,0.999,0.0,0.0,0.0,0.0,0.0,0.0,1.0,0.997,1.0,minimize_generator,full_grid,False,5000.0,2030.653,5000,inf
2018-05-01,811.42,1182.605,1994.025,976.196,165.96,1142.156,1142.156,0.0,0.0,570.0,281.869,0.0,0.0,0.0,0.0,0.0,200.0,0.2,0.999,0.0,0.0,23.076,0.0,0.0,23.076,0.859,1.0,0.858,minimize_generator,full_grid,False,281.869,0.0,5000,inf
2018-05-02,735.43,1217.442,1952.872,1035.933,0.72,1036.653,1036.653,0.0,0.0,0.0,916.219,0.0,0.0,0.0,0.0,0.0,200.0,0.2,0.999,0.0,0.0,74.656,0.0,0.0,74.656,0.531,1.0,0.531,minimize_generator,full_grid,False,1198.088,0.0,5000,inf
2018-05-03,809.73,1189.493,1999.223,981.108,35.04,1016.148,1016.148,0.0,0.0,0.0,983.075,0.0,0.0,0.0,0.0,0.0,200.0,0.2,0.999,0.0,0.0,80.459,0.0,0.0,80.459,0.508,1.0,0.508,minimize_generator,full_grid,False,2181.163,0.0,5000,inf
2018-05-04,812.715,872.191,1684.906,558.152,45.04,603.192,603.192,0.0,0.0,0.0,1081.714,0.0,0.0,0.0,0.0,0.0,200.0,0.2,0.999,0.0,0.0,89.594,0.0,0.0,89.594,0.358,1.0,0.358,minimize_generator,full_grid,False,3262.876,0.0,5000,inf
2018-05-05,810.475,1198.44,2008.915,916.72,210.12,1126.84,1126.84,0.0,0.0,0.0,882.075,0.0,0.0,0.0,0.0,0.0,200.0,0.2,0.999,0.0,0.0,72.175,0.0,0.0,72.175,0.561,1.0,0.561,minimize_generator,full_grid,False,4144.951,0.0,5000,inf
2018-05-06,811.77,1039.088,1850.858,780.071,65.68,845.751,845.751,0.0,0.0,0.0,855.049,0.0,150.058,0.0,0.0,0.0,200.0,0.2,0.999,90.035,10.004,70.345,0.0,47.187,117.532,0.538,1.0,0.457,minimize_generator,full_grid,False,5000.0,0.0,5000,inf
2018-05-07,810.475,991.988,1802.463,648.153,461.08,1109.233,1109.233,0.0,0.0,0.0,0.0,0.0,693.23,0.0,0.0,0.0,200.0,0.2,0.999,282.646,24.0,0.0,0.0,148.135,148.135,1.0,1.0,0.615,minimize_generator,full_grid,False,5000.0,0.0,5000,inf
2018-05-08,736.165,1211.035,1947.2,1124.726,192.12,1316.846,1316.846,0.0,0.0,0.0,0.0,0.0,630.354,0.0,0.0,0.0,200.0,0.2,0.999,270.071,24.0,0.0,0.0,141.544,141.544,1.0,1.0,0.676,minimize_generator,full_grid,False,5000.0,0.0,5000,inf
2018-05-09,814.205,1016.342,1830.547,1063.364,64.4,1127.764,1127.764,0.0,0.0,0.0,0.0,0.0,702.783,0.0,0.0,0.0,200.0,0.2,0.999,284.557,24.0,0.0,0.0,149.136,149.136,1.0,1.0,0.616,minimize_generator,full_grid,False,5000.0,0.0,5000,inf
2018-05-10,890.405,993.473,1883.878,837.345,299.04,1136.385,1136.385,0.0,0.0,0.0,0.0,0.0,747.493,0.0,0.0,0.0,200.0,0.2,0.999,293.499,24.0,0.0,0.0,153.823,153.823,1.0,1.0,0.603,minimize_generator,full_grid,False,5000.0,0.0,5000,inf
2018-05-11,813.635,1082.298,1895.933,1025.97,329.12,1355.09,1355.09,0.0,0.0,0.0,0.0,0.0,540.843,0.0,0.0,0.0,200.0,0.2,0.999,252.169,24.0,0.0,0.0,132.162,132.162,1.0,1.0,0.715,minimize_generator,full_grid,False,5000.0,0.0,5000,inf
2018-05-12,814.765,891.889,1706.654,1162.827,400.76,1563.587,1563.587,0.0,0.0,0.0,0.0,0.0,143.067,0.0,0.0,0.0,200.0,0.2,0.999,85.84,9.538,0.0,0.0,44.989,44.989,1.0,1.0,0.916,minimize_generator,full_grid,False,5000.0,0.0,5000,inf
2018-05-13,816.805,811.655,1628.46,1095.631,264.96,1360.591,1360.591,0.0,0.0,0.0,0.0,0.0,267.869,0.0,0.0,0.0,200.0,0.2,0.999,160.722,17.858,0.0,0.0,84.234,84.234,1.0,1.0,0.836,minimize_generator,full_grid,False,5000.0,0.0,5000,inf
2018-05-14,809.73,834.517,1644.247,1148.488,284.44,1432.928,1432.928,0.0,0.0,0.0,0.0,0.0,211.319,0.0,0.0,0.0,200.0,0.2,0.999,126.791,14.088,0.0,0.0,66.451,66.451,1.0,1.0,0.871,minimize_generator,full_grid,False,5000.0,0.0,5000,inf
2018-05-15,891.7,759.337,1651.037,1167.509,264.04,1431.549,1431.549,0.0,0.0,0.0,0.0,0.0,219.488,0.0,0.0,0.0,200.0,0.2,0.999,131.693,14.633,0.0,0.0,69.02,69.02,1.0,1.0,0.867,minimize_generator,full_grid,False,5000.0,0.0,5000,inf
2018-05-16,815.71,675.369,1491.079,1067.137,165.04,1232.177,1232.177,0.0,0.0,0.0,0.0,0.0,258.902,0.0,0.0,0.0,200.0,0.2,0.999,155.341,17.26,0.0,0.0,81.414,81.414,1.0,1.0,0.826,minimize_generator,full_grid,False,5000.0,0.0,5000,inf
2018-05-17,891.91,650.119,1542.029,1132.304,114.92,1247.224,1247.224,0.0,0.0,0.0,0.0,0.0,294.805,0.0,0.0,0.0,200.0,0.2,0.999,176.883,19.654,0.0,0.0,92.704,92.704,1.0,1.0,0.809,minimize_generator,full_grid,False,5000.0,0.0,5000,inf
2018-05-18,812.9,567.281,1380.181,991.655,55.4,1047.055,1047.055,0.0,0.0,0.0,0.0,0.0,333.126,0.0,0.0,0.0,200.0,0.2,0.999,199.875,22.208,0.0,0.0,104.755,104.755,1.0,1.0,0.759,minimize_generator,full_grid,False,5000.0,0.0,5000,inf
2018-05-19,893.215,491.307,1384.522,1026.503,25.0,1051.503,1051.503,0.0,0.0,0.0,0.0,0.0,333.019,0.0,0.0,0.0,200.0,0.2,0.999,199.811,22.201,0.0,0.0,104.721,104.721,1.0,1.0,0.759,minimize_generator,full_grid,False,5000.0,0.0,5000,inf
2018-05-20,889.66,422.456,1312.116,1073.111,49.8,1122.911,1122.911,0.0,0.0,0.0,0.0,0.0,189.205,0.0,0.0,0.0,200.0,0.2,0.999,113.523,12.614,0.0,0.0,59.497,59.497,1.0,1.0,0.856,minimize_generator,full_grid,False,5000.0,0.0,5000,inf
2018-05-21,818.495,344.806,1163.301,1103.84,74.84,1178.68,1163.301,15.379,15.379,0.0,0.0,0.0,0.0,0.0,0.0,0.0,214.61,0.215,1.0,0.0,0.0,0.0,0.0,0.0,0.0,1.0,1.0,1.0,minimize_generator,full_grid,False,5000.0,0.0,5000,inf
2018-05-22,817.575,229.559,1047.134,864.774,38.68,903.454,903.454,0.0,0.0,13.88,0.0,0.0,129.8,0.0,0.0,0.0,200.0,0.2,1.0,77.88,8.653,0.0,0.0,40.817,40.817,1.0,1.0,0.876,minimize_generator,full_grid,False,5000.0,0.0,5000,inf
2018-05-23,816.07,184.46,1000.53,1064.634,120.76,1185.394,1000.53,184.864,184.864,0.0,0.0,0.0,0.0,0.0,0.0,0.0,375.621,0.376,1.0,0.0,0.0,0.0,0.0,0.0,0.0,1.0,1.0,1.0,minimize_generator,full_grid,False,5000.0,0.0,5000,inf
2018-05-24,892.27,167.101,1059.371,1083.897,293.6,1377.497,1059.371,318.126,318.126,0.0,0.0,0.0,0.0,0.0,0.0,0.0,677.841,0.678,1.0,0.0,0.0,0.0,0.0,0.0,0.0,1.0,1.0,1.0,minimize_generator,full_grid,False,5000.0,0.0,5000,inf
2018-05-25,817.935,82.724,900.659,712.209,86.84,799.049,799.049,0.0,0.0,101.61,0.0,0.0,0.0,0.0,0.0,0.0,570.883,0.571,1.0,0.0,0.0,0.0,0.0,0.0,0.0,1.0,1.0,1.0,minimize_generator,full_grid,False,5000.0,0.0,5000,inf
2018-05-26,810.29,142.267,952.557,986.436,15.24,1001.676,952.557,49.119,49.119,0.0,0.0,0.0,0.0,0.0,0.0,0.0,617.546,0.618,1.0,0.0,0.0,0.0,0.0,0.0,0.0,1.0,1.0,1.0,minimize_generator,full_grid,False,5000.0,0.0,5000,inf
2018-05-27,813.845,116.879,930.724,792.736,129.24,921.976,921.976,0.0,0.0,8.748,0.0,0.0,0.0,0.0,0.0,0.0,608.338,0.608,1.0,0.0,0.0,0.0,0.0,0.0,0.0,1.0,1.0,1.0,minimize_generator,full_grid,False,5000.0,0.0,5000,inf
2018-05-28,817.365,95.496,912.861,709.835,135.32,845.155,845.155,0.0,0.0,67.706,0.0,0.0,0.0,0.0,0.0,0.0,537.068,0.537,1.0,0.0,0.0,0.0,0.0,0.0,0.0,1.0,1.0,1.0,minimize_generator,full_grid,False,5000.0,0.0,5000,inf
2018-05-29,890.22,80.441,970.661,1100.523,366.76,1467.283,970.661,496.622,276.77,0.0,0.0,219.852,0.0,0.0,0.0,0.0,800.0,0.8,1.0,0.0,0.0,0.0,0.0,0.0,0.0,1.0,0.85,1.0,minimize_generator,full_grid,False,5000.0,219.852,5000,inf
2018-05-30,818.495,58.489,876.984,1117.74,342.8,1460.54,876.984,583.556,0.0,0.0,0.0,583.556,0.0,0.0,0.0,0.0,800.0,0.8,1.0,0.0,0.0,0.0,0.0,0.0,0.0,1.0,0.6,1.0,minimize_generator,full_grid,False,5000.0,803.408,5000,inf
2018-05-31,893.95,37.005,930.955,1143.725,227.2,1370.925,930.955,439.97,0.0,0.0,0.0,439.97,0.0,0.0,0.0,0.0,800.0,0.8,1.0,0.0,0.0,0.0,0.0,0.0,0.0,1.0,0.679,1.0,minimize_generator,full_grid,False,5000.0,1243.378,5000,inf
2018-06-01,811.77,798.696,1610.466,1137.318,106.0,1243.318,1243.318,0.0,0.0,367.148,0.0,0.0,0.0,0.0,0.0,0.0,413.528,0.414,1.0,0.0,0.0,0.0,0.0,0.0,0.0,1.0,1.0,1.0,minimize_generator,full_grid,False,0.0,0.0,5000,inf
2018-06-02,890.405,764.565,1654.97,1152.585,409.48,1562.065,1562.065,0.0,0.0,92.905,0.0,0.0,0.0,0.0,0.0,0.0,315.733,0.316,1.0,0.0,0.0,0.0,0.0,0.0,0.0,1.0,1.0,1.0,minimize_generator,full_grid,False,0.0,0.0,5000,inf
2018-06-03,812.715,776.593,1589.308,1165.02,330.84,1495.86,1495.86,0.0,0.0,93.448,0.0,0.0,0.0,0.0,0.0,0.0,217.367,0.217,1.0,0.0,0.0,0.0,0.0,0.0,0.0,1.0,1.0,1.0,minimize_generator,full_grid,False,0.0,0.0,5000,inf
2018-06-04,893.215,776.73,1669.945,1147.133,369.96,1517.093,1517.093,0.0,0.0,16.498,136.354,0.0,0.0,0.0,0.0,0.0,200.0,0.2,1.0,0.0,0.0,11.515,0.0,0.0,11.515,0.918,1.0,0.918,minimize_generator,full_grid,False,136.354,0.0,5000,inf
2018-06-05,890.22,790.351,1680.571,1179.553,223.4,1402.953,1402.953,0.0,0.0,0.0,277.618,0.0,0.0,0.0,0.0,0.0,200.0,0.2,1.0,0.0,0.0,23.426,0.0,0.0,23.426,0.835,1.0,0.835,minimize_generator,full_grid,False,413.972,0.0,5000,inf
2018-06-06,892.27,849.222,1741.492,1165.704,319.52,1485.224,1485.224,0.0,0.0,0.0,256.268,0.0,0.0,0.0,0.0,0.0,200.0,0.2,1.0,0.0,0.0,21.567,0.0,0.0,21.567,0.853,1.0,0.853,minimize_generator,full_grid,False,670.24,0.0,5000,inf
2018-06-07,817.19,868.546,1685.736,1135.9,236.72,1372.62,1372.62,0.0,0.0,0.0,313.116,0.0,0.0,0.0,0.0,0.0,200.0,0.2,1.0,0.0,0.0,26.241,0.0,0.0,26.241,0.814,1.0,0.814,minimize_generator,full_grid,False,983.356,0.0,5000,inf
2018-06-08,896.0,842.731,1738.731,1097.1,229.12,1326.22,1326.22,0.0,0.0,0.0,412.511,0.0,0.0,0.0,0.0,0.0,200.0,0.2,1.0,0.0,0.0,34.732,0.0,0.0,34.732,0.763,1.0,0.763,minimize_generator,full_grid,False,1395.867,0.0,5000,inf
2018-06-09,895.255,915.592,1810.847,1150.809,341.12,1491.929,1491.929,0.0,0.0,0.0,318.918,0.0,0.0,0.0,0.0,0.0,200.0,0.2,1.0,0.0,0.0,26.766,0.0,0.0,26.766,0.824,1.0,0.824,minimize_generator,full_grid,False,1714.784,0.0,5000,inf
2018-06-10,893.775,919.642,1813.417,1147.175,266.84,1414.015,1414.015,0.0,0.0,0.0,399.402,0.0,0.0,0.0,0.0,0.0,200.0,0.2,1.0,0.0,0.0,33.513,0.0,0.0,33.513,0.78,1.0,0.78,minimize_generator,full_grid,False,2114.187,0.0,5000,inf
2018-06-11,891.35,801.425,1692.775,1132.515,211.04,1343.555,1343.555,0.0,0.0,0.0,349.22,0.0,0.0,0.0,0.0,0.0,200.0,0.2,1.0,0.0,0.0,29.453,0.0,0.0,29.453,0.794,1.0,0.794,minimize_generator,full_grid,False,2463.406,0.0,5000,inf
2018-06-12,894.135,707.335,1601.47,1096.474,221.52,1317.994,1317.994,0.0,0.0,0.0,283.476,0.0,0.0,0.0,0.0,0.0,200.0,0.2,1.0,0.0,0.0,24.024,0.0,0.0,24.024,0.823,1.0,0.823,minimize_generator,full_grid,False,2746.883,0.0,5000,inf
2018-06-13,818.88,652.564,1471.444,1122.298,297.2,1419.498,1419.498,0.0,0.0,0.0,51.946,0.0,0.0,0.0,0.0,0.0,200.0,0.2,1.0,0.0,0.0,4.401,0.0,0.0,4.401,0.965,1.0,0.965,minimize_generator,full_grid,False,2798.829,0.0,5000,inf
2018-06-14,895.43,584.673,1480.103,1083.719,4.4,1088.119,1088.119,0.0,0.0,0.0,391.984,0.0,0.0,0.0,0.0,0.0,200.0,0.2,1.0,0.0,0.0,33.453,0.0,0.0,33.453,0.735,1.0,0.735,minimize_generator,full_grid,False,3190.813,0.0,5000,inf
2018-06-15,898.6,635.197,1533.797,1147.315,32.84,1180.155,1180.155,0.0,0.0,0.0,353.642,0.0,0.0,0.0,0.0,0.0,200.0,0.2,1.0,0.0,0.0,30.095,0.0,0.0,30.095,0.769,1.0,0.769,minimize_generator,full_grid,False,3544.455,0.0,5000,inf
2018-06-16,896.56,634.915,1531.475,1128.426,34.6,1163.026,1163.026,0.0,0.0,0.0,368.449,0.0,0.0,0.0,0.0,0.0,200.0,0.2,1.0,0.0,0.0,31.353,0.0,0.0,31.353,0.759,1.0,0.759,minimize_generator,full_grid,False,3912.904,0.0,5000,inf
2018-06-17,890.045,612.84,1502.885,1093.884,193.04,1286.924,1286.924,0.0,0.0,0.0,215.961,0.0,0.0,0.0,0.0,0.0,200.0,0.2,1.0,0.0,0.0,18.396,0.0,0.0,18.396,0.856,1.0,0.856,minimize_generator,full_grid,False,4128.866,0.0,5000,inf
2018-06-18,894.31,596.038,1490.348,1074.777,395.52,1470.297,1470.297,0.0,0.0,0.0,20.051,0.0,0.0,0.0,0.0,0.0,200.0,0.2,1.0,0.0,0.0,1.71,0.0,0.0,1.71,0.987,1.0,0.987,minimize_generator,full_grid,False,4148.917,0.0,5000,inf
2018-06-19,817.75,584.141,1401.891,1122.78,286.28,1409.06,1401.891,7.169,7.169,0.0,0.0,0.0,0.0,0.0,0.0,0.0,206.81,0.207,1.0,0.0,0.0,0.0,0.0,0.0,0.0,1.0,1.0,1.0,minimize_generator,full_grid,False,4148.917,0.0,5000,inf
2018-06-20,895.43,591.139,1486.569,1161.537,413.08,1574.617,1486.569,88.048,88.048,0.0,0.0,0.0,0.0,0.0,0.0,0.0,290.456,0.29,1.0,0.0,0.0,0.0,0.0,0.0,0.0,1.0,1.0,1.0,minimize_generator,full_grid,False,4148.917,0.0,5000,inf
2018-06-21,895.08,603.635,1498.715,1091.357,361.08,1452.437,1452.437,0.0,0.0,46.278,0.0,0.0,0.0,0.0,0.0,0.0,241.743,0.242,1.0,0.0,0.0,0.0,0.0,0.0,0.0,1.0,1.0,1.0,minimize_generator,full_grid,False,4148.917,0.0,5000,inf
2018-06-22,815.885,508.141,1324.026,1099.949,102.0,1201.949,1201.949,0.0,0.0,39.656,82.421,0.0,0.0,0.0,0.0,0.0,200.0,0.2,1.0,0.0,0.0,7.046,0.0,0.0,7.046,0.938,1.0,0.938,minimize_generator,full_grid,False,4231.338,0.0,5000,inf
2018-06-23,818.67,497.563,1316.233,1112.65,330.84,1443.49,1316.233,127.257,127.257,0.0,0.0,0.0,0.0,0.0,0.0,0.0,320.894,0.321,1.0,0.0,0.0,0.0,0.0,0.0,0.0,1.0,1.0,1.0,minimize_generator,full_grid,False,4231.338,0.0,5000,inf
2018-06-24,892.645,511.558,1404.203,1142.367,453.92,1596.287,1404.203,192.084,192.084,0.0,0.0,0.0,0.0,0.0,0.0,0.0,503.374,0.503,1.0,0.0,0.0,0.0,0.0,0.0,0.0,1.0,1.0,1.0,minimize_generator,full_grid,False,4231.338,0.0,5000,inf
2018-06-25,892.83,482.989,1375.819,1146.362,461.68,1608.042,1375.819,232.223,232.223,0.0,0.0,0.0,0.0,0.0,0.0,0.0,723.986,0.724,1.0,0.0,0.0,0.0,0.0,0.0,0.0,1.0,1.0,1.0,minimize_generator,full_grid,False,4231.338,0.0,5000,inf
2018-06-26,818.88,406.552,1225.432,1158.17,278.0,1436.17,1225.432,210.738,80.015,0.0,0.0,130.724,0.0,0.0,0.0,0.0,800.0,0.8,1.0,0.0,0.0,0.0,0.0,0.0,0.0,1.0,0.909,1.0,minimize_generator,full_grid,False,4231.338,130.724,5000,inf
2018-06-27,895.64,409.607,1305.247,1168.981,221.52,1390.501,1305.247,85.254,0.0,0.0,0.0,85.254,0.0,0.0,0.0,0.0,800.0,0.8,1.0,0.0,0.0,0.0,0.0,0.0,0.0,1.0,0.939,1.0,minimize_generator,full_grid,False,4231.338,215.978,5000,inf
2018-06-28,895.08,324.141,1219.221,1148.994,398.52,1547.514,1219.221,328.293,0.0,0.0,0.0,328.293,0.0,0.0,0.0,0.0,800.0,0.8,1.0,0.0,0.0,0.0,0.0,0.0,0.0,1.0,0.788,1.0,minimize_generator,full_grid,False,4231.338,544.271,5000,inf
2018-06-29,893.565,91.805,985.37,1134.474,491.12,1625.594,985.37,640.224,0.0,0.0,0.0,640.224,0.0,0.0,0.0,0.0,800.0,0.8,1.0,0.0,0.0,0.0,0.0,0.0,0.0,1.0,0.606,1.0,minimize_generator,full_grid,False,4231.338,1184.495,5000,inf
2018-06-30,891.525,13.575,905.1,1153.631,462.84,1616.471,905.1,711.371,0.0,0.0,0.0,711.371,0.0,0.0,0.0,0.0,800.0,0.8,1.0,0.0,0.0,0.0,0.0,0.0,0.0,1.0,0.56,1.0,minimize_generator,full_grid,False,4231.338,1895.866,5000,inf
2018-07-01,898.425,13.516,911.941,1090.769,417.28,1508.049,911.941,596.108,0.0,0.0,0.0,596.108,0.0,0.0,0.0,0.0,800.0,0.8,1.0,0.0,0.0,0.0,0.0,0.0,0.0,1.0,0.605,1.0,minimize_generator,full_grid,False,0.0,596.108,5000,inf
2018-07-02,900.675,16.545,917.22,1047.019,456.92,1503.939,917.22,586.719,0.0,0.0,0.0,586.719,0.0,0.0,0.0,0.0,800.0,0.8,1.0,0.0,0.0,0.0,0.0,0.0,0.0,1.0,0.61,1.0,minimize_generator,full_grid,False,0.0,1182.827,5000,inf
2018-07-03,892.83,23.037,915.867,1073.145,493.04,1566.185,915.867,650.318,0.0,0.0,0.0,650.318,0.0,0.0,0.0,0.0,800.0,0.8,1.0,0.0,0.0,0.0,0.0,0.0,0.0,1.0,0.585,1.0,minimize_generator,full_grid,False,0.0,1833.146,5000,inf
2018-07-04,892.445,39.835,932.28,1110.506,461.08,1571.586,932.28,639.306,0.0,0.0,0.0,639.306,0.0,0.0,0.0,0.0,800.0,0.8,1.0,0.0,0.0,0.0,0.0,0.0,0.0,1.0,0.593,1.0,minimize_generator,full_grid,False,0.0,2472.452,5000,inf
2018-07-05,896.56,36.457,933.017,1136.245,387.96,1524.205,933.017,591.188,0.0,0.0,0.0,591.188,0.0,0.0,0.0,0.0,800.0,0.8,1.0,0.0,0.0,0.0,0.0,0.0,0.0,1.0,0.612,1.0,minimize_generator,full_grid,False,0.0,3063.64,5000,inf
2018-07-06,893.565,36.597,930.162,1160.766,221.52,1382.286,930.162,452.124,0.0,0.0,0.0,452.124,0.0,0.0,0.0,0.0,800.0,0.8,1.0,0.0,0.0,0.0,0.0,0.0,0.0,1.0,0.673,1.0,minimize_generator,full_grid,False,0.0,3515.764,5000,inf
2018-07-07,894.31,37.855,932.165,1146.297,185.52,1331.817,932.165,399.652,0.0,0.0,0.0,399.652,0.0,0.0,0.0,0.0,800.0,0.8,1.0,0.0,0.0,0.0,0.0,0.0,0.0,1.0,0.7,1.0,minimize_generator,full_grid,False,0.0,3915.416,5000,inf
2018-07-08,897.68,39.789,937.469,1133.884,67.6,1201.484,937.469,264.015,0.0,0.0,0.0,264.015,0.0,0.0,0.0,0.0,800.0,0.8,1.0,0.0,0.0,0.0,0.0,0.0,0.0,1.0,0.78,1.0,minimize_generator,full_grid,False,0.0,4179.431,5000,inf
2018-07-09,817.19,39.936,857.126,1123.402,278.0,1401.402,857.126,544.276,0.0,0.0,0.0,544.276,0.0,0.0,0.0,0.0,800.0,0.8,1.0,0.0,0.0,0.0,0.0,0.0,0.0,1.0,0.612,1.0,minimize_generator,full_grid,False,0.0,4723.706,5000,inf
2018-07-10,899.905,39.028,938.933,1131.981,449.64,1581.621,938.933,642.688,0.0,0.0,0.0,642.688,0.0,0.0,0.0,0.0,800.0,0.8,1.0,0.0,0.0,0.0,0.0,0.0,0.0,1.0,0.594,1.0,minimize_generator,full_grid,False,0.0,5366.395,5000,inf
2018-07-11,895.255,36.924,932.179,1140.827,438.24,1579.067,932.179,646.888,0.0,0.0,0.0,646.888,0.0,0.0,0.0,0.0,800.0,0.8,1.0,0.0,0.0,0.0,0.0,0.0,0.0,1.0,0.59,1.0,minimize_generator,full_grid,False,0.0,6013.283,5000,inf
2018-07-12,893.565,35.209,928.774,1139.466,426.96,1566.426,928.774,637.652,0.0,0.0,0.0,637.652,0.0,0.0,0.0,0.0,800.0,0.8,1.0,0.0,0.0,0.0,0.0,0.0,0.0,1.0,0.593,1.0,minimize_generator,full_grid,False,0.0,6650.935,5000,inf
2018-07-13,894.695,34.111,928.806,1171.5,372.36,1543.86,928.806,615.054,0.0,0.0,0.0,615.054,0.0,0.0,0.0,0.0,800.0,0.8,1.0,0.0,0.0,0.0,0.0,0.0,0.0,1.0,0.602,1.0,minimize_generator,full_grid,False,0.0,7265.989,5000,inf
2018-07-14,895.08,34.904,929.984,1115.701,151.32,1267.021,929.984,337.037,0.0,0.0,0.0,337.037,0.0,0.0,0.0,0.0,800.0,0.8,1.0,0.0,0.0,0.0,0.0,0.0,0.0,1.0,0.734,1.0,minimize_generator,full_grid,False,0.0,7603.026,5000,inf
2018-07-15,818.135,35.822,853.957,1114.294,42.52,1156.814,853.957,302.857,0.0,0.0,0.0,302.857,0.0,0.0,0.0,0.0,800.0,0.8,1.0,0.0,0.0,0.0,0.0,0.0,0.0,1.0,0.738,1.0,minimize_generator,full_grid,False,0.0,7905.884,5000,inf
2018-07-16,900.675,36.288,936.963,1107.122,66.32,1173.442,936.963,236.479,0.0,0.0,0.0,236.479,0.0,0.0,0.0,0.0,800.0,0.8,1.0,0.0,0.0,0.0,0.0,0.0,0.0,1.0,0.798,1.0,minimize_generator,full_grid,False,0.0,8142.363,5000,inf
2018-07-17,895.255,36.616,931.871,1079.632,256.56,1336.192,931.871,404.321,0.0,0.0,0.0,404.321,0.0,0.0,0.0,0.0,800.0,0.8,1.0,0.0,0.0,0.0,0.0,0.0,0.0,1.0,0.697,1.0,minimize_generator,full_grid,False,0.0,8546.684,5000,inf
2018-07-18,896.735,36.805,933.54,1095.233,206.32,1301.553,933.54,368.013,0.0,0.0,0.0,368.013,0.0,0.0,0.0,0.0,800.0,0.8,1.0,0.0,0.0,0.0,0.0,0.0,0.0,1.0,0.717,1.0,minimize_generator,full_grid,False,0.0,8914.697,5000,inf
2018-07-19,898.6,37.347,935.947,1103.495,54.24,1157.735,935.947,221.788,0.0,0.0,0.0,221.788,0.0,0.0,0.0,0.0,800.0,0.8,1.0,0.0,0.0,0.0,0.0,0.0,0.0,1.0,0.808,1.0,minimize_generator,full_grid,False,0.0,9136.485,5000,inf
2018-07-20,891.35,36.966,928.316,1041.616,336.88,1378.496,928.316,450.18,0.0,0.0,0.0,450.18,0.0,0.0,0.0,0.0,800.0,0.8,1.0,0.0,0.0,0.0,0.0,0.0,0.0,1.0,0.673,1.0,minimize_generator,full_grid,False,0.0,9586.665,5000,inf
2018-07-21,896.945,36.33,933.275,1126.303,358.64,1484.943,933.275,551.668,0.0,0.0,0.0,551.668,0.0,0.0,0.0,0.0,800.0,0.8,1.0,0.0,0.0,0.0,0.0,0.0,0.0,1.0,0.628,1.0,minimize_generator,full_grid,False,0.0,10138.333,5000,inf
2018-07-22,894.135,34.708,928.843,1138.644,347.04,1485.684,928.843,556.841,0.0,0.0,0.0,556.841,0.0,0.0,0.0,0.0,800.0,0.8,1.0,0.0,0.0,0.0,0.0,0.0,0.0,1.0,0.625,1.0,minimize_generator,full_grid,False,0.0,10695.174,5000,inf
2018-07-23,898.24,34.187,932.427,1107.71,225.32,1333.03,932.427,400.603,0.0,0.0,0.0,400.603,0.0,0.0,0.0,0.0,800.0,0.8,1.0,0.0,0.0,0.0,0.0,0.0,0.0,1.0,0.699,1.0,minimize_generator,full_grid,False,0.0,11095.777,5000,inf
2018-07-24,816.445,16.232,832.677,1096.584,99.68,1196.264,832.677,363.587,0.0,0.0,0.0,363.587,0.0,0.0,0.0,0.0,800.0,0.8,1.0,0.0,0.0,0.0,0.0,0.0,0.0,1.0,0.696,1.0,minimize_generator,full_grid,False,0.0,11459.363,5000,inf
2018-07-25,894.51,11.191,905.701,1059.665,6.28,1065.945,905.701,160.244,0.0,0.0,0.0,160.244,0.0,0.0,0.0,0.0,800.0,0.8,1.0,0.0,0.0,0.0,0.0,0.0,0.0,1.0,0.85,1.0,minimize_generator,full_grid,False,0.0,11619.608,5000,inf
2018-07-26,892.645,12.212,904.857,996.656,237.68,1234.336,904.857,329.479,0.0,0.0,0.0,329.479,0.0,0.0,0.0,0.0,800.0,0.8,1.0,0.0,0.0,0.0,0.0,0.0,0.0,1.0,0.733,1.0,minimize_generator,full_grid,False,0.0,11949.087,5000,inf
2018-07-27,896.56,12.426,908.986,1066.473,327.4,1393.873,908.986,484.887,0.0,0.0,0.0,484.887,0.0,0.0,0.0,0.0,800.0,0.8,1.0,0.0,0.0,0.0,0.0,0.0,0.0,1.0,0.652,1.0,minimize_generator,full_grid,False,0.0,12433.974,5000,inf
2018-07-28,896.56,12.26,908.82,1123.907,441.44,1565.347,908.82,656.527,0.0,0.0,0.0,656.527,0.0,0.0,0.0,0.0,800.0,0.8,1.0,0.0,0.0,0.0,0.0,0.0,0.0,1.0,0.581,1.0,minimize_generator,full_grid,False,0.0,13090.501,5000,inf
2018-07-29,892.085,12.26,904.345,1140.17,346.2,1486.37,904.345,582.025,0.0,0.0,0.0,582.025,0.0,0.0,0.0,0.0,800.0,0.8,1.0,0.0,0.0,0.0,0.0,0.0,0.0,1.0,0.608,1.0,minimize_generator,full_grid,False,0.0,13672.526,5000,inf
2018-07-30,892.085,10.644,902.729,1104.455,125.84,1230.295,902.729,327.566,0.0,0.0,0.0,327.566,0.0,0.0,0.0,0.0,800.0,0.8,1.0,0.0,0.0,0.0,0.0,0.0,0.0,1.0,0.734,1.0,minimize_generator,full_grid,False,0.0,14000.092,5000,inf
2018-07-31,894.135,10.287,904.422,1097.351,95.8,1193.151,904.422,288.729,0.0,0.0,0.0,288.729,0.0,0.0,0.0,0.0,800.0,0.8,1.0,0.0,0.0,0.0,0.0,0.0,0.0,1.0,0.758,1.0,minimize_generator,full_grid,False,0.0,14288.821,5000,inf
2018-08-01,891.14,11.082,902.222,1083.192,207.24,1290.432,902.222,388.21,0.0,0.0,0.0,388.21,0.0,0.0,0.0,0.0,800.0,0.8,1.0,0.0,0.0,0.0,0.0,0.0,0.0,1.0,0.699,1.0,minimize_generator,full_grid,False,0.0,388.21,5000,inf
2018-08-02,897.505,11.105,908.61,1091.01,391.76,1482.77,908.61,574.16,0.0,0.0,0.0,574.16,0.0,0.0,0.0,0.0,800.0,0.8,1.0,0.0,0.0,0.0,0.0,0.0,0.0,1.0,0.613,1.0,minimize_generator,full_grid,False,0.0,962.371,5000,inf
2018-08-03,893.005,10.757,903.762,1080.005,275.2,1355.205,903.762,451.443,0.0,0.0,0.0,451.443,0.0,0.0,0.0,0.0,800.0,0.8,1.0,0.0,0.0,0.0,0.0,0.0,0.0,1.0,0.667,1.0,minimize_generator,full_grid,False,0.0,1413.813,5000,inf
2018-08-04,812.715,10.41,823.125,1090.14,269.64,1359.78,823.125,536.655,0.0,0.0,0.0,536.655,0.0,0.0,0.0,0.0,800.0,0.8,1.0,0.0,0.0,0.0,0.0,0.0,0.0,1.0,0.605,1.0,minimize_generator,full_grid,False,0.0,1950.469,5000,inf
2018-08-05,892.645,10.387,903.032,1077.444,268.72,1346.164,903.032,443.132,0.0,0.0,0.0,443.132,0.0,0.0,0.0,0.0,800.0,0.8,1.0,0.0,0.0,0.0,0.0,0.0,0.0,1.0,0.671,1.0,minimize_generator,full_grid,False,0.0,2393.601,5000,inf
2018-08-06,890.22,11.128,901.348,1085.266,387.96,1473.226,901.348,571.878,0.0,0.0,0.0,571.878,0.0,0.0,0.0,0.0,800.0,0.8,1.0,0.0,0.0,0.0,0.0,0.0,0.0,1.0,0.612,1.0,minimize_generator,full_grid,False,0.0,2965.479,5000,inf
2018-08-07,817.19,10.527,827.717,1078.696,387.96,1466.656,827.717,638.939,0.0,0.0,0.0,638.939,0.0,0.0,0.0,0.0,800.0,0.8,1.0,0.0,0.0,0.0,0.0,0.0,0.0,1.0,0.564,1.0,minimize_generator,full_grid,False,0.0,3604.418,5000,inf
2018-08-08,818.495,10.133,828.628,1082.552,402.96,1485.512,828.628,656.884,0.0,0.0,0.0,656.884,0.0,0.0,0.0,0.0,800.0,0.8,1.0,0.0,0.0,0.0,0.0,0.0,0.0,1.0,0.558,1.0,minimize_generator,full_grid,False,0.0,4261.302,5000,inf
2018-08-09,894.135,9.069,903.204,1072.849,193.04,1265.889,903.204,362.685,0.0,0.0,0.0,362.685,0.0,0.0,0.0,0.0,800.0,0.8,1.0,0.0,0.0,0.0,0.0,0.0,0.0,1.0,0.713,1.0,minimize_generator,full_grid,False,0.0,4623.987,5000,inf
2018-08-10,898.425,8.906,907.331,1053.851,117.4,1171.251,907.331,263.92,0.0,0.0,0.0,263.92,0.0,0.0,0.0,0.0,800.0,0.8,1.0,0.0,0.0,0.0,0.0,0.0,0.0,1.0,0.775,1.0,minimize_generator,full_grid,False,0.0,4887.907,5000,inf
2018-08-11,894.51,9.392,903.902,1047.906,250.88,1298.786,903.902,394.884,0.0,0.0,0.0,394.884,0.0,0.0,0.0,0.0,800.0,0.8,1.0,0.0,0.0,0.0,0.0,0.0,0.0,1.0,0.696,1.0,minimize_generator,full_grid,False,0.0,5282.791,5000,inf
2018-08-12,890.965,9.835,900.8,1040.929,365.96,1406.889,900.8,506.089,0.0,0.0,0.0,506.089,0.0,0.0,0.0,0.0,800.0,0.8,1.0,0.0,0.0,0.0,0.0,0.0,0.0,1.0,0.64,1.0,minimize_generator,full_grid,False,0.0,5788.881,5000,inf
2018-08-13,894.87,0.675,895.545,1070.992,397.76,1468.752,895.545,573.207,0.0,0.0,0.0,573.207,0.0,0.0,0.0,0.0,800.0,0.8,1.0,0.0,0.0,0.0,0.0,0.0,0.0,1.0,0.61,1.0,minimize_generator,full_grid,False,0.0,6362.088,5000,inf
2018-08-14,891.35,0.0,891.35,1073.818,385.68,1459.498,891.35,568.148,0.0,0.0,0.0,568.148,0.0,0.0,0.0,0.0,800.0,0.8,1.0,0.0,0.0,0.0,0.0,0.0,0.0,1.0,0.611,1.0,minimize_generator,full_grid,False,0.0,6930.236,5000,inf
2018-08-15,890.22,0.0,890.22,1095.952,254.68,1350.632,890.22,460.412,0.0,0.0,0.0,460.412,0.0,0.0,0.0,0.0,800.0,0.8,1.0,0.0,0.0,0.0,0.0,0.0,0.0,1.0,0.659,1.0,minimize_generator,full_grid,False,0.0,7390.647,5000,inf
2018-08-16,817.75,0.0,817.75,1091.023,268.72,1359.743,817.75,541.993,0.0,0.0,0.0,541.993,0.0,0.0,0.0,0.0,800.0,0.8,1.0,0.0,0.0,0.0,0.0,0.0,0.0,1.0,0.601,1.0,minimize_generator,full_grid,False,0.0,7932.64,5000,inf
2018-08-17,815.325,0.0,815.325,1070.511,325.64,1396.151,815.325,580.826,0.0,0.0,0.0,580.826,0.0,0.0,0.0,0.0,800.0,0.8,1.0,0.0,0.0,0.0,0.0,0.0,0.0,1.0,0.584,1.0,minimize_generator,full_grid,False,0.0,8513.467,5000,inf
2018-08-18,890.965,0.0,890.965,1054.035,347.04,1401.075,890.965,510.11,0.0,0.0,0.0,510.11,0.0,0.0,0.0,0.0,800.0,0.8,1.0,0.0,0.0,0.0,0.0,0.0,0.0,1.0,0.636,1.0,minimize_generator,full_grid,False,0.0,9023.577,5000,inf
2018-08-19,892.83,0.0,892.83,1051.612,341.96,1393.572,892.83,500.742,0.0,0.0,0.0,500.742,0.0,0.0,0.0,0.0,800.0,0.8,1.0,0.0,0.0,0.0,0.0,0.0,0.0,1.0,0.641,1.0,minimize_generator,full_grid,False,0.0,9524.319,5000,inf
2018-08-20,891.7,0.0,891.7,1028.117,227.2,1255.317,891.7,363.617,0.0,0.0,0.0,363.617,0.0,0.0,0.0,0.0,800.0,0.8,1.0,0.0,0.0,0.0,0.0,0.0,0.0,1.0,0.71,1.0,minimize_generator,full_grid,False,0.0,9887.936,5000,inf
2018-08-21,890.22,0.0,890.22,1027.428,283.52,1310.948,890.22,420.728,0.0,0.0,0.0,420.728,0.0,0.0,0.0,0.0,800.0,0.8,1.0,0.0,0.0,0.0,0.0,0.0,0.0,1.0,0.679,1.0,minimize_generator,full_grid,False,0.0,10308.664,5000,inf
2018-08-22,817.575,0.0,817.575,1026.531,394.8,1421.331,817.575,603.756,0.0,0.0,0.0,603.756,0.0,0.0,0.0,0.0,800.0,0.8,1.0,0.0,0.0,0.0,0.0,0.0,0.0,1.0,0.575,1.0,minimize_generator,full_grid,False,0.0,10912.42,5000,inf
2018-08-23,893.775,0.0,893.775,1018.105,334.28,1352.385,893.775,458.61,0.0,0.0,0.0,458.61,0.0,0.0,0.0,0.0,800.0,0.8,1.0,0.0,0.0,0.0,0.0,0.0,0.0,1.0,0.661,1.0,minimize_generator,full_grid,False,0.0,11371.03,5000,inf
2018-08-24,815.71,0.0,815.71,1007.084,167.8,1174.884,815.71,359.174,0.0,0.0,0.0,359.174,0.0,0.0,0.0,0.0,800.0,0.8,1.0,0.0,0.0,0.0,0.0,0.0,0.0,1.0,0.694,1.0,minimize_generator,full_grid,False,0.0,11730.204,5000,inf
2018-08-25,893.95,0.0,893.95,1001.572,336.0,1337.572,893.95,443.622,0.0,0.0,0.0,443.622,0.0,0.0,0.0,0.0,800.0,0.8,1.0,0.0,0.0,0.0,0.0,0.0,0.0,1.0,0.668,1.0,minimize_generator,full_grid,False,0.0,12173.826,5000,inf
2018-08-26,816.445,0.0,816.445,1020.29,414.48,1434.77,816.445,618.325,0.0,0.0,0.0,618.325,0.0,0.0,0.0,0.0,800.0,0.8,1.0,0.0,0.0,0.0,0.0,0.0,0.0,1.0,0.569,1.0,minimize_generator,full_grid,False,0.0,12792.15,5000,inf
2018-08-27,817.19,0.0,817.19,1013.427,378.68,1392.107,817.19,574.917,0.0,0.0,0.0,574.917,0.0,0.0,0.0,0.0,800.0,0.8,1.0,0.0,0.0,0.0,0.0,0.0,0.0,1.0,0.587,1.0,minimize_generator,full_grid,False,0.0,13367.067,5000,inf
2018-08-28,814.405,0.0,814.405,1006.102,351.2,1357.302,814.405,542.897,0.0,0.0,0.0,542.897,0.0,0.0,0.0,0.0,800.0,0.8,1.0,0.0,0.0,0.0,0.0,0.0,0.0,1.0,0.6,1.0,minimize_generator,full_grid,False,0.0,13909.964,5000,inf
2018-08-29,817.75,0.0,817.75,988.267,348.72,1336.987,817.75,519.237,0.0,0.0,0.0,519.237,0.0,0.0,0.0,0.0,800.0,0.8,1.0,0.0,0.0,0.0,0.0,0.0,0.0,1.0,0.612,1.0,minimize_generator,full_grid,False,0.0,14429.201,5000,inf
2018-08-30,893.565,0.0,893.565,932.717,341.96,1274.677,893.565,381.112,0.0,0.0,0.0,381.112,0.0,0.0,0.0,0.0,800.0,0.8,1.0,0.0,0.0,0.0,0.0,0.0,0.0,1.0,0.701,1.0,minimize_generator,full_grid,False,0.0,14810.314,5000,inf
2018-08-31,891.7,0.0,891.7,903.435,502.32,1405.755,891.7,514.055,0.0,0.0,0.0,514.055,0.0,0.0,0.0,0.0,800.0,0.8,1.0,0.0,0.0,0.0,0.0,0.0,0.0,1.0,0.634,1.0,minimize_generator,full_grid,False,0.0,15324.369,5000,inf
2018-09-01,893.215,412.491,1305.706,888.861,473.56,1362.421,1305.706,56.715,0.0,0.0,0.0,56.715,0.0,0.0,0.0,0.0,800.0,0.8,1.0,0.0,0.0,0.0,0.0,0.0,0.0,1.0,0.958,1.0,minimize_generator,full_grid,False,0.0,56.715,5000,inf
2018-09-02,891.35,374.831,1266.181,875.104,469.12,1344.224,1266.181,78.043,0.0,0.0,0.0,78.043,0.0,0.0,0.0,0.0,800.0,0.8,1.0,0.0,0.0,0.0,0.0,0.0,0.0,1.0,0.942,1.0,minimize_generator,full_grid,False,0.0,134.758,5000,inf
2018-09-03,814.405,377.567,1191.972,936.615,428.96,1365.575,1191.972,173.603,0.0,0.0,0.0,173.603,0.0,0.0,0.0,0.0,800.0,0.8,1.0,0.0,0.0,0.0,0.0,0.0,0.0,1.0,0.873,1.0,minimize_generator,full_grid,False,0.0,308.361,5000,inf
2018-09-04,817.015,383.951,1200.966,927.757,299.04,1226.797,1200.966,25.831,0.0,0.0,0.0,25.831,0.0,0.0,0.0,0.0,800.0,0.8,1.0,0.0,0.0,0.0,0.0,0.0,0.0,1.0,0.979,1.0,minimize_generator,full_grid,False,0.0,334.191,5000,inf
2018-09-05,815.15,346.558,1161.708,892.151,187.4,1079.551,1079.551,0.0,0.0,82.157,0.0,0.0,0.0,0.0,0.0,0.0,713.519,0.714,1.0,0.0,0.0,0.0,0.0,0.0,0.0,1.0,1.0,1.0,minimize_generator,full_grid,False,0.0,334.191,5000,inf
2018-09-06,893.39,355.678,1249.068,886.802,407.32,1294.122,1249.068,45.054,45.054,0.0,0.0,0.0,0.0,0.0,0.0,0.0,756.321,0.756,1.0,0.0,0.0,0.0,0.0,0.0,0.0,1.0,1.0,1.0,minimize_generator,full_grid,False,0.0,334.191,5000,inf
2018-09-07,813.075,347.47,1160.545,931.353,470.24,1401.593,1160.545,241.048,45.978,0.0,0.0,195.07,0.0,0.0,0.0,0.0,800.0,0.8,1.0,0.0,0.0,0.0,0.0,0.0,0.0,1.0,0.861,1.0,minimize_generator,full_grid,False,0.0,529.261,5000,inf
2018-09-08,891.14,377.567,1268.707,999.013,393.28,1392.293,1268.707,123.586,0.0,0.0,0.0,123.586,0.0,0.0,0.0,0.0,800.0,0.8,1.0,0.0,0.0,0.0,0.0,0.0,0.0,1.0,0.911,1.0,minimize_generator,full_grid,False,0.0,652.847,5000,inf
2018-09-09,890.965,371.182,1262.147,983.986,379.44,1363.426,1262.147,101.279,0.0,0.0,0.0,101.279,0.0,0.0,0.0,0.0,800.0,0.8,1.0,0.0,0.0,0.0,0.0,0.0,0.0,1.0,0.926,1.0,minimize_generator,full_grid,False,0.0,754.126,5000,inf
2018-09-10,894.135,350.207,1244.342,975.72,332.56,1308.28,1244.342,63.938,0.0,0.0,0.0,63.938,0.0,0.0,0.0,0.0,800.0,0.8,1.0,0.0,0.0,0.0,0.0,0.0,0.0,1.0,0.951,1.0,minimize_generator,full_grid,False,0.0,818.064,5000,inf
2018-09-11,814.94,345.646,1160.586,968.577,285.36,1253.937,1160.586,93.351,0.0,0.0,0.0,93.351,0.0,0.0,0.0,0.0,800.0,0.8,1.0,0.0,0.0,0.0,0.0,0.0,0.0,1.0,0.926,1.0,minimize_generator,full_grid,False,0.0,911.415,5000,inf
2018-09-12,818.88,372.897,1191.777,892.704,332.56,1225.264,1191.777,33.487,0.0,0.0,0.0,33.487,0.0,0.0,0.0,0.0,800.0,0.8,1.0,0.0,0.0,0.0,0.0,0.0,0.0,1.0,0.973,1.0,minimize_generator,full_grid,False,0.0,944.903,5000,inf
2018-09-13,895.08,380.917,1275.997,815.386,469.68,1285.066,1275.997,9.069,0.0,0.0,0.0,9.069,0.0,0.0,0.0,0.0,800.0,0.8,1.0,0.0,0.0,0.0,0.0,0.0,0.0,1.0,0.993,1.0,minimize_generator,full_grid,False,0.0,953.971,5000,inf
2018-09-14,813.285,430.036,1243.321,879.559,486.68,1366.239,1243.321,122.918,0.0,0.0,0.0,122.918,0.0,0.0,0.0,0.0,800.0,0.8,1.0,0.0,0.0,0.0,0.0,0.0,0.0,1.0,0.91,1.0,minimize_generator,full_grid,False,0.0,1076.889,5000,inf
2018-09-15,809.73,379.382,1189.112,901.816,405.16,1306.976,1189.112,117.864,0.0,0.0,0.0,117.864,0.0,0.0,0.0,0.0,800.0,0.8,1.0,0.0,0.0,0.0,0.0,0.0,0.0,1.0,0.91,1.0,minimize_generator,full_grid,False,0.0,1194.753,5000,inf
2018-09-16,737.085,390.614,1127.699,902.89,464.56,1367.45,1127.699,239.751,0.0,0.0,0.0,239.751,0.0,0.0,0.0,0.0,800.0,0.8,1.0,0.0,0.0,0.0,0.0,0.0,0.0,1.0,0.825,1.0,minimize_generator,full_grid,False,0.0,1434.504,5000,inf
2018-09-17,817.365,382.971,1200.336,913.36,420.8,1334.16,1200.336,133.824,0.0,0.0,0.0,133.824,0.0,0.0,0.0,0.0,800.0,0.8,1.0,0.0,0.0,0.0,0.0,0.0,0.0,1.0,0.9,1.0,minimize_generator,full_grid,False,0.0,1568.328,5000,inf
2018-09-18,736.525,363.681,1100.206,910.578,449.04,1359.618,1100.206,259.412,0.0,0.0,0.0,259.412,0.0,0.0,0.0,0.0,800.0,0.8,1.0,0.0,0.0,0.0,0.0,0.0,0.0,1.0,0.809,1.0,minimize_generator,full_grid,False,0.0,1827.74,5000,inf
2018-09-19,812.9,378.969,1191.869,906.68,336.0,1242.68,1191.869,50.811,0.0,0.0,0.0,50.811,0.0,0.0,0.0,0.0,800.0,0.8,1.0,0.0,0.0,0.0,0.0,0.0,0.0,1.0,0.959,1.0,minimize_generator,full_grid,False,0.0,1878.551,5000,inf
2018-09-20,815.5,370.831,1186.331,883.309,365.96,1249.269,1186.331,62.938,0.0,0.0,0.0,62.938,0.0,0.0,0.0,0.0,800.0,0.8,1.0,0.0,0.0,0.0,0.0,0.0,0.0,1.0,0.95,1.0,minimize_generator,full_grid,False,0.0,1941.489,5000,inf
2018-09-21,814.405,367.756,1182.161,850.9,447.16,1298.06,1182.161,115.899,0.0,0.0,0.0,115.899,0.0,0.0,0.0,0.0,800.0,0.8,1.0,0.0,0.0,0.0,0.0,0.0,0.0,1.0,0.911,1.0,minimize_generator,full_grid,False,0.0,2057.388,5000,inf
2018-09-22,814.94,370.737,1185.677,867.701,389.48,1257.181,1185.677,71.504,0.0,0.0,0.0,71.504,0.0,0.0,0.0,0.0,800.0,0.8,1.0,0.0,0.0,0.0,0.0,0.0,0.0,1.0,0.943,1.0,minimize_generator,full_grid,False,0.0,2128.892,5000,inf
2018-09-23,813.845,384.99,1198.835,859.518,379.44,1238.958,1198.835,40.123,0.0,0.0,0.0,40.123,0.0,0.0,0.0,0.0,800.0,0.8,1.0,0.0,0.0,0.0,0.0,0.0,0.0,1.0,0.968,1.0,minimize_generator,full_grid,False,0.0,2169.015,5000,inf
2018-09-24,817.575,392.073,1209.648,852.463,343.68,1196.143,1196.143,0.0,0.0,13.505,0.0,0.0,0.0,0.0,0.0,0.0,785.784,0.786,1.0,0.0,0.0,0.0,0.0,0.0,0.0,1.0,1.0,1.0,minimize_generator,full_grid,False,0.0,2169.015,5000,inf
2018-09-25,738.03,403.323,1141.353,857.948,430.32,1288.268,1141.353,146.915,14.964,0.0,0.0,131.951,0.0,0.0,0.0,0.0,800.0,0.8,1.0,0.0,0.0,0.0,0.0,0.0,0.0,1.0,0.898,1.0,minimize_generator,full_grid,False,0.0,2300.966,5000,inf
2018-09-26,809.73,394.952,1204.682,874.851,369.16,1244.011,1204.682,39.329,0.0,0.0,0.0,39.329,0.0,0.0,0.0,0.0,800.0,0.8,1.0,0.0,0.0,0.0,0.0,0.0,0.0,1.0,0.968,1.0,minimize_generator,full_grid,False,0.0,2340.295,5000,inf
2018-09-27,738.03,385.59,1123.62,855.593,279.84,1135.433,1123.62,11.813,0.0,0.0,0.0,11.813,0.0,0.0,0.0,0.0,800.0,0.8,1.0,0.0,0.0,0.0,0.0,0.0,0.0,1.0,0.99,1.0,minimize_generator,full_grid,False,0.0,2352.108,5000,inf
2018-09-28,814.58,437.894,1252.474,742.073,258.44,1000.513,1000.513,0.0,0.0,251.961,0.0,0.0,0.0,0.0,0.0,0.0,534.778,0.535,1.0,0.0,0.0,0.0,0.0,0.0,0.0,1.0,1.0,1.0,minimize_generator,full_grid,False,0.0,2352.108,5000,inf
2018-09-29,814.58,395.512,1210.092,745.87,29.56,775.43,775.43,0.0,0.0,318.039,116.623,0.0,0.0,0.0,0.0,0.0,200.0,0.2,1.0,0.0,0.0,9.922,0.0,0.0,9.922,0.904,1.0,0.904,minimize_generator,full_grid,False,116.623,2352.108,5000,inf
2018-09-30,812.715,330.989,1143.704,579.824,116.56,696.384,696.384,0.0,0.0,0.0,447.32,0.0,0.0,0.0,0.0,0.0,200.0,0.2,1.0,0.0,0.0,38.27,0.0,0.0,38.27,0.609,1.0,0.609,minimize_generator,full_grid,False,563.943,2352.108,5000,inf
2018-10-01,815.15,681.442,1496.592,693.873,323.92,1017.793,1017.793,0.0,0.0,0.0,478.799,0.0,0.0,0.0,0.0,0.0,200.0,0.2,1.0,0.0,0.0,39.601,0.0,0.0,39.601,0.68,1.0,0.68,minimize_generator,full_grid,False,478.799,0.0,5000,inf
2018-10-02,735.045,718.387,1453.432,730.897,202.52,933.417,933.417,0.0,0.0,0.0,520.015,0.0,0.0,0.0,0.0,0.0,200.0,0.2,1.0,0.0,0.0,42.756,0.0,0.0,42.756,0.642,1.0,0.642,minimize_generator,full_grid,False,998.814,0.0,5000,inf
2018-10-03,816.27,736.926,1553.196,729.448,204.4,933.848,933.848,0.0,0.0,0.0,619.348,0.0,0.0,0.0,0.0,0.0,200.0,0.2,1.0,0.0,0.0,51.077,0.0,0.0,51.077,0.601,1.0,0.601,minimize_generator,full_grid,False,1618.162,0.0,5000,inf
2018-10-04,815.325,776.729,1592.054,782.705,297.2,1079.905,1079.905,0.0,0.0,0.0,512.149,0.0,0.0,0.0,0.0,0.0,200.0,0.2,1.0,0.0,0.0,42.151,0.0,0.0,42.151,0.678,1.0,0.678,minimize_generator,full_grid,False,2130.312,0.0,5000,inf
2018-10-05,812.155,777.613,1589.768,822.267,355.36,1177.627,1177.627,0.0,0.0,0.0,412.141,0.0,0.0,0.0,0.0,0.0,200.0,0.2,1.0,0.0,0.0,33.913,0.0,0.0,33.913,0.741,1.0,0.741,minimize_generator,full_grid,False,2542.453,0.0,5000,inf
2018-10-06,815.71,724.78,1540.49,787.335,271.52,1058.855,1058.855,0.0,0.0,0.0,481.635,0.0,0.0,0.0,0.0,0.0,200.0,0.2,1.0,0.0,0.0,39.744,0.0,0.0,39.744,0.687,1.0,0.687,minimize_generator,full_grid,False,3024.089,0.0,5000,inf
2018-10-07,731.7,708.141,1439.841,750.405,349.52,1099.925,1099.925,0.0,0.0,0.0,339.916,0.0,0.0,0.0,0.0,0.0,200.0,0.2,1.0,0.0,0.0,27.959,0.0,0.0,27.959,0.764,1.0,0.764,minimize_generator,full_grid,False,3364.005,0.0,5000,inf
2018-10-08,735.605,740.497,1476.102,793.62,347.88,1141.5,1141.5,0.0,0.0,0.0,334.602,0.0,0.0,0.0,0.0,0.0,200.0,0.2,1.0,0.0,0.0,27.481,0.0,0.0,27.481,0.773,1.0,0.773,minimize_generator,full_grid,False,3698.607,0.0,5000,inf
2018-10-09,734.485,737.715,1472.2,804.678,391.0,1195.678,1195.678,0.0,0.0,0.0,276.522,0.0,0.0,0.0,0.0,0.0,200.0,0.2,1.0,0.0,0.0,22.713,0.0,0.0,22.713,0.812,1.0,0.812,minimize_generator,full_grid,False,3975.129,0.0,5000,inf
2018-10-10,810.475,772.931,1583.406,795.422,421.48,1216.902,1216.902,0.0,0.0,0.0,366.504,0.0,0.0,0.0,0.0,0.0,200.0,0.2,1.0,0.0,0.0,30.163,0.0,0.0,30.163,0.769,1.0,0.769,minimize_generator,full_grid,False,4341.634,0.0,5000,inf
2018-10-11,732.62,737.847,1470.467,809.389,392.52,1201.909,1201.909,0.0,0.0,0.0,268.558,0.0,0.0,0.0,0.0,0.0,200.0,0.2,1.0,0.0,0.0,22.056,0.0,0.0,22.056,0.817,1.0,0.817,minimize_generator,full_grid,False,4610.192,0.0,5000,inf
2018-10-12,809.905,703.814,1513.719,815.149,324.8,1139.949,1139.949,0.0,0.0,0.0,373.77,0.0,0.0,0.0,0.0,0.0,200.0,0.2,1.0,0.0,0.0,30.869,0.0,0.0,30.869,0.753,1.0,0.753,minimize_generator,full_grid,False,4983.962,0.0,5000,inf
2018-10-13,811.98,670.611,1482.591,825.434,157.68,983.114,983.114,0.0,0.0,0.0,16.038,0.0,483.439,0.0,0.0,0.0,200.0,0.2,1.0,240.688,24.0,1.327,0.0,130.501,131.828,0.989,1.0,0.663,minimize_generator,full_grid,False,5000.0,0.0,5000,inf
2018-10-14,738.215,704.068,1442.283,809.697,256.56,1066.257,1066.257,0.0,0.0,0.0,0.0,0.0,376.026,0.0,0.0,0.0,200.0,0.2,1.0,219.205,24.0,0.0,0.0,118.853,118.853,1.0,1.0,0.739,minimize_generator,full_grid,False,5000.0,0.0,5000,inf
2018-10-15,736.35,699.235,1435.585,787.473,297.2,1084.673,1084.673,0.0,0.0,0.0,0.0,0.0,350.912,0.0,0.0,0.0,200.0,0.2,1.0,210.547,23.394,0.0,0.0,114.159,114.159,1.0,1.0,0.756,minimize_generator,full_grid,False,5000.0,0.0,5000,inf
2018-10-16,731.315,723.592,1454.907,771.209,323.92,1095.129,1095.129,0.0,0.0,0.0,0.0,0.0,359.778,0.0,0.0,0.0,200.0,0.2,1.0,215.867,23.985,0.0,0.0,117.043,117.043,1.0,1.0,0.753,minimize_generator,full_grid,False,5000.0,0.0,5000,inf
2018-10-17,731.49,669.579,1401.069,760.509,290.84,1051.349,1051.349,0.0,0.0,0.0,0.0,0.0,349.72,0.0,0.0,0.0,200.0,0.2,1.0,209.832,23.315,0.0,0.0,113.771,113.771,1.0,1.0,0.75,minimize_generator,full_grid,False,5000.0,0.0,5000,inf
2018-10-18,809.905,615.674,1425.579,734.403,158.6,893.003,893.003,0.0,0.0,0.0,0.0,0.0,532.576,0.0,0.0,0.0,200.0,0.2,1.0,250.515,24.0,0.0,0.0,135.829,135.829,1.0,1.0,0.626,minimize_generator,full_grid,False,5000.0,0.0,5000,inf
2018-10-19,736.91,605.076,1341.986,738.174,95.8,833.974,833.974,0.0,0.0,0.0,0.0,0.0,508.012,0.0,0.0,0.0,200.0,0.2,1.0,245.602,24.0,0.0,0.0,133.166,133.166,1.0,1.0,0.621,minimize_generator,full_grid,False,5000.0,0.0,5000,inf
2018-10-20,733.565,618.589,1352.154,730.562,141.48,872.042,872.042,0.0,0.0,0.0,0.0,0.0,480.112,0.0,0.0,0.0,200.0,0.2,1.0,240.022,24.0,0.0,0.0,130.14,130.14,1.0,1.0,0.645,minimize_generator,full_grid,False,5000.0,0.0,5000,inf
2018-10-21,731.7,519.471,1251.171,699.291,8.96,708.251,708.251,0.0,0.0,0.0,0.0,0.0,542.92,0.0,0.0,0.0,200.0,0.2,1.0,252.584,24.0,0.0,0.0,136.951,136.951,1.0,1.0,0.566,minimize_generator,full_grid,False,5000.0,0.0,5000,inf
2018-10-22,662.11,605.429,1267.539,661.081,137.08,798.161,798.161,0.0,0.0,0.0,0.0,0.0,469.378,0.0,0.0,0.0,200.0,0.2,1.0,237.876,24.0,0.0,0.0,128.976,128.976,1.0,1.0,0.63,minimize_generator,full_grid,False,5000.0,0.0,5000,inf
2018-10-23,665.67,577.786,1243.456,634.772,93.52,728.292,728.292,0.0,0.0,0.0,0.0,0.0,515.164,0.0,0.0,0.0,200.0,0.2,1.0,247.033,24.0,0.0,0.0,133.941,133.941,1.0,1.0,0.586,minimize_generator,full_grid,False,5000.0,0.0,5000,inf
2018-10-24,810.475,579.427,1389.902,703.617,109.2,812.817,812.817,0.0,0.0,0.0,0.0,0.0,577.085,0.0,0.0,0.0,200.0,0.2,1.0,259.417,24.0,0.0,0.0,140.656,140.656,1.0,1.0,0.585,minimize_generator,full_grid,False,5000.0,0.0,5000,inf
2018-10-25,664.165,439.584,1103.749,484.45,124.96,609.41,609.41,0.0,0.0,0.0,0.0,0.0,494.339,0.0,0.0,0.0,200.0,0.2,1.0,242.868,24.0,0.0,0.0,131.683,131.683,1.0,1.0,0.552,minimize_generator,full_grid,False,5000.0,0.0,5000,inf
2018-10-26,732.435,486.474,1218.909,687.942,415.2,1103.142,1103.142,0.0,0.0,0.0,0.0,0.0,115.767,0.0,0.0,0.0,200.0,0.2,1.0,69.46,7.718,0.0,0.0,37.661,37.661,1.0,1.0,0.905,minimize_generator,full_grid,False,5000.0,0.0,5000,inf
2018-10-27,735.22,466.128,1201.348,785.421,69.52,854.941,854.941,0.0,0.0,0.0,0.0,0.0,346.407,0.0,0.0,0.0,200.0,0.2,1.0,207.844,23.094,0.0,0.0,112.693,112.693,1.0,1.0,0.712,minimize_generator,full_grid,False,5000.0,0.0,5000,inf
2018-10-28,663.43,413.631,1077.061,726.958,59.52,786.478,786.478,0.0,0.0,0.0,0.0,0.0,290.583,0.0,0.0,0.0,200.0,0.2,1.0,174.35,19.372,0.0,0.0,94.532,94.532,1.0,1.0,0.73,minimize_generator,full_grid,False,5000.0,0.0,5000,inf
2018-10-29,731.49,360.484,1091.974,624.011,74.2,698.211,698.211,0.0,0.0,0.0,0.0,0.0,393.763,0.0,0.0,0.0,200.0,0.2,1.0,222.753,24.0,0.0,0.0,120.776,120.776,1.0,1.0,0.639,minimize_generator,full_grid,False,5000.0,0.0,5000,inf
2018-10-30,733.925,239.932,973.857,621.472,15.24,636.712,636.712,0.0,0.0,0.0,0.0,0.0,337.145,0.0,0.0,0.0,200.0,0.2,1.0,202.287,22.476,0.0,0.0,109.68,109.68,1.0,1.0,0.654,minimize_generator,full_grid,False,5000.0,0.0,5000,inf
2018-10-31,730.195,138.346,868.541,661.118,11.52,672.638,672.638,0.0,0.0,0.0,0.0,0.0,195.903,0.0,0.0,0.0,200.0,0.2,1.0,117.542,13.06,0.0,0.0,63.731,63.731,1.0,1.0,0.774,minimize_generator,full_grid,False,5000.0,0.0,5000,inf
2018-11-01,811.595,633.987,1445.582,676.113,18.36,694.473,694.473,0.0,0.0,0.0,751.109,0.0,0.0,0.0,0.0,0.0,200.0,0.2,1.0,0.0,0.0,58.68,0.0,0.0,58.68,0.48,1.0,0.48,minimize_generator,full_grid,False,751.109,0.0,5000,inf
2018-11-02,659.86,670.718,1330.578,657.999,29.16,687.159,687.159,0.0,0.0,0.0,643.419,0.0,0.0,0.0,0.0,0.0,200.0,0.2,1.0,0.0,0.0,49.77,0.0,0.0,49.77,0.516,1.0,0.516,minimize_generator,full_grid,False,1394.528,0.0,5000,inf
2018-11-03,733.18,641.75,1374.93,635.518,98.12,733.638,733.638,0.0,0.0,0.0,641.292,0.0,0.0,0.0,0.0,0.0,200.0,0.2,1.0,0.0,0.0,49.888,0.0,0.0,49.888,0.534,1.0,0.534,minimize_generator,full_grid,False,2035.82,0.0,5000,inf
2018-11-04,665.295,627.469,1292.764,632.758,55.4,688.158,688.158,0.0,0.0,0.0,604.606,0.0,0.0,0.0,0.0,0.0,200.0,0.2,1.0,0.0,0.0,46.901,0.0,0.0,46.901,0.532,1.0,0.532,minimize_generator,full_grid,False,2640.426,0.0,5000,inf
2018-11-05,731.49,662.564,1394.054,664.11,350.36,1014.47,1014.47,0.0,0.0,0.0,379.584,0.0,0.0,0.0,0.0,0.0,200.0,0.2,1.0,0.0,0.0,29.491,0.0,0.0,29.491,0.728,1.0,0.728,minimize_generator,full_grid,False,3020.01,0.0,5000,inf
2018-11-06,730.01,662.248,1392.258,611.722,180.8,792.522,792.522,0.0,0.0,0.0,599.736,0.0,0.0,0.0,0.0,0.0,200.0,0.2,1.0,0.0,0.0,46.592,0.0,0.0,46.592,0.569,1.0,0.569,minimize_generator,full_grid,False,3619.746,0.0,5000,inf
2018-11-07,661.9,637.862,1299.762,648.328,91.28,739.608,739.608,0.0,0.0,0.0,560.154,0.0,0.0,0.0,0.0,0.0,200.0,0.2,1.0,0.0,0.0,43.417,0.0,0.0,43.417,0.569,1.0,0.569,minimize_generator,full_grid,False,4179.9,0.0,5000,inf
2018-11-08,665.47,678.492,1343.962,639.777,128.4,768.177,768.177,0.0,0.0,0.0,575.785,0.0,0.0,0.0,0.0,0.0,200.0,0.2,1.0,0.0,0.0,44.533,0.0,0.0,44.533,0.572,1.0,0.572,minimize_generator,full_grid,False,4755.684,0.0,5000,inf
2018-11-09,657.075,598.46,1255.535,600.881,35.92,636.801,636.801,0.0,0.0,0.0,244.316,0.0,374.418,0.0,0.0,0.0,200.0,0.2,1.0,218.884,24.0,18.977,0.0,108.15,127.128,0.805,1.0,0.507,minimize_generator,full_grid,False,5000.0,0.0,5000,inf
2018-11-10,729.45,663.412,1392.862,591.438,236.72,828.158,828.158,0.0,0.0,0.0,0.0,0.0,564.704,0.0,0.0,0.0,200.0,0.2,1.0,256.941,24.0,0.0,0.0,126.954,126.954,1.0,1.0,0.595,minimize_generator,full_grid,False,5000.0,0.0,5000,inf
2018-11-11,664.935,635.938,1300.873,591.806,106.8,698.606,698.606,0.0,0.0,0.0,0.0,0.0,602.267,0.0,0.0,0.0,200.0,0.2,1.0,264.453,24.0,0.0,0.0,130.666,130.666,1.0,1.0,0.537,minimize_generator,full_grid,False,5000.0,0.0,5000,inf
2018-11-12,665.855,633.645,1299.5,652.225,85.4,737.625,737.625,0.0,0.0,0.0,0.0,0.0,561.875,0.0,0.0,0.0,200.0,0.2,1.0,256.375,24.0,0.0,0.0,126.675,126.675,1.0,1.0,0.568,minimize_generator,full_grid,False,5000.0,0.0,5000,inf
2018-11-13,730.195,637.445,1367.64,645.565,183.64,829.205,829.205,0.0,0.0,0.0,0.0,0.0,538.435,0.0,0.0,0.0,200.0,0.2,1.0,251.687,24.0,0.0,0.0,124.359,124.359,1.0,1.0,0.606,minimize_generator,full_grid,False,5000.0,0.0,5000,inf
2018-11-14,664.375,621.926,1286.301,546.58,313.36,859.94,859.94,0.0,0.0,0.0,0.0,0.0,426.361,0.0,0.0,0.0,200.0,0.2,1.0,229.272,24.0,0.0,0.0,113.283,113.283,1.0,1.0,0.669,minimize_generator,full_grid,False,5000.0,0.0,5000,inf
2018-11-15,663.245,628.962,1292.207,534.836,271.52,806.356,806.356,0.0,0.0,0.0,0.0,0.0,485.851,0.0,0.0,0.0,200.0,0.2,1.0,241.17,24.0,0.0,0.0,119.162,119.162,1.0,1.0,0.624,minimize_generator,full_grid,False,5000.0,0.0,5000,inf
2018-11-16,658.73,622.683,1281.413,628.915,135.32,764.235,764.235,0.0,0.0,0.0,0.0,0.0,517.178,0.0,0.0,0.0,200.0,0.2,1.0,247.436,24.0,0.0,0.0,122.258,122.258,1.0,1.0,0.596,minimize_generator,full_grid,False,5000.0,0.0,5000,inf
2018-11-17,659.115,614.377,1273.492,641.109,21.52,662.629,662.629,0.0,0.0,0.0,0.0,0.0,610.863,0.0,0.0,0.0,200.0,0.2,1.0,266.173,24.0,0.0,0.0,131.516,131.516,1.0,1.0,0.52,minimize_generator,full_grid,False,5000.0,0.0,5000,inf
2018-11-18,666.24,634.437,1300.677,628.858,70.84,699.698,699.698,0.0,0.0,0.0,0.0,0.0,600.979,0.0,0.0,0.0,200.0,0.2,1.0,264.196,24.0,0.0,0.0,130.539,130.539,1.0,1.0,0.538,minimize_generator,full_grid,False,5000.0,0.0,5000,inf
2018-11-19,730.01,747.06,1477.07,636.743,296.32,933.063,933.063,0.0,0.0,0.0,0.0,0.0,544.007,0.0,0.0,0.0,200.0,0.2,1.0,252.801,24.0,0.0,0.0,124.909,124.909,1.0,1.0,0.632,minimize_generator,full_grid,False,5000.0,0.0,5000,inf
2018-11-20,660.035,636.279,1296.314,623.075,68.24,691.315,691.315,0.0,0.0,0.0,0.0,0.0,604.999,0.0,0.0,0.0,200.0,0.2,1.0,265.0,24.0,0.0,0.0,130.936,130.936,1.0,1.0,0.533,minimize_generator,full_grid,False,5000.0,0.0,5000,inf
2018-11-21,660.805,590.073,1250.878,569.338,20.88,590.218,590.218,0.0,0.0,0.0,0.0,0.0,660.66,0.0,0.0,0.0,200.0,0.2,1.0,276.132,24.0,0.0,0.0,136.437,136.437,1.0,1.0,0.472,minimize_generator,full_grid,False,5000.0,0.0,5000,inf
2018-11-22,657.075,680.278,1337.353,408.94,212.0,620.94,620.94,0.0,0.0,0.0,0.0,0.0,716.413,0.0,0.0,0.0,200.0,0.2,1.0,287.283,24.0,0.0,0.0,141.946,141.946,1.0,1.0,0.464,minimize_generator,full_grid,False,5000.0,0.0,5000,inf
2018-11-23,664.935,651.139,1316.074,537.122,365.96,903.082,903.082,0.0,0.0,0.0,0.0,0.0,412.992,0.0,0.0,0.0,200.0,0.2,1.0,226.598,24.0,0.0,0.0,111.962,111.962,1.0,1.0,0.686,minimize_generator,full_grid,False,5000.0,0.0,5000,inf
2018-11-24,662.86,575.425,1238.285,396.954,373.96,770.914,770.914,0.0,0.0,0.0,0.0,0.0,467.371,0.0,0.0,0.0,200.0,0.2,1.0,237.474,24.0,0.0,0.0,117.336,117.336,1.0,1.0,0.623,minimize_generator,full_grid,False,5000.0,0.0,5000,inf
2018-11-25,730.37,679.412,1409.782,610.671,176.16,786.831,786.831,0.0,0.0,0.0,0.0,0.0,622.951,0.0,0.0,0.0,200.0,0.2,1.0,268.59,24.0,0.0,0.0,132.71,132.71,1.0,1.0,0.558,minimize_generator,full_grid,False,5000.0,0.0,5000,inf
2018-11-26,589.31,501.085,1090.395,606.257,1.44,607.697,607.697,0.0,0.0,0.0,0.0,0.0,482.698,0.0,0.0,0.0,200.0,0.2,1.0,240.54,24.0,0.0,0.0,118.851,118.851,1.0,1.0,0.557,minimize_generator,full_grid,False,5000.0,0.0,5000,inf
2018-11-27,657.81,395.238,1053.048,315.261,8.76,324.021,324.021,0.0,0.0,0.0,0.0,0.0,729.027,0.0,0.0,0.0,200.0,0.2,1.0,289.805,24.0,0.0,0.0,143.193,143.193,1.0,1.0,0.308,minimize_generator,full_grid,False,5000.0,0.0,5000,inf
2018-11-28,659.86,509.246,1169.106,575.155,1.44,576.595,576.595,0.0,0.0,0.0,0.0,0.0,592.511,0.0,0.0,0.0,200.0,0.2,1.0,262.502,24.0,0.0,0.0,129.702,129.702,1.0,1.0,0.493,minimize_generator,full_grid,False,5000.0,0.0,5000,inf
2018-11-29,661.165,461.032,1122.197,459.306,7.12,466.426,466.426,0.0,0.0,0.0,0.0,0.0,655.771,0.0,0.0,0.0,200.0,0.2,1.0,275.154,24.0,0.0,0.0,135.954,135.954,1.0,1.0,0.416,minimize_generator,full_grid,False,5000.0,0.0,5000,inf
2018-11-30,657.61,628.813,1286.423,535.684,233.88,769.564,769.564,0.0,0.0,0.0,0.0,0.0,516.859,0.0,0.0,0.0,200.0,0.2,1.0,247.372,24.0,0.0,0.0,122.226,122.226,1.0,1.0,0.598,minimize_generator,full_grid,False,5000.0,0.0,5000,inf
2018-12-01,588.18,629.46,1217.64,595.209,248.08,843.289,843.289,0.0,0.0,0.0,374.351,0.0,0.0,0.0,0.0,0.0,200.0,0.2,1.0,0.0,0.0,28.34,0.0,0.0,28.34,0.693,1.0,0.693,minimize_generator,full_grid,False,374.351,0.0,5000,inf
2018-12-02,661.34,496.784,1158.124,555.762,68.88,624.642,624.642,0.0,0.0,0.0,533.482,0.0,0.0,0.0,0.0,0.0,200.0,0.2,1.0,0.0,0.0,40.931,0.0,0.0,40.931,0.539,1.0,0.539,minimize_generator,full_grid,False,907.833,0.0,5000,inf
2018-12-03,660.42,464.239,1124.659,514.299,37.72,552.019,552.019,0.0,0.0,0.0,572.64,0.0,0.0,0.0,0.0,0.0,200.0,0.2,1.0,0.0,0.0,44.043,0.0,0.0,44.043,0.491,1.0,0.491,minimize_generator,full_grid,False,1480.472,0.0,5000,inf
2018-12-04,587.26,573.728,1160.988,557.245,301.72,858.965,858.965,0.0,0.0,0.0,302.023,0.0,0.0,0.0,0.0,0.0,200.0,0.2,1.0,0.0,0.0,22.944,0.0,0.0,22.944,0.74,1.0,0.74,minimize_generator,full_grid,False,1782.495,0.0,5000,inf
2018-12-05,662.86,310.649,973.509,564.997,165.04,730.037,730.037,0.0,0.0,0.0,243.472,0.0,0.0,0.0,0.0,0.0,200.0,0.2,1.0,0.0,0.0,18.99,0.0,0.0,18.99,0.75,1.0,0.75,minimize_generator,full_grid,False,2025.968,0.0,5000,inf
2018-12-06,661.54,305.728,967.268,456.682,409.48,866.162,866.162,0.0,0.0,0.0,101.106,0.0,0.0,0.0,0.0,0.0,200.0,0.2,1.0,0.0,0.0,7.89,0.0,0.0,7.89,0.895,1.0,0.895,minimize_generator,full_grid,False,2127.073,0.0,5000,inf
2018-12-07,657.435,277.726,935.161,515.76,307.12,822.88,822.88,0.0,0.0,0.0,112.281,0.0,0.0,0.0,0.0,0.0,200.0,0.2,1.0,0.0,0.0,8.787,0.0,0.0,8.787,0.88,1.0,0.88,minimize_generator,full_grid,False,2239.355,0.0,5000,inf
2018-12-08,657.075,282.804,939.879,588.713,150.44,739.153,739.153,0.0,0.0,0.0,200.726,0.0,0.0,0.0,0.0,0.0,200.0,0.2,1.0,0.0,0.0,15.699,0.0,0.0,15.699,0.786,1.0,0.786,minimize_generator,full_grid,False,2440.081,0.0,5000,inf
2018-12-09,658.555,271.419,929.974,516.129,156.76,672.889,672.889,0.0,0.0,0.0,257.085,0.0,0.0,0.0,0.0,0.0,200.0,0.2,1.0,0.0,0.0,20.133,0.0,0.0,20.133,0.724,1.0,0.724,minimize_generator,full_grid,False,2697.165,0.0,5000,inf
2018-12-10,586.315,362.532,948.847,589.71,349.52,939.23,939.23,0.0,0.0,0.0,9.617,0.0,0.0,0.0,0.0,0.0,200.0,0.2,1.0,0.0,0.0,0.743,0.0,0.0,0.743,0.99,1.0,0.99,minimize_generator,full_grid,False,2706.782,0.0,5000,inf
2018-12-11,589.485,306.571,896.056,583.585,211.04,794.625,794.625,0.0,0.0,0.0,101.431,0.0,0.0,0.0,0.0,0.0,200.0,0.2,1.0,0.0,0.0,7.884,0.0,0.0,7.884,0.887,1.0,0.887,minimize_generator,full_grid,False,2808.213,0.0,5000,inf
2018-12-12,581.105,325.243,906.348,579.266,286.28,865.546,865.546,0.0,0.0,0.0,40.802,0.0,0.0,0.0,0.0,0.0,200.0,0.2,1.0,0.0,0.0,3.164,0.0,0.0,3.164,0.955,1.0,0.955,minimize_generator,full_grid,False,2849.015,0.0,5000,inf
2018-12-13,659.115,302.383,961.498,582.856,134.44,717.296,717.296,0.0,0.0,0.0,244.202,0.0,0.0,0.0,0.0,0.0,200.0,0.2,1.0,0.0,0.0,19.06,0.0,0.0,19.06,0.746,1.0,0.746,minimize_generator,full_grid,False,3093.217,0.0,5000,inf
2018-12-14,582.97,261.842,844.812,584.223,25.72,609.943,609.943,0.0,0.0,0.0,234.869,0.0,0.0,0.0,0.0,0.0,200.0,0.2,1.0,0.0,0.0,18.344,0.0,0.0,18.344,0.722,1.0,0.722,minimize_generator,full_grid,False,3328.086,0.0,5000,inf
2018-12-15,661.165,247.251,908.416,552.757,3.24,555.997,555.997,0.0,0.0,0.0,352.419,0.0,0.0,0.0,0.0,0.0,200.0,0.2,1.0,0.0,0.0,27.68,0.0,0.0,27.68,0.612,1.0,0.612,minimize_generator,full_grid,False,3680.505,0.0,5000,inf
2018-12-16,587.26,294.122,881.382,466.931,87.56,554.491,554.491,0.0,0.0,0.0,326.891,0.0,0.0,0.0,0.0,0.0,200.0,0.2,1.0,0.0,0.0,25.442,0.0,0.0,25.442,0.629,1.0,0.629,minimize_generator,full_grid,False,4007.395,0.0,5000,inf
2018-12-17,587.62,332.523,920.143,575.555,356.16,931.715,920.143,11.572,11.572,0.0,0.0,0.0,0.0,0.0,0.0,0.0,210.993,0.211,1.0,0.0,0.0,0.0,0.0,0.0,0.0,1.0,1.0,1.0,minimize_generator,full_grid,False,4007.395,0.0,5000,inf
2018-12-18,585.755,293.859,879.614,577.103,147.72,724.823,724.823,0.0,0.0,10.443,144.348,0.0,0.0,0.0,0.0,0.0,200.0,0.2,1.0,0.0,0.0,11.234,0.0,0.0,11.234,0.836,1.0,0.836,minimize_generator,full_grid,False,4151.743,0.0,5000,inf
2018-12-19,587.085,339.602,926.687,578.988,364.32,943.308,926.687,16.621,16.621,0.0,0.0,0.0,0.0,0.0,0.0,0.0,215.789,0.216,1.0,0.0,0.0,0.0,0.0,0.0,0.0,1.0,1.0,1.0,minimize_generator,full_grid,False,4151.743,0.0,5000,inf
2018-12-20,660.035,327.115,987.15,550.431,415.2,965.631,965.631,0.0,0.0,15.0,6.519,0.0,0.0,0.0,0.0,0.0,200.0,0.2,1.0,0.0,0.0,0.508,0.0,0.0,0.508,0.993,1.0,0.993,minimize_generator,full_grid,False,4158.262,0.0,5000,inf
2018-12-21,571.885,317.479,889.364,588.605,145.04,733.645,733.645,0.0,0.0,0.0,155.719,0.0,0.0,0.0,0.0,0.0,200.0,0.2,1.0,0.0,0.0,12.077,0.0,0.0,12.077,0.825,1.0,0.825,minimize_generator,full_grid,False,4313.981,0.0,5000,inf
2018-12-22,659.3,310.652,969.952,559.668,163.16,722.828,722.828,0.0,0.0,0.0,247.124,0.0,0.0,0.0,0.0,0.0,200.0,0.2,1.0,0.0,0.0,19.272,0.0,0.0,19.272,0.745,1.0,0.745,minimize_generator,full_grid,False,4561.105,0.0,5000,inf
2018-12-23,588.75,310.815,899.565,522.836,156.76,679.596,679.596,0.0,0.0,0.0,219.969,0.0,0.0,0.0,0.0,0.0,200.0,0.2,1.0,0.0,0.0,17.09,0.0,0.0,17.09,0.755,1.0,0.755,minimize_generator,full_grid,False,4781.074,0.0,5000,inf
2018-12-24,582.97,34.147,617.117,552.087,127.52,679.607,617.117,62.49,62.49,0.0,0.0,0.0,0.0,0.0,0.0,0.0,259.365,0.259,1.0,0.0,0.0,0.0,0.0,0.0,0.0,1.0,1.0,1.0,minimize_generator,full_grid,False,4781.074,0.0,5000,inf
2018-12-25,583.355,25.079,608.434,549.201,103.6,652.801,608.434,44.367,44.367,0.0,0.0,0.0,0.0,0.0,0.0,0.0,301.514,0.302,1.0,0.0,0.0,0.0,0.0,0.0,0.0,1.0,1.0,1.0,minimize_generator,full_grid,False,4781.074,0.0,5000,inf
2018-12-26,660.245,24.165,684.41,556.111,245.24,801.351,684.41,116.941,116.941,0.0,0.0,0.0,0.0,0.0,0.0,0.0,412.608,0.413,1.0,0.0,0.0,0.0,0.0,0.0,0.0,1.0,1.0,1.0,minimize_generator,full_grid,False,4781.074,0.0,5000,inf
2018-12-27,583.53,24.915,608.445,498.517,445.28,943.797,608.445,335.352,335.352,0.0,0.0,0.0,0.0,0.0,0.0,0.0,731.192,0.731,1.0,0.0,0.0,0.0,0.0,0.0,0.0,1.0,1.0,1.0,minimize_generator,full_grid,False,4781.074,0.0,5000,inf
2018-12-28,582.585,22.543,605.128,580.634,343.68,924.314,605.128,319.186,72.43,0.0,0.0,246.757,0.0,0.0,0.0,0.0,800.0,0.8,1.0,0.0,0.0,0.0,0.0,0.0,0.0,1.0,0.733,1.0,minimize_generator,full_grid,False,4781.074,246.757,5000,inf
2018-12-29,657.995,20.853,678.848,585.042,189.28,774.322,678.848,95.474,0.0,0.0,0.0,95.474,0.0,0.0,0.0,0.0,800.0,0.8,1.0,0.0,0.0,0.0,0.0,0.0,0.0,1.0,0.877,1.0,minimize_generator,full_grid,False,4781.074,342.231,5000,inf
2018-12-30,588.005,20.285,608.29,540.285,343.68,883.965,608.29,275.675,0.0,0.0,0.0,275.675,0.0,0.0,0.0,0.0,800.0,0.8,1.0,0.0,0.0,0.0,0.0,0.0,0.0,1.0,0.688,1.0,minimize_generator,full_grid,False,4781.074,617.905,5000,inf
2018-12-31,583.155,22.102,605.257,573.942,6.96,580.902,580.902,0.0,0.0,24.355,0.0,0.0,0.0,0.0,0.0,0.0,774.363,0.774,1.0,0.0,0.0,0.0,0.0,0.0,0.0,1.0,1.0,1.0,minimize_generator,full_grid,False,4781.074,617.905,5000,inf
2019-01-01,588.18,22.43,610.61,466.213,39.6,505.813,505.813,0.0,0.0,104.797,0.0,0.0,0.0,0.0,0.0,0.0,664.05,0.664,1.0,0.0,0.0,0.0,0.0,0.0,0.0,1.0,1.0,1.0,minimize_generator,full_grid,False,0.0,0.0,5000,inf
2019-01-02,583.53,22.599,606.129,476.911,209.16,686.071,606.129,79.942,79.942,0.0,0.0,0.0,0.0,0.0,0.0,0.0,739.995,0.74,1.0,0.0,0.0,0.0,0.0,0.0,0.0,1.0,1.0,1.0,minimize_generator,full_grid,False,0.0,0.0,5000,inf
2019-01-03,658.17,23.365,681.535,539.633,246.16,785.793,681.535,104.258,63.163,0.0,0.0,41.094,0.0,0.0,0.0,0.0,800.0,0.8,1.0,0.0,0.0,0.0,0.0,0.0,0.0,1.0,0.948,1.0,minimize_generator,full_grid,False,0.0,41.094,5000,inf
2019-01-04,657.995,24.415,682.41,584.939,39.6,624.539,624.539,0.0,0.0,57.871,0.0,0.0,0.0,0.0,0.0,0.0,739.083,0.739,1.0,0.0,0.0,0.0,0.0,0.0,0.0,1.0,1.0,1.0,minimize_generator,full_grid,False,0.0,41.094,5000,inf
2019-01-05,589.125,25.257,614.382,559.75,275.2,834.95,614.382,220.568,64.123,0.0,0.0,156.445,0.0,0.0,0.0,0.0,800.0,0.8,1.0,0.0,0.0,0.0,0.0,0.0,0.0,1.0,0.813,1.0,minimize_generator,full_grid,False,0.0,197.539,5000,inf
2019-01-06,588.39,23.81,612.2,481.767,463.4,945.167,612.2,332.967,0.0,0.0,0.0,332.967,0.0,0.0,0.0,0.0,800.0,0.8,1.0,0.0,0.0,0.0,0.0,0.0,0.0,1.0,0.648,1.0,minimize_generator,full_grid,False,0.0,530.506,5000,inf
2019-01-07,660.42,22.146,682.566,554.789,258.44,813.229,682.566,130.663,0.0,0.0,0.0,130.663,0.0,0.0,0.0,0.0,800.0,0.8,1.0,0.0,0.0,0.0,0.0,0.0,0.0,1.0,0.839,1.0,minimize_generator,full_grid,False,0.0,661.169,5000,inf
2019-01-08,587.085,20.763,607.848,610.063,378.68,988.743,607.848,380.895,0.0,0.0,0.0,380.895,0.0,0.0,0.0,0.0,800.0,0.8,1.0,0.0,0.0,0.0,0.0,0.0,0.0,1.0,0.615,1.0,minimize_generator,full_grid,False,0.0,1042.064,5000,inf
2019-01-09,582.585,19.319,601.904,488.674,268.72,757.394,601.904,155.49,0.0,0.0,0.0,155.49,0.0,0.0,0.0,0.0,800.0,0.8,1.0,0.0,0.0,0.0,0.0,0.0,0.0,1.0,0.795,1.0,minimize_generator,full_grid,False,0.0,1197.554,5000,inf
2019-01-10,588.565,17.247,605.812,529.76,81.08,610.84,605.812,5.028,0.0,0.0,0.0,5.028,0.0,0.0,0.0,0.0,800.0,0.8,1.0,0.0,0.0,0.0,0.0,0.0,0.0,1.0,0.992,1.0,minimize_generator,full_grid,False,0.0,1202.582,5000,inf
2019-01-11,661.54,14.728,676.268,582.598,113.28,695.878,676.268,19.61,0.0,0.0,0.0,19.61,0.0,0.0,0.0,0.0,800.0,0.8,1.0,0.0,0.0,0.0,0.0,0.0,0.0,1.0,0.972,1.0,minimize_generator,full_grid,False,0.0,1222.192,5000,inf
2019-01-12,583.155,16.665,599.82,459.32,12.68,472.0,472.0,0.0,0.0,127.82,0.0,0.0,0.0,0.0,0.0,0.0,665.453,0.665,1.0,0.0,0.0,0.0,0.0,0.0,0.0,1.0,1.0,1.0,minimize_generator,full_grid,False,0.0,1222.192,5000,inf
2019-01-13,585.58,6.812,592.392,271.195,357.0,628.195,592.392,35.803,35.803,0.0,0.0,0.0,0.0,0.0,0.0,0.0,699.466,0.699,1.0,0.0,0.0,0.0,0.0,0.0,0.0,1.0,1.0,1.0,minimize_generator,full_grid,False,0.0,1222.192,5000,inf
2019-01-14,588.39,5.37,593.76,565.572,288.12,853.692,593.76,259.932,105.825,0.0,0.0,154.107,0.0,0.0,0.0,0.0,800.0,0.8,1.0,0.0,0.0,0.0,0.0,0.0,0.0,1.0,0.819,1.0,minimize_generator,full_grid,False,0.0,1376.299,5000,inf
2019-01-15,586.7,7.476,594.176,625.362,98.88,724.242,594.176,130.066,0.0,0.0,0.0,130.066,0.0,0.0,0.0,0.0,800.0,0.8,1.0,0.0,0.0,0.0,0.0,0.0,0.0,1.0,0.82,1.0,minimize_generator,full_grid,False,0.0,1506.364,5000,inf
2019-01-16,583.155,10.78,593.935,561.901,473.56,1035.461,593.935,441.526,0.0,0.0,0.0,441.526,0.0,0.0,0.0,0.0,800.0,0.8,1.0,0.0,0.0,0.0,0.0,0.0,0.0,1.0,0.574,1.0,minimize_generator,full_grid,False,0.0,1947.89,5000,inf
2019-01-17,657.81,9.472,667.282,622.473,394.04,1016.513,667.282,349.231,0.0,0.0,0.0,349.231,0.0,0.0,0.0,0.0,800.0,0.8,1.0,0.0,0.0,0.0,0.0,0.0,0.0,1.0,0.656,1.0,minimize_generator,full_grid,False,0.0,2297.121,5000,inf
2019-01-18,662.685,7.939,670.624,650.43,72.16,722.59,670.624,51.966,0.0,0.0,0.0,51.966,0.0,0.0,0.0,0.0,800.0,0.8,1.0,0.0,0.0,0.0,0.0,0.0,0.0,1.0,0.928,1.0,minimize_generator,full_grid,False,0.0,2349.087,5000,inf
2019-01-19,587.62,8.44,596.06,647.951,79.68,727.631,596.06,131.571,0.0,0.0,0.0,131.571,0.0,0.0,0.0,0.0,800.0,0.8,1.0,0.0,0.0,0.0,0.0,0.0,0.0,1.0,0.819,1.0,minimize_generator,full_grid,False,0.0,2480.658,5000,inf
2019-01-20,583.53,6.579,590.109,511.477,22.2,533.677,533.677,0.0,0.0,56.432,0.0,0.0,0.0,0.0,0.0,0.0,740.598,0.741,1.0,0.0,0.0,0.0,0.0,0.0,0.0,1.0,1.0,1.0,minimize_generator,full_grid,False,0.0,2480.658,5000,inf
2019-01-21,581.105,6.304,587.409,486.852,1.44,488.292,488.292,0.0,0.0,99.117,0.0,0.0,0.0,0.0,0.0,0.0,636.264,0.636,1.0,0.0,0.0,0.0,0.0,0.0,0.0,1.0,1.0,1.0,minimize_generator,full_grid,False,0.0,2480.658,5000,inf
2019-01-22,588.005,10.524,598.529,657.037,194.92,851.957,598.529,253.428,172.353,0.0,0.0,81.075,0.0,0.0,0.0,0.0,800.0,0.8,1.0,0.0,0.0,0.0,0.0,0.0,0.0,1.0,0.905,1.0,minimize_generator,full_grid,False,0.0,2561.733,5000,inf
2019-01-23,657.995,7.943,665.938,577.326,47.12,624.446,624.446,0.0,0.0,41.492,0.0,0.0,0.0,0.0,0.0,0.0,756.325,0.756,1.0,0.0,0.0,0.0,0.0,0.0,0.0,1.0,1.0,1.0,minimize_generator,full_grid,False,0.0,2561.733,5000,inf
2019-01-24,588.95,9.234,598.184,516.018,172.44,688.458,598.184,90.274,45.974,0.0,0.0,44.3,0.0,0.0,0.0,0.0,800.0,0.8,1.0,0.0,0.0,0.0,0.0,0.0,0.0,1.0,0.936,1.0,minimize_generator,full_grid,False,0.0,2606.032,5000,inf
2019-01-25,587.085,8.738,595.823,620.841,39.6,660.441,595.823,64.618,0.0,0.0,0.0,64.618,0.0,0.0,0.0,0.0,800.0,0.8,1.0,0.0,0.0,0.0,0.0,0.0,0.0,1.0,0.902,1.0,minimize_generator,full_grid,False,0.0,2670.65,5000,inf
2019-01-26,585.02,8.91,593.93,568.231,80.4,648.631,593.93,54.701,0.0,0.0,0.0,54.701,0.0,0.0,0.0,0.0,800.0,0.8,1.0,0.0,0.0,0.0,0.0,0.0,0.0,1.0,0.916,1.0,minimize_generator,full_grid,False,0.0,2725.351,5000,inf
2019-01-27,583.155,7.523,590.678,208.02,183.64,391.66,391.66,0.0,0.0,199.018,0.0,0.0,0.0,0.0,0.0,0.0,590.508,0.591,1.0,0.0,0.0,0.0,0.0,0.0,0.0,1.0,1.0,1.0,minimize_generator,full_grid,False,0.0,2725.351,5000,inf
2019-01-28,657.25,9.68,666.93,679.931,394.04,1073.971,666.93,407.041,220.518,0.0,0.0,186.523,0.0,0.0,0.0,0.0,800.0,0.8,1.0,0.0,0.0,0.0,0.0,0.0,0.0,1.0,0.826,1.0,minimize_generator,full_grid,False,0.0,2911.874,5000,inf
2019-01-29,657.61,7.62,665.23,685.826,7.48,693.306,665.23,28.076,0.0,0.0,0.0,28.076,0.0,0.0,0.0,0.0,800.0,0.8,1.0,0.0,0.0,0.0,0.0,0.0,0.0,1.0,0.96,1.0,minimize_generator,full_grid,False,0.0,2939.949,5000,inf
2019-01-30,581.665,8.44,590.105,700.789,11.72,712.509,590.105,122.404,0.0,0.0,0.0,122.404,0.0,0.0,0.0,0.0,800.0,0.8,1.0,0.0,0.0,0.0,0.0,0.0,0.0,1.0,0.828,1.0,minimize_generator,full_grid,False,0.0,3062.353,5000,inf
2019-01-31,660.245,10.427,670.672,703.418,265.92,969.338,670.672,298.666,0.0,0.0,0.0,298.666,0.0,0.0,0.0,0.0,800.0,0.8,1.0,0.0,0.0,0.0,0.0,0.0,0.0,1.0,0.692,1.0,minimize_generator,full_grid,False,0.0,3361.02,5000,inf
2019-02-01,656.69,11.576,668.266,703.157,260.32,963.477,668.266,295.211,0.0,0.0,0.0,295.211,0.0,0.0,0.0,0.0,800.0,0.8,1.0,0.0,0.0,0.0,0.0,0.0,0.0,1.0,0.694,1.0,minimize_generator,full_grid,False,0.0,295.211,5000,inf
2019-02-02,659.86,11.5,671.36,700.798,141.48,842.278,671.36,170.918,0.0,0.0,0.0,170.918,0.0,0.0,0.0,0.0,800.0,0.8,1.0,0.0,0.0,0.0,0.0,0.0,0.0,1.0,0.797,1.0,minimize_generator,full_grid,False,0.0,466.129,5000,inf
2019-02-03,582.795,9.919,592.714,697.705,21.52,719.225,592.714,126.511,0.0,0.0,0.0,126.511,0.0,0.0,0.0,0.0,800.0,0.8,1.0,0.0,0.0,0.0,0.0,0.0,0.0,1.0,0.824,1.0,minimize_generator,full_grid,False,0.0,592.64,5000,inf
2019-02-04,582.795,11.452,594.247,706.676,122.44,829.116,594.247,234.869,0.0,0.0,0.0,234.869,0.0,0.0,0.0,0.0,800.0,0.8,1.0,0.0,0.0,0.0,0.0,0.0,0.0,1.0,0.717,1.0,minimize_generator,full_grid,False,0.0,827.508,5000,inf
2019-02-05,587.445,11.22,598.665,467.582,230.08,697.662,598.665,98.997,0.0,0.0,0.0,98.997,0.0,0.0,0.0,0.0,800.0,0.8,1.0,0.0,0.0,0.0,0.0,0.0,0.0,1.0,0.858,1.0,minimize_generator,full_grid,False,0.0,926.506,5000,inf
2019-02-06,656.865,7.726,664.591,201.279,89.04,290.319,290.319,0.0,0.0,374.272,0.0,0.0,0.0,0.0,0.0,0.0,406.029,0.406,1.0,0.0,0.0,0.0,0.0,0.0,0.0,1.0,1.0,1.0,minimize_generator,full_grid,False,0.0,926.506,5000,inf
2019-02-07,661.725,9.816,671.541,437.687,349.52,787.207,671.541,115.666,115.666,0.0,0.0,0.0,0.0,0.0,0.0,0.0,515.911,0.516,1.0,0.0,0.0,0.0,0.0,0.0,0.0,1.0,1.0,1.0,minimize_generator,full_grid,False,0.0,926.506,5000,inf
2019-02-08,657.81,11.217,669.027,710.916,319.52,1030.436,669.027,361.409,299.041,0.0,0.0,62.369,0.0,0.0,0.0,0.0,800.0,0.8,1.0,0.0,0.0,0.0,0.0,0.0,0.0,1.0,0.939,1.0,minimize_generator,full_grid,False,0.0,988.875,5000,inf
2019-02-09,587.62,10.424,598.044,707.751,244.28,952.031,598.044,353.987,0.0,0.0,0.0,353.987,0.0,0.0,0.0,0.0,800.0,0.8,1.0,0.0,0.0,0.0,0.0,0.0,0.0,1.0,0.628,1.0,minimize_generator,full_grid,False,0.0,1342.862,5000,inf
2019-02-10,584.835,11.511,596.346,717.18,407.32,1124.5,596.346,528.154,0.0,0.0,0.0,528.154,0.0,0.0,0.0,0.0,800.0,0.8,1.0,0.0,0.0,0.0,0.0,0.0,0.0,1.0,0.53,1.0,minimize_generator,full_grid,False,0.0,1871.015,5000,inf
2019-02-11,660.245,11.536,671.781,764.461,289.04,1053.501,671.781,381.72,0.0,0.0,0.0,381.72,0.0,0.0,0.0,0.0,800.0,0.8,1.0,0.0,0.0,0.0,0.0,0.0,0.0,1.0,0.638,1.0,minimize_generator,full_grid,False,0.0,2252.735,5000,inf
2019-02-12,585.395,9.54,594.935,783.375,19.28,802.655,594.935,207.72,0.0,0.0,0.0,207.72,0.0,0.0,0.0,0.0,800.0,0.8,1.0,0.0,0.0,0.0,0.0,0.0,0.0,1.0,0.741,1.0,minimize_generator,full_grid,False,0.0,2460.455,5000,inf
2019-02-13,662.11,9.119,671.229,740.388,9.76,750.148,671.229,78.919,0.0,0.0,0.0,78.919,0.0,0.0,0.0,0.0,800.0,0.8,1.0,0.0,0.0,0.0,0.0,0.0,0.0,1.0,0.895,1.0,minimize_generator,full_grid,False,0.0,2539.374,5000,inf
2019-02-14,588.18,11.181,599.361,750.571,326.52,1077.091,599.361,477.73,0.0,0.0,0.0,477.73,0.0,0.0,0.0,0.0,800.0,0.8,1.0,0.0,0.0,0.0,0.0,0.0,0.0,1.0,0.556,1.0,minimize_generator,full_grid,False,0.0,3017.104,5000,inf
2019-02-15,662.685,389.443,1052.128,659.865,280.76,940.625,940.625,0.0,0.0,111.503,0.0,0.0,0.0,0.0,0.0,0.0,682.628,0.683,1.0,0.0,0.0,0.0,0.0,0.0,0.0,1.0,1.0,1.0,minimize_generator,full_grid,False,0.0,3017.104,5000,inf
2019-02-16,658.94,382.82,1041.76,621.711,203.48,825.191,825.191,0.0,0.0,216.569,0.0,0.0,0.0,0.0,0.0,0.0,454.661,0.455,1.0,0.0,0.0,0.0,0.0,0.0,0.0,1.0,1.0,1.0,minimize_generator,full_grid,False,0.0,3017.104,5000,inf
2019-02-17,589.31,417.536,1006.846,802.407,117.4,919.807,919.807,0.0,0.0,87.039,0.0,0.0,0.0,0.0,0.0,0.0,363.04,0.363,1.0,0.0,0.0,0.0,0.0,0.0,0.0,1.0,1.0,1.0,minimize_generator,full_grid,False,0.0,3017.104,5000,inf
2019-02-18,588.005,393.947,981.952,656.05,326.52,982.57,981.952,0.618,0.618,0.0,0.0,0.0,0.0,0.0,0.0,0.0,363.627,0.364,1.0,0.0,0.0,0.0,0.0,0.0,0.0,1.0,1.0,1.0,minimize_generator,full_grid,False,0.0,3017.104,5000,inf
2019-02-19,588.95,426.485,1015.435,823.459,125.84,949.299,949.299,0.0,0.0,66.136,0.0,0.0,0.0,0.0,0.0,0.0,294.01,0.294,1.0,0.0,0.0,0.0,0.0,0.0,0.0,1.0,1.0,1.0,minimize_generator,full_grid,False,0.0,3017.104,5000,inf
2019-02-20,658.73,423.872,1082.602,821.069,41.52,862.589,862.589,0.0,0.0,89.309,130.703,0.0,0.0,0.0,0.0,0.0,200.0,0.2,1.0,0.0,0.0,10.689,0.0,0.0,10.689,0.879,1.0,0.879,minimize_generator,full_grid,False,130.703,3017.104,5000,inf
2019-02-21,657.61,468.254,1125.864,817.653,334.28,1151.933,1125.864,26.069,26.069,0.0,0.0,0.0,0.0,0.0,0.0,0.0,224.765,0.225,1.0,0.0,0.0,0.0,0.0,0.0,0.0,1.0,1.0,1.0,minimize_generator,full_grid,False,130.703,3017.104,5000,inf
2019-02-22,588.565,444.097,1032.662,808.381,274.28,1082.661,1032.662,49.999,49.999,0.0,0.0,0.0,0.0,0.0,0.0,0.0,272.264,0.272,1.0,0.0,0.0,0.0,0.0,0.0,0.0,1.0,1.0,1.0,minimize_generator,full_grid,False,130.703,3017.104,5000,inf
2019-02-23,657.075,423.958,1081.033,813.072,67.6,880.672,880.672,0.0,0.0,68.651,131.711,0.0,0.0,0.0,0.0,0.0,200.0,0.2,1.0,0.0,0.0,10.771,0.0,0.0,10.771,0.878,1.0,0.878,minimize_generator,full_grid,False,262.414,3017.104,5000,inf
2019-02-24,658.17,359.571,1017.741,658.218,2.36,660.578,660.578,0.0,0.0,0.0,357.163,0.0,0.0,0.0,0.0,0.0,200.0,0.2,1.0,0.0,0.0,29.378,0.0,0.0,29.378,0.649,1.0,0.649,minimize_generator,full_grid,False,619.577,3017.104,5000,inf
2019-02-25,583.355,545.334,1128.689,710.027,191.16,901.187,901.187,0.0,0.0,0.0,227.502,0.0,0.0,0.0,0.0,0.0,200.0,0.2,1.0,0.0,0.0,18.35,0.0,0.0,18.35,0.798,1.0,0.798,minimize_generator,full_grid,False,847.08,3017.104,5000,inf
2019-02-26,660.035,461.366,1121.401,660.311,375.52,1035.831,1035.831,0.0,0.0,0.0,85.57,0.0,0.0,0.0,0.0,0.0,200.0,0.2,1.0,0.0,0.0,6.977,0.0,0.0,6.977,0.924,1.0,0.924,minimize_generator,full_grid,False,932.65,3017.104,5000,inf
2019-02-27,588.005,357.943,945.948,650.492,424.92,1075.412,945.948,129.464,129.464,0.0,0.0,0.0,0.0,0.0,0.0,0.0,322.991,0.323,1.0,0.0,0.0,0.0,0.0,0.0,0.0,1.0,1.0,1.0,minimize_generator,full_grid,False,932.65,3017.104,5000,inf
2019-02-28,587.62,509.165,1096.785,770.088,526.6,1296.688,1096.785,199.903,199.903,0.0,0.0,0.0,0.0,0.0,0.0,0.0,512.899,0.513,1.0,0.0,0.0,0.0,0.0,0.0,0.0,1.0,1.0,1.0,minimize_generator,full_grid,False,932.65,3017.104,5000,inf
2019-03-01,585.965,423.394,1009.359,691.269,438.88,1130.149,1009.359,120.79,120.79,0.0,0.0,0.0,0.0,0.0,0.0,0.0,627.65,0.628,1.0,0.0,0.0,0.0,0.0,0.0,0.0,1.0,1.0,1.0,minimize_generator,full_grid,False,0.0,0.0,5000,inf
2019-03-02,585.755,440.324,1026.079,816.473,171.48,987.953,987.953,0.0,0.0,38.126,0.0,0.0,0.0,0.0,0.0,0.0,587.517,0.588,1.0,0.0,0.0,0.0,0.0,0.0,0.0,1.0,1.0,1.0,minimize_generator,full_grid,False,0.0,0.0,5000,inf
2019-03-03,587.62,530.611,1118.231,900.301,157.68,1057.981,1057.981,0.0,0.0,60.25,0.0,0.0,0.0,0.0,0.0,0.0,524.096,0.524,1.0,0.0,0.0,0.0,0.0,0.0,0.0,1.0,1.0,1.0,minimize_generator,full_grid,False,0.0,0.0,5000,inf
2019-03-04,657.075,472.565,1129.64,888.356,94.28,982.636,982.636,0.0,0.0,147.004,0.0,0.0,0.0,0.0,0.0,0.0,369.355,0.369,1.0,0.0,0.0,0.0,0.0,0.0,0.0,1.0,1.0,1.0,minimize_generator,full_grid,False,0.0,0.0,5000,inf
2019-03-05,730.57,434.241,1164.811,636.456,271.52,907.976,907.976,0.0,0.0,160.887,95.948,0.0,0.0,0.0,0.0,0.0,200.0,0.2,1.0,0.0,0.0,8.133,0.0,0.0,8.133,0.918,1.0,0.918,minimize_generator,full_grid,False,95.948,0.0,5000,inf
2019-03-06,658.17,513.612,1171.782,893.005,173.36,1066.365,1066.365,0.0,0.0,0.0,105.417,0.0,0.0,0.0,0.0,0.0,200.0,0.2,1.0,0.0,0.0,8.848,0.0,0.0,8.848,0.91,1.0,0.91,minimize_generator,full_grid,False,201.366,0.0,5000,inf
2019-03-07,660.98,556.613,1217.593,906.807,262.16,1168.967,1168.967,0.0,0.0,0.0,48.626,0.0,0.0,0.0,0.0,0.0,200.0,0.2,1.0,0.0,0.0,4.07,0.0,0.0,4.07,0.96,1.0,0.96,minimize_generator,full_grid,False,249.992,0.0,5000,inf
2019-03-08,662.11,582.012,1244.122,957.12,78.28,1035.4,1035.4,0.0,0.0,0.0,208.722,0.0,0.0,0.0,0.0,0.0,200.0,0.2,1.0,0.0,0.0,17.441,0.0,0.0,17.441,0.832,1.0,0.832,minimize_generator,full_grid,False,458.714,0.0,5000,inf
2019-03-09,661.34,581.838,1243.178,966.174,63.16,1029.334,1029.334,0.0,0.0,0.0,213.844,0.0,0.0,0.0,0.0,0.0,200.0,0.2,1.0,0.0,0.0,17.868,0.0,0.0,17.868,0.828,1.0,0.828,minimize_generator,full_grid,False,672.557,0.0,5000,inf
2019-03-10,660.805,646.508,1307.313,962.318,280.76,1243.078,1243.078,0.0,0.0,0.0,64.235,0.0,0.0,0.0,0.0,0.0,200.0,0.2,1.0,0.0,0.0,5.346,0.0,0.0,5.346,0.951,1.0,0.951,minimize_generator,full_grid,False,736.792,0.0,5000,inf
2019-03-11,656.865,629.167,1286.032,976.425,231.96,1208.385,1208.385,0.0,0.0,0.0,77.647,0.0,0.0,0.0,0.0,0.0,200.0,0.2,1.0,0.0,0.0,6.467,0.0,0.0,6.467,0.94,1.0,0.94,minimize_generator,full_grid,False,814.439,0.0,5000,inf
2019-03-12,730.57,567.787,1298.357,894.617,55.4,950.017,950.017,0.0,0.0,0.0,348.34,0.0,0.0,0.0,0.0,0.0,200.0,0.2,1.0,0.0,0.0,29.242,0.0,0.0,29.242,0.732,1.0,0.732,minimize_generator,full_grid,False,1162.779,0.0,5000,inf
2019-03-13,732.06,682.172,1414.232,859.294,220.56,1079.854,1079.854,0.0,0.0,0.0,334.378,0.0,0.0,0.0,0.0,0.0,200.0,0.2,1.0,0.0,0.0,27.878,0.0,0.0,27.878,0.764,1.0,0.764,minimize_generator,full_grid,False,1497.157,0.0,5000,inf
2019-03-14,589.125,545.485,1134.61,862.404,476.24,1338.644,1134.61,204.034,204.034,0.0,0.0,0.0,0.0,0.0,0.0,0.0,393.832,0.394,1.0,0.0,0.0,0.0,0.0,0.0,0.0,1.0,1.0,1.0,minimize_generator,full_grid,False,1497.157,0.0,5000,inf
2019-03-15,658.73,582.51,1241.24,942.615,59.52,1002.135,1002.135,0.0,0.0,184.141,54.964,0.0,0.0,0.0,0.0,0.0,200.0,0.2,1.0,0.0,0.0,4.592,0.0,0.0,4.592,0.956,1.0,0.956,minimize_generator,full_grid,False,1552.121,0.0,5000,inf
2019-03-16,661.725,580.778,1242.503,847.337,427.64,1274.977,1242.503,32.474,32.474,0.0,0.0,0.0,0.0,0.0,0.0,0.0,230.85,0.231,1.0,0.0,0.0,0.0,0.0,0.0,0.0,1.0,1.0,1.0,minimize_generator,full_grid,False,1552.121,0.0,5000,inf
2019-03-17,659.475,638.522,1297.997,986.594,331.72,1318.314,1297.997,20.317,20.317,0.0,0.0,0.0,0.0,0.0,0.0,0.0,250.152,0.25,1.0,0.0,0.0,0.0,0.0,0.0,0.0,1.0,1.0,1.0,minimize_generator,full_grid,False,1552.121,0.0,5000,inf
2019-03-18,665.67,644.215,1309.885,1001.373,44.04,1045.413,1045.413,0.0,0.0,47.644,216.828,0.0,0.0,0.0,0.0,0.0,200.0,0.2,1.0,0.0,0.0,18.052,0.0,0.0,18.052,0.834,1.0,0.834,minimize_generator,full_grid,False,1768.949,0.0,5000,inf
2019-03-19,660.805,707.852,1368.657,993.028,214.84,1207.868,1207.868,0.0,0.0,0.0,160.789,0.0,0.0,0.0,0.0,0.0,200.0,0.2,1.0,0.0,0.0,13.334,0.0,0.0,13.334,0.883,1.0,0.883,minimize_generator,full_grid,False,1929.737,0.0,5000,inf
2019-03-20,735.43,651.72,1387.15,937.186,246.16,1183.346,1183.346,0.0,0.0,0.0,203.804,0.0,0.0,0.0,0.0,0.0,200.0,0.2,1.0,0.0,0.0,17.024,0.0,0.0,17.024,0.853,1.0,0.853,minimize_generator,full_grid,False,2133.541,0.0,5000,inf
2019-03-21,732.06,761.046,1493.106,952.624,390.24,1342.864,1342.864,0.0,0.0,0.0,150.242,0.0,0.0,0.0,0.0,0.0,200.0,0.2,1.0,0.0,0.0,12.474,0.0,0.0,12.474,0.899,1.0,0.899,minimize_generator,full_grid,False,2283.784,0.0,5000,inf
2019-03-22,665.67,751.7,1417.37,991.506,234.8,1226.306,1226.306,0.0,0.0,0.0,191.064,0.0,0.0,0.0,0.0,0.0,200.0,0.2,1.0,0.0,0.0,15.813,0.0,0.0,15.813,0.865,1.0,0.865,minimize_generator,full_grid,False,2474.848,0.0,5000,inf
2019-03-23,732.06,650.431,1382.491,685.924,88.32,774.244,774.244,0.0,0.0,0.0,608.247,0.0,0.0,0.0,0.0,0.0,200.0,0.2,1.0,0.0,0.0,50.804,0.0,0.0,50.804,0.56,1.0,0.56,minimize_generator,full_grid,False,3083.095,0.0,5000,inf
2019-03-24,732.62,669.053,1401.673,816.693,450.28,1266.973,1266.973,0.0,0.0,0.0,134.7,0.0,0.0,0.0,0.0,0.0,200.0,0.2,1.0,0.0,0.0,11.239,0.0,0.0,11.239,0.904,1.0,0.904,minimize_generator,full_grid,False,3217.795,0.0,5000,inf
2019-03-25,663.605,652.552,1316.157,841.374,420.08,1261.454,1261.454,0.0,0.0,0.0,54.703,0.0,0.0,0.0,0.0,0.0,200.0,0.2,1.0,0.0,0.0,4.551,0.0,0.0,4.551,0.958,1.0,0.958,minimize_generator,full_grid,False,3272.498,0.0,5000,inf
2019-03-26,663.07,700.975,1364.045,1004.665,150.44,1155.105,1155.105,0.0,0.0,0.0,208.94,0.0,0.0,0.0,0.0,0.0,200.0,0.2,1.0,0.0,0.0,17.336,0.0,0.0,17.336,0.847,1.0,0.847,minimize_generator,full_grid,False,3481.438,0.0,5000,inf
2019-03-27,729.625,734.27,1463.895,1015.877,178.0,1193.877,1193.877,0.0,0.0,0.0,270.018,0.0,0.0,0.0,0.0,0.0,200.0,0.2,1.0,0.0,0.0,22.447,0.0,0.0,22.447,0.816,1.0,0.816,minimize_generator,full_grid,False,3751.456,0.0,5000,inf
2019-03-28,732.795,750.69,1483.485,1018.778,70.84,1089.618,1089.618,0.0,0.0,0.0,393.867,0.0,0.0,0.0,0.0,0.0,200.0,0.2,1.0,0.0,0.0,32.72,0.0,0.0,32.72,0.734,1.0,0.734,minimize_generator,full_grid,False,4145.323,0.0,5000,inf
2019-03-29,730.57,775.17,1505.74,908.172,46.6,954.772,954.772,0.0,0.0,0.0,550.968,0.0,0.0,0.0,0.0,0.0,200.0,0.2,1.0,0.0,0.0,45.709,0.0,0.0,45.709,0.634,1.0,0.634,minimize_generator,full_grid,False,4696.291,0.0,5000,inf
2019-03-30,660.98,743.42,1404.4,808.553,424.24,1232.793,1232.793,0.0,0.0,0.0,171.607,0.0,0.0,0.0,0.0,0.0,200.0,0.2,1.0,0.0,0.0,14.205,0.0,0.0,14.205,0.878,1.0,0.878,minimize_generator,full_grid,False,4867.898,0.0,5000,inf
2019-03-31,664.55,640.651,1305.201,638.19,456.92,1095.11,1095.11,0.0,12.011,0.0,132.102,0.0,77.989,12.011,0.0,0.0,211.411,0.211,0.946,54.0,6.0,11.0,0.0,26.498,37.497,0.899,1.0,0.839,minimize_generator,full_grid,False,5000.0,0.0,5000,inf
2019-04-01,730.57,762.987,1493.557,922.692,194.92,1117.612,1117.612,0.0,0.0,10.84,365.105,0.0,0.0,0.0,0.0,0.0,200.0,0.2,0.946,0.0,0.0,30.818,0.0,0.0,30.818,0.756,1.0,0.755,minimize_generator,full_grid,False,365.105,0.0,5000,inf
2019-04-02,730.93,720.696,1451.626,941.301,21.52,962.821,962.821,0.0,0.0,0.0,488.805,0.0,0.0,0.0,0.0,0.0,200.0,0.2,0.946,0.0,0.0,41.351,0.0,0.0,41.351,0.663,1.0,0.663,minimize_generator,full_grid,False,853.91,0.0,5000,inf
2019-04-03,809.905,752.707,1562.612,789.499,192.12,981.619,981.619,0.0,0.0,0.0,580.993,0.0,0.0,0.0,0.0,0.0,200.0,0.2,0.946,0.0,0.0,49.26,0.0,0.0,49.26,0.628,1.0,0.628,minimize_generator,full_grid,False,1434.903,0.0,5000,inf
2019-04-04,663.605,808.635,1472.24,855.137,154.04,1009.177,1009.177,0.0,0.0,0.0,463.063,0.0,0.0,0.0,0.0,0.0,200.0,0.2,0.946,0.0,0.0,38.858,0.0,0.0,38.858,0.685,1.0,0.685,minimize_generator,full_grid,False,1897.966,0.0,5000,inf
2019-04-05,734.125,898.457,1632.582,1041.25,303.52,1344.77,1344.77,0.0,0.0,0.0,287.812,0.0,0.0,0.0,0.0,0.0,200.0,0.2,0.946,0.0,0.0,24.148,0.0,0.0,24.148,0.824,1.0,0.824,minimize_generator,full_grid,False,2185.778,0.0,5000,inf
2019-04-06,738.03,715.307,1453.337,750.395,22.88,773.275,773.275,0.0,0.0,0.0,680.062,0.0,0.0,0.0,0.0,0.0,200.0,0.2,0.946,0.0,0.0,57.568,0.0,0.0,57.568,0.532,1.0,0.532,minimize_generator,full_grid,False,2865.84,0.0,5000,inf
2019-04-07,812.155,869.521,1681.676,911.796,1.4,913.196,913.196,0.0,0.0,0.0,768.48,0.0,0.0,0.0,0.0,0.0,200.0,0.2,0.946,0.0,0.0,64.806,0.0,0.0,64.806,0.543,1.0,0.543,minimize_generator,full_grid,False,3634.32,0.0,5000,inf
2019-04-08,731.49,589.264,1320.754,393.734,72.16,465.894,465.894,0.0,0.0,0.0,854.86,0.0,0.0,0.0,0.0,0.0,200.0,0.2,0.946,0.0,0.0,72.872,0.0,0.0,72.872,0.353,1.0,0.353,minimize_generator,full_grid,False,4489.179,0.0,5000,inf
2019-04-09,735.22,1001.831,1737.051,1017.108,18.36,1035.468,1035.468,0.0,0.0,0.0,510.821,0.0,190.762,0.0,0.0,0.0,200.0,0.2,0.946,114.457,12.717,42.684,0.0,58.442,101.126,0.706,1.0,0.596,minimize_generator,full_grid,False,5000.0,0.0,5000,inf
2019-04-10,735.79,1011.634,1747.424,1073.602,418.0,1491.602,1491.602,0.0,0.0,0.0,0.0,0.0,255.822,0.0,0.0,0.0,200.0,0.2,0.946,153.493,17.055,0.0,0.0,78.374,78.374,1.0,1.0,0.854,minimize_generator,full_grid,False,5000.0,0.0,5000,inf
2019-04-11,734.87,1113.231,1848.101,1104.189,276.16,1380.349,1380.349,0.0,0.0,0.0,0.0,0.0,467.752,0.0,0.0,0.0,200.0,0.2,0.946,237.55,24.0,0.0,0.0,121.293,121.293,1.0,1.0,0.747,minimize_generator,full_grid,False,5000.0,0.0,5000,inf
2019-04-12,733.925,1022.547,1756.472,1115.731,89.04,1204.771,1204.771,0.0,0.0,0.0,0.0,0.0,551.701,0.0,0.0,0.0,200.0,0.2,0.946,254.34,24.0,0.0,0.0,129.866,129.866,1.0,1.0,0.686,minimize_generator,full_grid,False,5000.0,0.0,5000,inf
2019-04-13,736.35,1006.508,1742.858,1079.697,90.52,1170.217,1170.217,0.0,0.0,0.0,0.0,0.0,572.641,0.0,0.0,0.0,200.0,0.2,0.946,258.528,24.0,0.0,0.0,132.004,132.004,1.0,1.0,0.671,minimize_generator,full_grid,False,5000.0,0.0,5000,inf
2019-04-14,662.11,876.959,1539.069,886.671,134.44,1021.111,1021.111,0.0,0.0,0.0,0.0,0.0,517.958,0.0,0.0,0.0,200.0,0.2,0.946,247.592,24.0,0.0,0.0,126.42,126.42,1.0,1.0,0.663,minimize_generator,full_grid,False,5000.0,0.0,5000,inf
2019-04-15,737.855,689.546,1427.401,566.155,187.4,753.555,753.555,0.0,0.0,0.0,0.0,0.0,673.846,0.0,0.0,0.0,200.0,0.2,0.946,278.769,24.0,0.0,0.0,142.34,142.34,1.0,1.0,0.528,minimize_generator,full_grid,False,5000.0,0.0,5000,inf
2019-04-16,736.165,818.549,1554.714,977.435,374.72,1352.155,1352.155,0.0,0.0,0.0,0.0,0.0,202.559,0.0,0.0,0.0,200.0,0.2,0.946,121.536,13.504,0.0,0.0,62.056,62.056,1.0,1.0,0.87,minimize_generator,full_grid,False,5000.0,0.0,5000,inf
2019-04-17,735.22,750.69,1485.91,1100.437,444.0,1544.437,1485.91,58.527,58.527,0.0,0.0,0.0,0.0,0.0,0.0,0.0,255.601,0.256,0.958,0.0,0.0,0.0,0.0,0.0,0.0,1.0,1.0,1.0,minimize_generator,full_grid,False,5000.0,0.0,5000,inf
2019-04-18,814.94,698.467,1513.407,1141.399,390.24,1531.639,1513.407,18.232,18.232,0.0,0.0,0.0,0.0,0.0,0.0,0.0,272.922,0.273,0.96,0.0,0.0,0.0,0.0,0.0,0.0,1.0,1.0,1.0,minimize_generator,full_grid,False,5000.0,0.0,5000,inf
2019-04-19,734.125,646.82,1380.945,1099.139,312.48,1411.619,1380.945,30.674,30.674,0.0,0.0,0.0,0.0,0.0,0.0,0.0,302.062,0.302,0.964,0.0,0.0,0.0,0.0,0.0,0.0,1.0,1.0,1.0,minimize_generator,full_grid,False,5000.0,0.0,5000,inf
2019-04-20,735.43,643.805,1379.235,1143.458,374.72,1518.178,1379.235,138.943,138.943,0.0,0.0,0.0,0.0,0.0,0.0,0.0,434.059,0.434,0.975,0.0,0.0,0.0,0.0,0.0,0.0,1.0,1.0,1.0,minimize_generator,full_grid,False,5000.0,0.0,5000,inf
2019-04-21,815.71,586.543,1402.253,1141.688,519.88,1661.568,1402.253,259.315,259.315,0.0,0.0,0.0,0.0,0.0,0.0,0.0,680.408,0.68,0.984,0.0,0.0,0.0,0.0,0.0,0.0,1.0,1.0,1.0,minimize_generator,full_grid,False,5000.0,0.0,5000,inf
2019-04-22,734.485,569.63,1304.115,1173.317,368.36,1541.677,1304.115,237.562,125.887,0.0,0.0,111.675,0.0,0.0,0.0,0.0,800.0,0.8,0.987,0.0,0.0,0.0,0.0,0.0,0.0,1.0,0.928,1.0,minimize_generator,full_grid,False,5000.0,111.675,5000,inf
2019-04-23,735.79,563.767,1299.557,1120.117,158.6,1278.717,1278.717,0.0,0.0,20.84,0.0,0.0,0.0,0.0,0.0,0.0,778.063,0.778,0.987,0.0,0.0,0.0,0.0,0.0,0.0,1.0,1.0,1.0,minimize_generator,full_grid,False,5000.0,111.675,5000,inf
2019-04-24,737.655,522.989,1260.644,1092.954,111.64,1204.594,1204.594,0.0,0.0,56.05,0.0,0.0,0.0,0.0,0.0,0.0,719.063,0.719,0.987,0.0,0.0,0.0,0.0,0.0,0.0,1.0,1.0,0.999,minimize_generator,full_grid,False,5000.0,111.675,5000,inf
2019-04-25,812.715,391.887,1204.602,1056.041,118.24,1174.281,1174.281,0.0,0.0,30.321,0.0,0.0,0.0,0.0,0.0,0.0,687.145,0.687,0.987,0.0,0.0,0.0,0.0,0.0,0.0,1.0,1.0,1.0,minimize_generator,full_grid,False,5000.0,111.675,5000,inf
2019-04-26,810.675,277.489,1088.164,1096.281,170.56,1266.841,1088.164,178.677,118.794,0.0,0.0,59.882,0.0,0.0,0.0,0.0,800.0,0.8,0.988,0.0,0.0,0.0,0.0,0.0,0.0,1.0,0.953,1.0,minimize_generator,full_grid,False,5000.0,171.557,5000,inf
2019-04-27,734.3,190.668,924.968,1091.869,369.96,1461.829,924.968,536.861,0.0,0.0,0.0,536.861,0.0,0.0,0.0,0.0,800.0,0.8,0.988,0.0,0.0,0.0,0.0,0.0,0.0,1.0,0.633,1.0,minimize_generator,full_grid,False,5000.0,708.419,5000,inf
2019-04-28,737.47,121.906,859.376,1157.717,192.12,1349.837,859.376,490.461,0.0,0.0,0.0,490.461,0.0,0.0,0.0,0.0,800.0,0.8,0.988,0.0,0.0,0.0,0.0,0.0,0.0,1.0,0.637,1.0,minimize_generator,full_grid,False,5000.0,1198.879,5000,inf
2019-04-29,737.47,71.533,809.003,1084.818,41.04,1125.858,809.003,316.855,0.0,0.0,0.0,316.855,0.0,0.0,0.0,0.0,800.0,0.8,0.988,0.0,0.0,0.0,0.0,0.0,0.0,1.0,0.719,1.0,minimize_generator,full_grid,False,5000.0,1515.734,5000,inf
2019-04-30,810.85,54.232,865.082,1068.587,207.24,1275.827,865.082,410.745,0.0,0.0,0.0,410.745,0.0,0.0,0.0,0.0,800.0,0.8,0.988,0.0,0.0,0.0,0.0,0.0,0.0,1.0,0.678,1.0,minimize_generator,full_grid,False,5000.0,1926.479,5000,inf
2019-05-01,812.9,1205.351,2018.251,1049.665,14.16,1063.825,1063.825,0.0,0.0,570.0,384.426,0.0,0.0,0.0,0.0,0.0,200.0,0.2,0.988,0.0,0.0,32.229,0.0,0.0,32.229,0.81,1.0,0.806,minimize_generator,full_grid,False,384.426,0.0,5000,inf
2019-05-02,813.285,1228.574,2041.859,968.138,68.88,1037.018,1037.018,0.0,0.0,0.0,1004.841,0.0,0.0,0.0,0.0,0.0,200.0,0.2,0.988,0.0,0.0,84.184,0.0,0.0,84.184,0.508,1.0,0.508,minimize_generator,full_grid,False,1389.268,0.0,5000,inf
2019-05-03,734.485,1198.913,1933.398,971.927,420.8,1392.727,1392.727,0.0,0.0,0.0,540.671,0.0,0.0,0.0,0.0,0.0,200.0,0.2,0.988,0.0,0.0,45.167,0.0,0.0,45.167,0.72,1.0,0.72,minimize_generator,full_grid,False,1929.939,0.0,5000,inf
2019-05-04,816.27,1184.203,2000.473,1149.738,180.8,1330.538,1330.538,0.0,0.0,0.0,669.935,0.0,0.0,0.0,0.0,0.0,200.0,0.2,0.988,0.0,0.0,56.211,0.0,0.0,56.211,0.665,1.0,0.665,minimize_generator,full_grid,False,2599.874,0.0,5000,inf
2019-05-05,813.46,1235.515,2048.975,1087.469,43.0,1130.469,1130.469,0.0,0.0,0.0,918.506,0.0,0.0,0.0,0.0,0.0,200.0,0.2,0.988,0.0,0.0,76.935,0.0,0.0,76.935,0.552,1.0,0.552,minimize_generator,full_grid,False,3518.38,0.0,5000,inf
2019-05-06,818.135,1184.328,2002.463,1085.756,56.56,1142.316,1142.316,0.0,0.0,0.0,860.147,0.0,0.0,0.0,0.0,0.0,200.0,0.2,0.988,0.0,0.0,72.176,0.0,0.0,72.176,0.57,1.0,0.57,minimize_generator,full_grid,False,4378.526,0.0,5000,inf
2019-05-07,814.94,1065.198,1880.138,815.236,517.6,1332.836,1332.836,0.0,0.0,0.0,547.302,0.0,0.0,0.0,0.0,0.0,200.0,0.2,0.988,0.0,0.0,46.102,0.0,0.0,46.102,0.709,1.0,0.709,minimize_generator,full_grid,False,4925.828,0.0,5000,inf
2019-05-08,817.575,1033.657,1851.232,1067.063,351.2,1418.263,1418.263,0.0,0.0,0.0,74.172,0.0,358.797,0.0,0.0,0.0,200.0,0.2,0.988,215.278,23.92,6.256,0.0,112.138,118.394,0.96,1.0,0.766,minimize_generator,full_grid,False,5000.0,0.0,5000,inf
2019-05-09,815.5,878.186,1693.686,1182.78,461.08,1643.86,1643.86,0.0,40.174,0.0,0.0,0.0,49.826,40.174,0.0,0.0,238.165,0.238,0.83,54.0,6.0,0.0,0.0,28.129,28.129,1.0,1.0,0.971,minimize_generator,full_grid,False,5000.0,0.0,5000,inf
2019-05-10,889.66,895.004,1784.664,1189.689,187.4,1377.089,1377.089,0.0,0.0,36.257,0.0,0.0,371.318,0.0,0.0,0.0,200.0,0.2,0.83,218.264,24.0,0.0,0.0,113.694,113.694,1.0,1.0,0.788,minimize_generator,full_grid,False,5000.0,0.0,5000,inf
2019-05-11,816.27,924.745,1741.015,1153.959,119.08,1273.039,1273.039,0.0,0.0,0.0,0.0,0.0,467.976,0.0,0.0,0.0,200.0,0.2,0.83,237.595,24.0,0.0,0.0,123.763,123.763,1.0,1.0,0.731,minimize_generator,full_grid,False,5000.0,0.0,5000,inf
2019-05-12,814.405,915.489,1729.894,1153.951,33.72,1187.671,1187.671,0.0,0.0,0.0,0.0,0.0,542.223,0.0,0.0,0.0,200.0,0.2,0.83,252.445,24.0,0.0,0.0,131.498,131.498,1.0,1.0,0.687,minimize_generator,full_grid,False,5000.0,0.0,5000,inf
2019-05-13,894.135,856.213,1750.348,1159.141,21.88,1181.021,1181.021,0.0,0.0,0.0,0.0,0.0,569.327,0.0,0.0,0.0,200.0,0.2,0.83,257.865,24.0,0.0,0.0,134.322,134.322,1.0,1.0,0.675,minimize_generator,full_grid,False,5000.0,0.0,5000,inf
2019-05-14,818.495,770.73,1589.225,1162.851,3.92,1166.771,1166.771,0.0,0.0,0.0,0.0,0.0,422.454,0.0,0.0,0.0,200.0,0.2,0.83,228.491,24.0,0.0,0.0,119.021,119.021,1.0,1.0,0.734,minimize_generator,full_grid,False,5000.0,0.0,5000,inf
2019-05-15,817.75,691.035,1508.785,1148.856,6.44,1155.296,1155.296,0.0,0.0,0.0,0.0,0.0,353.489,0.0,0.0,0.0,200.0,0.2,0.83,212.093,23.566,0.0,0.0,110.479,110.479,1.0,1.0,0.766,minimize_generator,full_grid,False,5000.0,0.0,5000,inf
2019-05-16,811.035,664.822,1475.857,1045.658,2.2,1047.858,1047.858,0.0,0.0,0.0,0.0,0.0,427.999,0.0,0.0,0.0,200.0,0.2,0.83,229.6,24.0,0.0,0.0,119.599,119.599,1.0,1.0,0.71,minimize_generator,full_grid,False,5000.0,0.0,5000,inf
2019-05-17,811.21,589.139,1400.349,1020.874,219.6,1240.474,1240.474,0.0,0.0,0.0,0.0,0.0,159.875,0.0,0.0,0.0,200.0,0.2,0.83,95.925,10.658,0.0,0.0,49.967,49.967,1.0,1.0,0.886,minimize_generator,full_grid,False,5000.0,0.0,5000,inf
2019-05-18,817.575,517.684,1335.259,1161.663,252.8,1414.463,1335.259,79.204,79.204,0.0,0.0,0.0,0.0,0.0,0.0,0.0,275.244,0.275,0.876,0.0,0.0,0.0,0.0,0.0,0.0,1.0,1.0,1.0,minimize_generator,full_grid,False,5000.0,0.0,5000,inf
2019-05-19,817.19,450.284,1267.474,1178.727,271.52,1450.247,1267.474,182.773,182.773,0.0,0.0,0.0,0.0,0.0,0.0,0.0,448.878,0.449,0.924,0.0,0.0,0.0,0.0,0.0,0.0,1.0,1.0,1.0,minimize_generator,full_grid,False,5000.0,0.0,5000,inf
2019-05-20,814.58,297.581,1112.161,1164.744,92.04,1256.784,1112.161,144.623,144.623,0.0,0.0,0.0,0.0,0.0,0.0,0.0,586.27,0.586,0.942,0.0,0.0,0.0,0.0,0.0,0.0,1.0,1.0,1.0,minimize_generator,full_grid,False,5000.0,0.0,5000,inf
2019-05-21,817.75,333.189,1150.939,1134.847,23.92,1158.767,1150.939,7.828,7.828,0.0,0.0,0.0,0.0,0.0,0.0,0.0,593.706,0.594,0.943,0.0,0.0,0.0,0.0,0.0,0.0,1.0,1.0,1.0,minimize_generator,full_grid,False,5000.0,0.0,5000,inf
2019-05-22,893.95,280.322,1174.272,1123.204,18.36,1141.564,1141.564,0.0,0.0,32.708,0.0,0.0,0.0,0.0,0.0,0.0,559.277,0.559,0.943,0.0,0.0,0.0,0.0,0.0,0.0,1.0,1.0,0.998,minimize_generator,full_grid,False,5000.0,0.0,5000,inf
2019-05-23,890.965,230.935,1121.9,1129.16,61.32,1190.48,1121.9,68.58,68.58,0.0,0.0,0.0,0.0,0.0,0.0,0.0,624.428,0.624,0.949,0.0,0.0,0.0,0.0,0.0,0.0,1.0,1.0,1.0,minimize_generator,full_grid,False,5000.0,0.0,5000,inf
2019-05-24,813.635,139.262,952.897,1073.933,65.68,1139.613,952.897,186.716,184.813,0.0,0.0,1.903,0.0,0.0,0.0,0.0,800.0,0.8,0.96,0.0,0.0,0.0,0.0,0.0,0.0,1.0,0.998,1.0,minimize_generator,full_grid,False,5000.0,1.903,5000,inf
2019-05-25,817.75,123.718,941.468,1078.674,178.0,1256.674,941.468,315.206,0.0,0.0,0.0,315.206,0.0,0.0,0.0,0.0,800.0,0.8,0.96,0.0,0.0,0.0,0.0,0.0,0.0,1.0,0.749,1.0,minimize_generator,full_grid,False,5000.0,317.109,5000,inf
2019-05-26,815.5,111.047,926.547,1110.635,332.56,1443.195,926.547,516.648,0.0,0.0,0.0,516.648,0.0,0.0,0.0,0.0,800.0,0.8,0.96,0.0,0.0,0.0,0.0,0.0,0.0,1.0,0.642,1.0,minimize_generator,full_grid,False,5000.0,833.757,5000,inf
2019-05-27,817.19,95.996,913.186,1097.907,331.72,1429.627,913.186,516.441,0.0,0.0,0.0,516.441,0.0,0.0,0.0,0.0,800.0,0.8,0.96,0.0,0.0,0.0,0.0,0.0,0.0,1.0,0.639,1.0,minimize_generator,full_grid,False,5000.0,1350.198,5000,inf
2019-05-28,817.365,80.371,897.736,1055.095,365.96,1421.055,897.736,523.319,0.0,0.0,0.0,523.319,0.0,0.0,0.0,0.0,800.0,0.8,0.96,0.0,0.0,0.0,0.0,0.0,0.0,1.0,0.632,1.0,minimize_generator,full_grid,False,5000.0,1873.517,5000,inf
2019-05-29,817.365,65.927,883.292,1127.799,110.0,1237.799,883.292,354.507,0.0,0.0,0.0,354.507,0.0,0.0,0.0,0.0,800.0,0.8,0.96,0.0,0.0,0.0,0.0,0.0,0.0,1.0,0.714,1.0,minimize_generator,full_grid,False,5000.0,2228.023,5000,inf
2019-05-30,814.765,51.846,866.611,1101.23,213.92,1315.15,866.611,448.539,0.0,0.0,0.0,448.539,0.0,0.0,0.0,0.0,800.0,0.8,0.96,0.0,0.0,0.0,0.0,0.0,0.0,1.0,0.659,1.0,minimize_generator,full_grid,False,5000.0,2676.562,5000,inf
2019-05-31,889.835,37.699,927.534,1063.084,297.2,1360.284,927.534,432.75,0.0,0.0,0.0,432.75,0.0,0.0,0.0,0.0,800.0,0.8,0.96,0.0,0.0,0.0,0.0,0.0,0.0,1.0,0.682,1.0,minimize_generator,full_grid,False,5000.0,3109.312,5000,inf
2019-06-01,817.75,849.26,1667.01,1044.207,249.0,1293.207,1293.207,0.0,0.0,373.803,0.0,0.0,0.0,0.0,0.0,0.0,406.524,0.407,0.96,0.0,0.0,0.0,0.0,0.0,0.0,1.0,1.0,0.991,minimize_generator,full_grid,False,0.0,0.0,5000,inf
2019-06-02,738.215,816.638,1554.853,1104.511,110.0,1214.511,1214.511,0.0,0.0,196.197,144.144,0.0,0.0,0.0,0.0,0.0,200.0,0.2,0.96,0.0,0.0,12.665,0.0,0.0,12.665,0.907,1.0,0.902,minimize_generator,full_grid,False,144.144,0.0,5000,inf
2019-06-03,898.6,791.683,1690.283,1041.803,54.8,1096.603,1096.603,0.0,0.0,0.0,593.68,0.0,0.0,0.0,0.0,0.0,200.0,0.2,0.96,0.0,0.0,52.614,0.0,0.0,52.614,0.649,1.0,0.649,minimize_generator,full_grid,False,737.824,0.0,5000,inf
2019-06-04,895.255,855.076,1750.331,1036.947,97.36,1134.307,1134.307,0.0,0.0,0.0,616.024,0.0,0.0,0.0,0.0,0.0,200.0,0.2,0.96,0.0,0.0,54.428,0.0,0.0,54.428,0.648,1.0,0.648,minimize_generator,full_grid,False,1353.848,0.0,5000,inf
2019-06-05,890.045,817.598,1707.643,939.816,165.96,1105.776,1105.776,0.0,0.0,0.0,601.867,0.0,0.0,0.0,0.0,0.0,200.0,0.2,0.96,0.0,0.0,53.256,0.0,0.0,53.256,0.648,1.0,0.648,minimize_generator,full_grid,False,1955.715,0.0,5000,inf
2019-06-06,891.7,759.522,1651.222,829.197,359.44,1188.637,1188.637,0.0,0.0,0.0,462.585,0.0,0.0,0.0,0.0,0.0,200.0,0.2,0.96,0.0,0.0,41.048,0.0,0.0,41.048,0.72,1.0,0.72,minimize_generator,full_grid,False,2418.3,0.0,5000,inf
2019-06-07,816.805,833.846,1650.651,1085.511,420.8,1506.311,1506.311,0.0,0.0,0.0,144.34,0.0,0.0,0.0,0.0,0.0,200.0,0.2,0.96,0.0,0.0,12.721,0.0,0.0,12.721,0.913,1.0,0.913,minimize_generator,full_grid,False,2562.64,0.0,5000,inf
2019-06-08,898.24,773.192,1671.432,1152.234,456.36,1608.594,1608.594,0.0,0.0,0.0,62.838,0.0,0.0,0.0,0.0,0.0,200.0,0.2,0.96,0.0,0.0,5.574,0.0,0.0,5.574,0.962,1.0,0.962,minimize_generator,full_grid,False,2625.478,0.0,5000,inf
2019-06-09,899.37,711.533,1610.903,1101.939,182.68,1284.619,1284.619,0.0,0.0,0.0,326.284,0.0,0.0,0.0,0.0,0.0,200.0,0.2,0.96,0.0,0.0,29.033,0.0,0.0,29.033,0.797,1.0,0.797,minimize_generator,full_grid,False,2951.762,0.0,5000,inf
2019-06-10,893.005,719.701,1612.706,1145.101,19.6,1164.701,1164.701,0.0,0.0,0.0,448.005,0.0,0.0,0.0,0.0,0.0,200.0,0.2,0.96,0.0,0.0,39.837,0.0,0.0,39.837,0.722,1.0,0.722,minimize_generator,full_grid,False,3399.767,0.0,5000,inf
2019-06-11,896.375,713.886,1610.261,1155.129,0.08,1155.209,1155.209,0.0,0.0,0.0,455.052,0.0,0.0,0.0,0.0,0.0,200.0,0.2,0.96,0.0,0.0,40.481,0.0,0.0,40.481,0.717,1.0,0.717,minimize_generator,full_grid,False,3854.818,0.0,5000,inf
2019-06-12,893.39,786.5,1679.89,1153.407,357.8,1511.207,1511.207,0.0,0.0,0.0,168.683,0.0,0.0,0.0,0.0,0.0,200.0,0.2,0.96,0.0,0.0,14.95,0.0,0.0,14.95,0.9,1.0,0.9,minimize_generator,full_grid,False,4023.501,0.0,5000,inf
2019-06-13,817.365,687.097,1504.462,1150.922,363.52,1514.442,1504.462,9.98,9.98,0.0,0.0,0.0,0.0,0.0,0.0,0.0,209.481,0.209,0.962,0.0,0.0,0.0,0.0,0.0,0.0,1.0,1.0,1.0,minimize_generator,full_grid,False,4023.501,0.0,5000,inf
2019-06-14,891.525,619.984,1511.509,1113.33,331.72,1445.05,1445.05,0.0,0.0,9.007,57.452,0.0,0.0,0.0,0.0,0.0,200.0,0.2,0.962,0.0,0.0,5.136,0.0,0.0,5.136,0.962,1.0,0.962,minimize_generator,full_grid,False,4080.953,0.0,5000,inf
2019-06-15,893.775,595.021,1488.796,1079.901,154.96,1234.861,1234.861,0.0,0.0,0.0,253.935,0.0,0.0,0.0,0.0,0.0,200.0,0.2,0.962,0.0,0.0,22.738,0.0,0.0,22.738,0.829,1.0,0.829,minimize_generator,full_grid,False,4334.888,0.0,5000,inf
2019-06-16,891.7,634.083,1525.783,1146.555,104.4,1250.955,1250.955,0.0,0.0,0.0,274.828,0.0,0.0,0.0,0.0,0.0,200.0,0.2,0.962,0.0,0.0,24.551,0.0,0.0,24.551,0.82,1.0,0.82,minimize_generator,full_grid,False,4609.716,0.0,5000,inf
2019-06-17,892.83,614.421,1507.251,1128.62,25.72,1154.34,1154.34,0.0,0.0,0.0,352.911,0.0,0.0,0.0,0.0,0.0,200.0,0.2,0.962,0.0,0.0,31.563,0.0,0.0,31.563,0.766,1.0,0.766,minimize_generator,full_grid,False,4962.627,0.0,5000,inf
2019-06-18,893.39,632.864,1526.254,1136.303,289.04,1425.343,1425.343,0.0,26.462,0.0,37.373,0.0,63.538,26.462,0.0,0.0,225.139,0.225,0.854,54.0,6.0,3.339,0.0,26.676,30.015,0.976,1.0,0.934,minimize_generator,full_grid,False,5000.0,0.0,5000,inf
2019-06-19,893.565,601.647,1495.212,1111.974,136.2,1248.174,1248.174,0.0,0.0,23.882,0.0,0.0,223.156,0.0,0.0,0.0,200.0,0.2,0.854,133.894,14.877,0.0,0.0,66.144,66.144,1.0,1.0,0.848,minimize_generator,full_grid,False,5000.0,0.0,5000,inf
2019-06-20,894.31,566.595,1460.905,1096.233,49.8,1146.033,1146.033,0.0,0.0,0.0,0.0,0.0,314.872,0.0,0.0,0.0,200.0,0.2,0.854,188.923,20.991,0.0,0.0,93.328,93.328,1.0,1.0,0.784,minimize_generator,full_grid,False,5000.0,0.0,5000,inf
2019-06-21,890.22,560.549,1450.769,1108.217,249.96,1358.177,1358.177,0.0,0.0,0.0,0.0,0.0,92.592,0.0,0.0,0.0,200.0,0.2,0.854,55.555,6.173,0.0,0.0,27.444,27.444,1.0,1.0,0.936,minimize_generator,full_grid,False,5000.0,0.0,5000,inf
2019-06-22,891.7,565.98,1457.68,1161.435,463.4,1624.835,1457.68,167.155,167.155,0.0,0.0,0.0,0.0,0.0,0.0,0.0,358.798,0.359,0.919,0.0,0.0,0.0,0.0,0.0,0.0,1.0,1.0,1.0,minimize_generator,full_grid,False,5000.0,0.0,5000,inf
2019-06-23,889.66,511.971,1401.631,1169.31,341.12,1510.43,1401.631,108.799,108.799,0.0,0.0,0.0,0.0,0.0,0.0,0.0,462.157,0.462,0.937,0.0,0.0,0.0,0.0,0.0,0.0,1.0,1.0,1.0,minimize_generator,full_grid,False,5000.0,0.0,5000,inf
2019-06-24,898.24,525.543,1423.783,1158.947,299.92,1458.867,1423.783,35.084,35.084,0.0,0.0,0.0,0.0,0.0,0.0,0.0,495.486,0.495,0.941,0.0,0.0,0.0,0.0,0.0,0.0,1.0,1.0,1.0,minimize_generator,full_grid,False,5000.0,0.0,5000,inf
2019-06-25,816.27,467.527,1283.797,1131.035,164.08,1295.115,1283.797,11.318,11.318,0.0,0.0,0.0,0.0,0.0,0.0,0.0,506.239,0.506,0.942,0.0,0.0,0.0,0.0,0.0,0.0,1.0,1.0,1.0,minimize_generator,full_grid,False,5000.0,0.0,5000,inf
2019-06-26,899.16,477.421,1376.581,1127.804,194.0,1321.804,1321.804,0.0,0.0,54.777,0.0,0.0,0.0,0.0,0.0,0.0,448.579,0.449,0.942,0.0,0.0,0.0,0.0,0.0,0.0,1.0,1.0,0.998,minimize_generator,full_grid,False,5000.0,0.0,5000,inf
2019-06-27,900.105,454.699,1354.804,1155.489,334.28,1489.769,1354.804,134.965,134.965,0.0,0.0,0.0,0.0,0.0,0.0,0.0,576.796,0.577,0.955,0.0,0.0,0.0,0.0,0.0,0.0,1.0,1.0,1.0,minimize_generator,full_grid,False,5000.0,0.0,5000,inf
2019-06-28,893.95,376.504,1270.454,1157.458,266.84,1424.298,1270.454,153.844,153.844,0.0,0.0,0.0,0.0,0.0,0.0,0.0,722.948,0.723,0.964,0.0,0.0,0.0,0.0,0.0,0.0,1.0,1.0,1.0,minimize_generator,full_grid,False,5000.0,0.0,5000,inf
2019-06-29,814.765,117.542,932.307,1151.745,363.52,1515.265,932.307,582.958,81.108,0.0,0.0,501.85,0.0,0.0,0.0,0.0,800.0,0.8,0.968,0.0,0.0,0.0,0.0,0.0,0.0,1.0,0.669,1.0,minimize_generator,full_grid,False,5000.0,501.85,5000,inf
2019-06-30,893.95,16.451,910.401,1157.878,319.52,1477.398,910.401,566.997,0.0,0.0,0.0,566.997,0.0,0.0,0.0,0.0,800.0,0.8,0.968,0.0,0.0,0.0,0.0,0.0,0.0,1.0,0.616,1.0,minimize_generator,full_grid,False,5000.0,1068.847,5000,inf
2019-07-01,895.08,24.098,919.178,1134.274,336.0,1470.274,919.178,551.096,0.0,0.0,0.0,551.096,0.0,0.0,0.0,0.0,800.0,0.8,0.968,0.0,0.0,0.0,0.0,0.0,0.0,1.0,0.625,1.0,minimize_generator,full_grid,False,0.0,551.096,5000,inf
2019-07-02,891.525,42.151,933.676,1155.856,330.0,1485.856,933.676,552.18,0.0,0.0,0.0,552.18,0.0,0.0,0.0,0.0,800.0,0.8,0.968,0.0,0.0,0.0,0.0,0.0,0.0,1.0,0.628,1.0,minimize_generator,full_grid,False,0.0,1103.276,5000,inf
2019-07-03,893.565,41.522,935.087,1165.278,337.72,1502.998,935.087,567.911,0.0,0.0,0.0,567.911,0.0,0.0,0.0,0.0,800.0,0.8,0.968,0.0,0.0,0.0,0.0,0.0,0.0,1.0,0.622,1.0,minimize_generator,full_grid,False,0.0,1671.187,5000,inf
2019-07-04,901.235,40.646,941.881,1151.317,360.28,1511.597,941.881,569.716,0.0,0.0,0.0,569.716,0.0,0.0,0.0,0.0,800.0,0.8,0.968,0.0,0.0,0.0,0.0,0.0,0.0,1.0,0.623,1.0,minimize_generator,full_grid,False,0.0,2240.902,5000,inf
2019-07-05,898.04,39.78,937.82,1149.382,461.68,1611.062,937.82,673.242,0.0,0.0,0.0,673.242,0.0,0.0,0.0,0.0,800.0,0.8,0.968,0.0,0.0,0.0,0.0,0.0,0.0,1.0,0.582,1.0,minimize_generator,full_grid,False,0.0,2914.145,5000,inf
2019-07-06,892.27,38.281,930.551,1165.492,290.84,1456.332,930.551,525.781,0.0,0.0,0.0,525.781,0.0,0.0,0.0,0.0,800.0,0.8,0.968,0.0,0.0,0.0,0.0,0.0,0.0,1.0,0.639,1.0,minimize_generator,full_grid,False,0.0,3439.926,5000,inf
2019-07-07,889.835,37.744,927.579,1178.705,329.12,1507.825,927.579,580.246,0.0,0.0,0.0,580.246,0.0,0.0,0.0,0.0,800.0,0.8,0.968,0.0,0.0,0.0,0.0,0.0,0.0,1.0,0.615,1.0,minimize_generator,full_grid,False,0.0,4020.172,5000,inf
2019-07-08,894.51,37.178,931.688,1169.545,264.04,1433.585,931.688,501.897,0.0,0.0,0.0,501.897,0.0,0.0,0.0,0.0,800.0,0.8,0.968,0.0,0.0,0.0,0.0,0.0,0.0,1.0,0.65,1.0,minimize_generator,full_grid,False,0.0,4522.068,5000,inf
2019-07-09,895.08,37.09,932.17,1174.91,264.04,1438.95,932.17,506.78,0.0,0.0,0.0,506.78,0.0,0.0,0.0,0.0,800.0,0.8,0.968,0.0,0.0,0.0,0.0,0.0,0.0,1.0,0.648,1.0,minimize_generator,full_grid,False,0.0,5028.849,5000,inf
2019-07-10,897.68,37.454,935.134,1164.23,254.68,1418.91,935.134,483.776,0.0,0.0,0.0,483.776,0.0,0.0,0.0,0.0,800.0,0.8,0.968,0.0,0.0,0.0,0.0,0.0,0.0,1.0,0.659,1.0,minimize_generator,full_grid,False,0.0,5512.625,5000,inf
2019-07-11,893.95,37.936,931.886,1156.242,119.92,1276.162,931.886,344.276,0.0,0.0,0.0,344.276,0.0,0.0,0.0,0.0,800.0,0.8,0.968,0.0,0.0,0.0,0.0,0.0,0.0,1.0,0.73,1.0,minimize_generator,full_grid,False,0.0,5856.901,5000,inf
2019-07-12,897.865,38.634,936.499,1122.589,70.2,1192.789,936.499,256.29,0.0,0.0,0.0,256.29,0.0,0.0,0.0,0.0,800.0,0.8,0.968,0.0,0.0,0.0,0.0,0.0,0.0,1.0,0.785,1.0,minimize_generator,full_grid,False,0.0,6113.191,5000,inf
2019-07-13,903.1,39.192,942.292,1131.813,271.52,1403.333,942.292,461.041,0.0,0.0,0.0,461.041,0.0,0.0,0.0,0.0,800.0,0.8,0.968,0.0,0.0,0.0,0.0,0.0,0.0,1.0,0.671,1.0,minimize_generator,full_grid,False,0.0,6574.232,5000,inf
2019-07-14,898.985,37.953,936.938,1164.18,232.92,1397.1,936.938,460.162,0.0,0.0,0.0,460.162,0.0,0.0,0.0,0.0,800.0,0.8,0.968,0.0,0.0,0.0,0.0,0.0,0.0,1.0,0.671,1.0,minimize_generator,full_grid,False,0.0,7034.394,5000,inf
2019-07-15,895.815,37.908,933.723,1157.089,345.36,1502.449,933.723,568.726,0.0,0.0,0.0,568.726,0.0,0.0,0.0,0.0,800.0,0.8,0.968,0.0,0.0,0.0,0.0,0.0,0.0,1.0,0.621,1.0,minimize_generator,full_grid,False,0.0,7603.12,5000,inf
2019-07-16,895.255,37.907,933.162,1132.01,192.12,1324.13,933.162,390.968,0.0,0.0,0.0,390.968,0.0,0.0,0.0,0.0,800.0,0.8,0.968,0.0,0.0,0.0,0.0,0.0,0.0,1.0,0.705,1.0,minimize_generator,full_grid,False,0.0,7994.088,5000,inf
2019-07-17,894.695,39.917,934.612,1031.911,6.12,1038.031,934.612,103.419,0.0,0.0,0.0,103.419,0.0,0.0,0.0,0.0,800.0,0.8,0.968,0.0,0.0,0.0,0.0,0.0,0.0,1.0,0.9,1.0,minimize_generator,full_grid,False,0.0,8097.507,5000,inf
2019-07-18,900.29,39.793,940.083,1029.594,288.12,1317.714,940.083,377.631,0.0,0.0,0.0,377.631,0.0,0.0,0.0,0.0,800.0,0.8,0.968,0.0,0.0,0.0,0.0,0.0,0.0,1.0,0.713,1.0,minimize_generator,full_grid,False,0.0,8475.139,5000,inf
2019-07-19,893.565,39.364,932.929,1118.716,413.76,1532.476,932.929,599.547,0.0,0.0,0.0,599.547,0.0,0.0,0.0,0.0,800.0,0.8,0.968,0.0,0.0,0.0,0.0,0.0,0.0,1.0,0.609,1.0,minimize_generator,full_grid,False,0.0,9074.686,5000,inf
2019-07-20,896.175,36.33,932.505,1121.338,468.0,1589.338,932.505,656.833,0.0,0.0,0.0,656.833,0.0,0.0,0.0,0.0,800.0,0.8,0.968,0.0,0.0,0.0,0.0,0.0,0.0,1.0,0.587,1.0,minimize_generator,full_grid,False,0.0,9731.519,5000,inf
2019-07-21,896.175,13.472,909.647,1125.341,475.16,1600.501,909.647,690.854,0.0,0.0,0.0,690.854,0.0,0.0,0.0,0.0,800.0,0.8,0.968,0.0,0.0,0.0,0.0,0.0,0.0,1.0,0.568,1.0,minimize_generator,full_grid,False,0.0,10422.373,5000,inf
2019-07-22,893.95,13.472,907.422,1116.291,338.56,1454.851,907.422,547.429,0.0,0.0,0.0,547.429,0.0,0.0,0.0,0.0,800.0,0.8,0.968,0.0,0.0,0.0,0.0,0.0,0.0,1.0,0.624,1.0,minimize_generator,full_grid,False,0.0,10969.802,5000,inf
2019-07-23,890.78,12.901,903.681,1101.148,220.56,1321.708,903.681,418.027,0.0,0.0,0.0,418.027,0.0,0.0,0.0,0.0,800.0,0.8,0.968,0.0,0.0,0.0,0.0,0.0,0.0,1.0,0.684,1.0,minimize_generator,full_grid,False,0.0,11387.828,5000,inf
2019-07-24,896.945,11.761,908.706,1113.0,102.0,1215.0,908.706,306.294,0.0,0.0,0.0,306.294,0.0,0.0,0.0,0.0,800.0,0.8,0.968,0.0,0.0,0.0,0.0,0.0,0.0,1.0,0.748,1.0,minimize_generator,full_grid,False,0.0,11694.123,5000,inf
2019-07-25,895.64,13.044,908.684,1107.882,297.2,1405.082,908.684,496.398,0.0,0.0,0.0,496.398,0.0,0.0,0.0,0.0,800.0,0.8,0.968,0.0,0.0,0.0,0.0,0.0,0.0,1.0,0.647,1.0,minimize_generator,full_grid,False,0.0,12190.52,5000,inf
2019-07-26,897.68,13.352,911.032,1076.75,455.76,1532.51,911.032,621.478,0.0,0.0,0.0,621.478,0.0,0.0,0.0,0.0,800.0,0.8,0.968,0.0,0.0,0.0,0.0,0.0,0.0,1.0,0.594,1.0,minimize_generator,full_grid,False,0.0,12811.998,5000,inf
2019-07-27,893.775,12.522,906.297,1116.369,462.84,1579.209,906.297,672.912,0.0,0.0,0.0,672.912,0.0,0.0,0.0,0.0,800.0,0.8,0.968,0.0,0.0,0.0,0.0,0.0,0.0,1.0,0.574,1.0,minimize_generator,full_grid,False,0.0,13484.91,5000,inf
2019-07-28,900.105,11.499,911.604,1089.012,308.0,1397.012,911.604,485.408,0.0,0.0,0.0,485.408,0.0,0.0,0.0,0.0,800.0,0.8,0.968,0.0,0.0,0.0,0.0,0.0,0.0,1.0,0.653,1.0,minimize_generator,full_grid,False,0.0,13970.318,5000,inf
2019-07-29,892.27,11.285,903.555,1096.569,215.8,1312.369,903.555,408.814,0.0,0.0,0.0,408.814,0.0,0.0,0.0,0.0,800.0,0.8,0.968,0.0,0.0,0.0,0.0,0.0,0.0,1.0,0.688,1.0,minimize_generator,full_grid,False,0.0,14379.132,5000,inf
2019-07-30,901.77,11.356,913.126,1104.476,145.96,1250.436,913.126,337.31,0.0,0.0,0.0,337.31,0.0,0.0,0.0,0.0,800.0,0.8,0.968,0.0,0.0,0.0,0.0,0.0,0.0,1.0,0.73,1.0,minimize_generator,full_grid,False,0.0,14716.442,5000,inf
2019-07-31,818.31,10.834,829.144,1107.462,76.92,1184.382,829.144,355.238,0.0,0.0,0.0,355.238,0.0,0.0,0.0,0.0,800.0,0.8,0.968,0.0,0.0,0.0,0.0,0.0,0.0,1.0,0.7,1.0,minimize_generator,full_grid,False,0.0,15071.68,5000,inf
2019-08-01,896.945,11.196,908.141,1092.137,202.52,1294.657,908.141,386.516,0.0,0.0,0.0,386.516,0.0,0.0,0.0,0.0,800.0,0.8,0.968,0.0,0.0,0.0,0.0,0.0,0.0,1.0,0.701,1.0,minimize_generator,full_grid,False,0.0,386.516,5000,inf
2019-08-02,896.945,11.568,908.513,1102.165,338.56,1440.725,908.513,532.212,0.0,0.0,0.0,532.212,0.0,0.0,0.0,0.0,800.0,0.8,0.968,0.0,0.0,0.0,0.0,0.0,0.0,1.0,0.631,1.0,minimize_generator,full_grid,False,0.0,918.728,5000,inf
2019-08-03,892.085,10.481,902.566,1073.284,264.04,1337.324,902.566,434.758,0.0,0.0,0.0,434.758,0.0,0.0,0.0,0.0,800.0,0.8,0.968,0.0,0.0,0.0,0.0,0.0,0.0,1.0,0.675,1.0,minimize_generator,full_grid,False,0.0,1353.486,5000,inf
2019-08-04,896.56,10.596,907.156,1063.666,279.84,1343.506,907.156,436.35,0.0,0.0,0.0,436.35,0.0,0.0,0.0,0.0,800.0,0.8,0.968,0.0,0.0,0.0,0.0,0.0,0.0,1.0,0.675,1.0,minimize_generator,full_grid,False,0.0,1789.836,5000,inf
2019-08-05,899.73,10.619,910.349,1061.34,283.52,1344.86,910.349,434.511,0.0,0.0,0.0,434.511,0.0,0.0,0.0,0.0,800.0,0.8,0.968,0.0,0.0,0.0,0.0,0.0,0.0,1.0,0.677,1.0,minimize_generator,full_grid,False,0.0,2224.347,5000,inf
2019-08-06,815.885,9.994,825.879,1077.696,366.76,1444.456,825.879,618.577,0.0,0.0,0.0,618.577,0.0,0.0,0.0,0.0,800.0,0.8,0.968,0.0,0.0,0.0,0.0,0.0,0.0,1.0,0.572,1.0,minimize_generator,full_grid,False,0.0,2842.924,5000,inf
2019-08-07,896.56,9.693,906.253,1089.186,306.24,1395.426,906.253,489.173,0.0,0.0,0.0,489.173,0.0,0.0,0.0,0.0,800.0,0.8,0.968,0.0,0.0,0.0,0.0,0.0,0.0,1.0,0.649,1.0,minimize_generator,full_grid,False,0.0,3332.098,5000,inf
2019-08-08,814.765,8.606,823.371,1066.28,150.44,1216.72,823.371,393.349,0.0,0.0,0.0,393.349,0.0,0.0,0.0,0.0,800.0,0.8,0.968,0.0,0.0,0.0,0.0,0.0,0.0,1.0,0.677,1.0,minimize_generator,full_grid,False,0.0,3725.447,5000,inf
2019-08-09,890.965,9.114,900.079,1069.345,285.36,1354.705,900.079,454.626,0.0,0.0,0.0,454.626,0.0,0.0,0.0,0.0,800.0,0.8,0.968,0.0,0.0,0.0,0.0,0.0,0.0,1.0,0.664,1.0,minimize_generator,full_grid,False,0.0,4180.073,5000,inf
2019-08-10,900.465,8.629,909.094,1107.433,112.44,1219.873,909.094,310.779,0.0,0.0,0.0,310.779,0.0,0.0,0.0,0.0,800.0,0.8,0.968,0.0,0.0,0.0,0.0,0.0,0.0,1.0,0.745,1.0,minimize_generator,full_grid,False,0.0,4490.853,5000,inf
2019-08-11,892.085,7.842,899.927,1086.406,12.68,1099.086,899.927,199.159,0.0,0.0,0.0,199.159,0.0,0.0,0.0,0.0,800.0,0.8,0.968,0.0,0.0,0.0,0.0,0.0,0.0,1.0,0.819,1.0,minimize_generator,full_grid,False,0.0,4690.011,5000,inf
2019-08-12,889.66,7.672,897.332,1074.312,5.24,1079.552,897.332,182.22,0.0,0.0,0.0,182.22,0.0,0.0,0.0,0.0,800.0,0.8,0.968,0.0,0.0,0.0,0.0,0.0,0.0,1.0,0.831,1.0,minimize_generator,full_grid,False,0.0,4872.231,5000,inf
2019-08-13,893.215,0.584,893.799,1037.269,58.32,1095.589,893.799,201.79,0.0,0.0,0.0,201.79,0.0,0.0,0.0,0.0,800.0,0.8,0.968,0.0,0.0,0.0,0.0,0.0,0.0,1.0,0.816,1.0,minimize_generator,full_grid,False,0.0,5074.022,5000,inf
2019-08-14,901.595,0.0,901.595,1040.552,131.84,1172.392,901.595,270.797,0.0,0.0,0.0,270.797,0.0,0.0,0.0,0.0,800.0,0.8,0.968,0.0,0.0,0.0,0.0,0.0,0.0,1.0,0.769,1.0,minimize_generator,full_grid,False,0.0,5344.819,5000,inf
2019-08-15,816.27,0.0,816.27,1036.467,1.16,1037.627,816.27,221.357,0.0,0.0,0.0,221.357,0.0,0.0,0.0,0.0,800.0,0.8,0.968,0.0,0.0,0.0,0.0,0.0,0.0,1.0,0.787,1.0,minimize_generator,full_grid,False,0.0,5566.176,5000,inf
2019-08-16,818.88,0.0,818.88,1002.684,6.28,1008.964,818.88,190.084,0.0,0.0,0.0,190.084,0.0,0.0,0.0,0.0,800.0,0.8,0.968,0.0,0.0,0.0,0.0,0.0,0.0,1.0,0.812,1.0,minimize_generator,full_grid,False,0.0,5756.259,5000,inf
2019-08-17,898.985,0.0,898.985,1020.157,341.96,1362.117,898.985,463.132,0.0,0.0,0.0,463.132,0.0,0.0,0.0,0.0,800.0,0.8,0.968,0.0,0.0,0.0,0.0,0.0,0.0,1.0,0.66,1.0,minimize_generator,full_grid,False,0.0,6219.391,5000,inf
2019-08-18,900.105,0.0,900.105,1060.27,360.28,1420.55,900.105,520.445,0.0,0.0,0.0,520.445,0.0,0.0,0.0,0.0,800.0,0.8,0.968,0.0,0.0,0.0,0.0,0.0,0.0,1.0,0.634,1.0,minimize_generator,full_grid,False,0.0,6739.836,5000,inf
2019-08-19,892.645,0.0,892.645,1050.301,351.2,1401.501,892.645,508.856,0.0,0.0,0.0,508.856,0.0,0.0,0.0,0.0,800.0,0.8,0.968,0.0,0.0,0.0,0.0,0.0,0.0,1.0,0.637,1.0,minimize_generator,full_grid,False,0.0,7248.692,5000,inf
2019-08-20,817.575,0.0,817.575,1053.49,328.24,1381.73,817.575,564.155,0.0,0.0,0.0,564.155,0.0,0.0,0.0,0.0,800.0,0.8,0.968,0.0,0.0,0.0,0.0,0.0,0.0,1.0,0.592,1.0,minimize_generator,full_grid,False,0.0,7812.847,5000,inf
2019-08-21,900.465,0.0,900.465,1059.565,371.56,1431.125,900.465,530.66,0.0,0.0,0.0,530.66,0.0,0.0,0.0,0.0,800.0,0.8,0.968,0.0,0.0,0.0,0.0,0.0,0.0,1.0,0.629,1.0,minimize_generator,full_grid,False,0.0,8343.508,5000,inf
2019-08-22,898.425,0.0,898.425,1024.458,424.24,1448.698,898.425,550.273,0.0,0.0,0.0,550.273,0.0,0.0,0.0,0.0,800.0,0.8,0.968,0.0,0.0,0.0,0.0,0.0,0.0,1.0,0.62,1.0,minimize_generator,full_grid,False,0.0,8893.78,5000,inf
2019-08-23,894.695,0.0,894.695,1010.873,331.72,1342.593,894.695,447.898,0.0,0.0,0.0,447.898,0.0,0.0,0.0,0.0,800.0,0.8,0.968,0.0,0.0,0.0,0.0,0.0,0.0,1.0,0.666,1.0,minimize_generator,full_grid,False,0.0,9341.678,5000,inf
2019-08-24,818.495,0.0,818.495,1002.502,101.24,1103.742,818.495,285.247,0.0,0.0,0.0,285.247,0.0,0.0,0.0,0.0,800.0,0.8,0.968,0.0,0.0,0.0,0.0,0.0,0.0,1.0,0.742,1.0,minimize_generator,full_grid,False,0.0,9626.925,5000,inf
2019-08-25,891.7,0.0,891.7,1014.823,179.88,1194.703,891.7,303.003,0.0,0.0,0.0,303.003,0.0,0.0,0.0,0.0,800.0,0.8,0.968,0.0,0.0,0.0,0.0,0.0,0.0,1.0,0.746,1.0,minimize_generator,full_grid,False,0.0,9929.927,5000,inf
2019-08-26,890.965,0.0,890.965,1017.78,376.32,1394.1,890.965,503.135,0.0,0.0,0.0,503.135,0.0,0.0,0.0,0.0,800.0,0.8,0.968,0.0,0.0,0.0,0.0,0.0,0.0,1.0,0.639,1.0,minimize_generator,full_grid,False,0.0,10433.062,5000,inf
2019-08-27,892.645,0.0,892.645,996.483,430.32,1426.803,892.645,534.158,0.0,0.0,0.0,534.158,0.0,0.0,0.0,0.0,800.0,0.8,0.968,0.0,0.0,0.0,0.0,0.0,0.0,1.0,0.626,1.0,minimize_generator,full_grid,False,0.0,10967.22,5000,inf
2019-08-28,896.56,0.0,896.56,995.939,460.48,1456.419,896.56,559.859,0.0,0.0,0.0,559.859,0.0,0.0,0.0,0.0,800.0,0.8,0.968,0.0,0.0,0.0,0.0,0.0,0.0,1.0,0.616,1.0,minimize_generator,full_grid,False,0.0,11527.078,5000,inf
2019-08-29,894.31,0.0,894.31,986.928,436.28,1423.208,894.31,528.898,0.0,0.0,0.0,528.898,0.0,0.0,0.0,0.0,800.0,0.8,0.968,0.0,0.0,0.0,0.0,0.0,0.0,1.0,0.628,1.0,minimize_generator,full_grid,False,0.0,12055.976,5000,inf
2019-08-30,816.27,0.0,816.27,968.637,377.88,1346.517,816.27,530.247,0.0,0.0,0.0,530.247,0.0,0.0,0.0,0.0,800.0,0.8,0.968,0.0,0.0,0.0,0.0,0.0,0.0,1.0,0.606,1.0,minimize_generator,full_grid,False,0.0,12586.223,5000,inf
2019-08-31,895.64,0.0,895.64,983.043,356.16,1339.203,895.64,443.563,0.0,0.0,0.0,443.563,0.0,0.0,0.0,0.0,800.0,0.8,0.968,0.0,0.0,0.0,0.0,0.0,0.0,1.0,0.669,1.0,minimize_generator,full_grid,False,0.0,13029.786,5000,inf
2019-09-01,891.525,392.724,1284.249,964.244,411.64,1375.884,1284.249,91.635,0.0,0.0,0.0,91.635,0.0,0.0,0.0,0.0,800.0,0.8,0.968,0.0,0.0,0.0,0.0,0.0,0.0,1.0,0.933,1.0,minimize_generator,full_grid,False,0.0,91.635,5000,inf
2019-09-02,892.645,384.863,1277.508,971.848,406.6,1378.448,1277.508,100.94,0.0,0.0,0.0,100.94,0.0,0.0,0.0,0.0,800.0,0.8,0.968,0.0,0.0,0.0,0.0,0.0,0.0,1.0,0.927,1.0,minimize_generator,full_grid,False,0.0,192.574,5000,inf
2019-09-03,895.255,378.478,1273.733,973.163,410.92,1384.083,1273.733,110.35,0.0,0.0,0.0,110.35,0.0,0.0,0.0,0.0,800.0,0.8,0.968,0.0,0.0,0.0,0.0,0.0,0.0,1.0,0.92,1.0,minimize_generator,full_grid,False,0.0,302.924,5000,inf
2019-09-04,814.94,370.27,1185.21,996.872,443.36,1440.232,1185.21,255.022,0.0,0.0,0.0,255.022,0.0,0.0,0.0,0.0,800.0,0.8,0.968,0.0,0.0,0.0,0.0,0.0,0.0,1.0,0.823,1.0,minimize_generator,full_grid,False,0.0,557.946,5000,inf
2019-09-05,818.67,376.655,1195.325,993.468,355.36,1348.828,1195.325,153.503,0.0,0.0,0.0,153.503,0.0,0.0,0.0,0.0,800.0,0.8,0.968,0.0,0.0,0.0,0.0,0.0,0.0,1.0,0.886,1.0,minimize_generator,full_grid,False,0.0,711.45,5000,inf
2019-09-06,816.63,372.094,1188.724,959.518,187.4,1146.918,1146.918,0.0,0.0,41.806,0.0,0.0,0.0,0.0,0.0,0.0,755.994,0.756,0.968,0.0,0.0,0.0,0.0,0.0,0.0,1.0,1.0,0.999,minimize_generator,full_grid,False,0.0,711.45,5000,inf
2019-09-07,812.54,362.062,1174.602,963.666,268.72,1232.386,1174.602,57.784,46.322,0.0,0.0,11.462,0.0,0.0,0.0,0.0,800.0,0.8,0.97,0.0,0.0,0.0,0.0,0.0,0.0,1.0,0.991,1.0,minimize_generator,full_grid,False,0.0,722.912,5000,inf
2019-09-08,889.835,355.678,1245.513,974.482,420.8,1395.282,1245.513,149.769,0.0,0.0,0.0,149.769,0.0,0.0,0.0,0.0,800.0,0.8,0.97,0.0,0.0,0.0,0.0,0.0,0.0,1.0,0.893,1.0,minimize_generator,full_grid,False,0.0,872.681,5000,inf
2019-09-09,897.68,348.384,1246.064,952.004,333.44,1285.444,1246.064,39.38,0.0,0.0,0.0,39.38,0.0,0.0,0.0,0.0,800.0,0.8,0.97,0.0,0.0,0.0,0.0,0.0,0.0,1.0,0.969,1.0,minimize_generator,full_grid,False,0.0,912.061,5000,inf
2019-09-10,810.675,341.087,1151.762,956.15,326.52,1282.67,1151.762,130.908,0.0,0.0,0.0,130.908,0.0,0.0,0.0,0.0,800.0,0.8,0.97,0.0,0.0,0.0,0.0,0.0,0.0,1.0,0.898,1.0,minimize_generator,full_grid,False,0.0,1042.968,5000,inf
2019-09-11,817.19,349.295,1166.485,975.213,302.64,1277.853,1166.485,111.368,0.0,0.0,0.0,111.368,0.0,0.0,0.0,0.0,800.0,0.8,0.97,0.0,0.0,0.0,0.0,0.0,0.0,1.0,0.913,1.0,minimize_generator,full_grid,False,0.0,1154.336,5000,inf
2019-09-12,890.045,399.962,1290.007,971.115,423.56,1394.675,1290.007,104.668,0.0,0.0,0.0,104.668,0.0,0.0,0.0,0.0,800.0,0.8,0.97,0.0,0.0,0.0,0.0,0.0,0.0,1.0,0.925,1.0,minimize_generator,full_grid,False,0.0,1259.004,5000,inf
2019-09-13,817.19,385.929,1203.119,979.765,280.76,1260.525,1203.119,57.406,0.0,0.0,0.0,57.406,0.0,0.0,0.0,0.0,800.0,0.8,0.97,0.0,0.0,0.0,0.0,0.0,0.0,1.0,0.954,1.0,minimize_generator,full_grid,False,0.0,1316.41,5000,inf
2019-09-14,816.07,355.858,1171.928,942.967,347.88,1290.847,1171.928,118.919,0.0,0.0,0.0,118.919,0.0,0.0,0.0,0.0,800.0,0.8,0.97,0.0,0.0,0.0,0.0,0.0,0.0,1.0,0.908,1.0,minimize_generator,full_grid,False,0.0,1435.329,5000,inf
2019-09-15,811.42,357.984,1169.404,922.346,271.52,1193.866,1169.404,24.462,0.0,0.0,0.0,24.462,0.0,0.0,0.0,0.0,800.0,0.8,0.97,0.0,0.0,0.0,0.0,0.0,0.0,1.0,0.98,1.0,minimize_generator,full_grid,False,0.0,1459.791,5000,inf
2019-09-16,816.805,352.891,1169.696,926.068,237.68,1163.748,1163.748,0.0,0.0,5.948,0.0,0.0,0.0,0.0,0.0,0.0,793.739,0.794,0.97,0.0,0.0,0.0,0.0,0.0,0.0,1.0,1.0,1.0,minimize_generator,full_grid,False,0.0,1459.791,5000,inf
2019-09-17,812.715,387.214,1199.929,905.149,322.16,1227.309,1199.929,27.38,6.59,0.0,0.0,20.79,0.0,0.0,0.0,0.0,800.0,0.8,0.97,0.0,0.0,0.0,0.0,0.0,0.0,1.0,0.983,1.0,minimize_generator,full_grid,False,0.0,1480.581,5000,inf
2019-09-18,736.165,378.038,1114.203,880.975,259.36,1140.335,1114.203,26.132,0.0,0.0,0.0,26.132,0.0,0.0,0.0,0.0,800.0,0.8,0.97,0.0,0.0,0.0,0.0,0.0,0.0,1.0,0.977,1.0,minimize_generator,full_grid,False,0.0,1506.713,5000,inf
2019-09-19,890.045,407.842,1297.887,866.715,400.0,1266.715,1266.715,0.0,0.0,31.172,0.0,0.0,0.0,0.0,0.0,0.0,767.188,0.767,0.97,0.0,0.0,0.0,0.0,0.0,0.0,1.0,1.0,0.999,minimize_generator,full_grid,False,0.0,1506.713,5000,inf
2019-09-20,818.31,382.224,1200.534,854.212,418.68,1272.892,1200.534,72.358,34.539,0.0,0.0,37.819,0.0,0.0,0.0,0.0,800.0,0.8,0.971,0.0,0.0,0.0,0.0,0.0,0.0,1.0,0.97,1.0,minimize_generator,full_grid,False,0.0,1544.532,5000,inf
2019-09-21,814.58,384.202,1198.782,878.381,483.12,1361.501,1198.782,162.719,0.0,0.0,0.0,162.719,0.0,0.0,0.0,0.0,800.0,0.8,0.971,0.0,0.0,0.0,0.0,0.0,0.0,1.0,0.88,1.0,minimize_generator,full_grid,False,0.0,1707.251,5000,inf
2019-09-22,814.94,410.78,1225.72,890.907,419.4,1310.307,1225.72,84.587,0.0,0.0,0.0,84.587,0.0,0.0,0.0,0.0,800.0,0.8,0.971,0.0,0.0,0.0,0.0,0.0,0.0,1.0,0.935,1.0,minimize_generator,full_grid,False,0.0,1791.838,5000,inf
2019-09-23,817.935,392.137,1210.072,893.534,308.92,1202.454,1202.454,0.0,0.0,7.618,0.0,0.0,0.0,0.0,0.0,0.0,791.981,0.792,0.971,0.0,0.0,0.0,0.0,0.0,0.0,1.0,1.0,1.0,minimize_generator,full_grid,False,0.0,1791.838,5000,inf
2019-09-24,814.405,374.508,1188.913,898.318,187.4,1085.718,1085.718,0.0,0.0,103.195,0.0,0.0,0.0,0.0,0.0,0.0,683.354,0.683,0.971,0.0,0.0,0.0,0.0,0.0,0.0,1.0,1.0,0.997,minimize_generator,full_grid,False,0.0,1791.838,5000,inf
2019-09-25,816.63,409.411,1226.041,935.641,327.4,1263.041,1226.041,37.0,37.0,0.0,0.0,0.0,0.0,0.0,0.0,0.0,718.504,0.719,0.972,0.0,0.0,0.0,0.0,0.0,0.0,1.0,1.0,1.0,minimize_generator,full_grid,False,0.0,1791.838,5000,inf
2019-09-26,811.98,438.948,1250.928,927.851,159.52,1087.371,1087.371,0.0,0.0,163.557,0.0,0.0,0.0,0.0,0.0,0.0,546.339,0.546,0.972,0.0,0.0,0.0,0.0,0.0,0.0,1.0,1.0,0.996,minimize_generator,full_grid,False,0.0,1791.838,5000,inf
2019-09-27,817.575,407.049,1224.624,898.735,160.44,1059.175,1059.175,0.0,0.0,165.449,0.0,0.0,0.0,0.0,0.0,0.0,372.182,0.372,0.972,0.0,0.0,0.0,0.0,0.0,0.0,1.0,1.0,0.996,minimize_generator,full_grid,False,0.0,1791.838,5000,inf
2019-09-28,813.635,424.532,1238.167,884.372,341.96,1226.332,1226.332,0.0,0.0,11.835,0.0,0.0,0.0,0.0,0.0,0.0,359.724,0.36,0.972,0.0,0.0,0.0,0.0,0.0,0.0,1.0,1.0,1.0,minimize_generator,full_grid,False,0.0,1791.838,5000,inf
2019-09-29,812.715,398.764,1211.479,888.939,270.56,1159.499,1159.499,0.0,0.0,51.98,0.0,0.0,0.0,0.0,0.0,0.0,305.009,0.305,0.972,0.0,0.0,0.0,0.0,0.0,0.0,1.0,1.0,0.999,minimize_generator,full_grid,False,0.0,1791.838,5000,inf
2019-09-30,735.99,407.939,1143.929,873.683,285.36,1159.043,1143.929,15.114,15.114,0.0,0.0,0.0,0.0,0.0,0.0,0.0,319.367,0.319,0.974,0.0,0.0,0.0,0.0,0.0,0.0,1.0,1.0,1.0,minimize_generator,full_grid,False,0.0,1791.838,5000,inf
2019-10-01,812.54,743.508,1556.048,858.285,309.8,1168.085,1168.085,0.0,0.0,113.399,274.564,0.0,0.0,0.0,0.0,0.0,200.0,0.2,0.974,0.0,0.0,22.99,0.0,0.0,22.99,0.824,1.0,0.822,minimize_generator,full_grid,False,274.564,0.0,5000,inf
2019-10-02,737.085,737.886,1474.971,855.2,240.52,1095.72,1095.72,0.0,0.0,0.0,379.251,0.0,0.0,0.0,0.0,0.0,200.0,0.2,0.974,0.0,0.0,31.647,0.0,0.0,31.647,0.743,1.0,0.743,minimize_generator,full_grid,False,653.815,0.0,5000,inf
2019-10-03,737.47,742.434,1479.904,829.745,198.72,1028.465,1028.465,0.0,0.0,0.0,451.439,0.0,0.0,0.0,0.0,0.0,200.0,0.2,0.974,0.0,0.0,37.663,0.0,0.0,37.663,0.695,1.0,0.695,minimize_generator,full_grid,False,1105.254,0.0,5000,inf
2019-10-04,736.525,721.962,1458.487,805.685,118.24,923.925,923.925,0.0,0.0,0.0,534.562,0.0,0.0,0.0,0.0,0.0,200.0,0.2,0.974,0.0,0.0,44.643,0.0,0.0,44.643,0.633,1.0,0.633,minimize_generator,full_grid,False,1639.816,0.0,5000,inf
2019-10-05,735.22,744.242,1479.462,766.421,178.96,945.381,945.381,0.0,0.0,0.0,534.081,0.0,0.0,0.0,0.0,0.0,200.0,0.2,0.974,0.0,0.0,44.548,0.0,0.0,44.548,0.639,1.0,0.639,minimize_generator,full_grid,False,2173.897,0.0,5000,inf
2019-10-06,817.75,639.683,1457.433,582.021,229.12,811.141,811.141,0.0,0.0,0.0,646.292,0.0,0.0,0.0,0.0,0.0,200.0,0.2,0.974,0.0,0.0,54.435,0.0,0.0,54.435,0.557,1.0,0.557,minimize_generator,full_grid,False,2820.189,0.0,5000,inf
2019-10-07,814.58,711.73,1526.31,811.025,121.6,932.625,932.625,0.0,0.0,0.0,593.685,0.0,0.0,0.0,0.0,0.0,200.0,0.2,0.974,0.0,0.0,49.797,0.0,0.0,49.797,0.611,1.0,0.611,minimize_generator,full_grid,False,3413.874,0.0,5000,inf
2019-10-08,816.445,726.511,1542.956,792.369,125.84,918.209,918.209,0.0,0.0,0.0,624.747,0.0,0.0,0.0,0.0,0.0,200.0,0.2,0.974,0.0,0.0,52.366,0.0,0.0,52.366,0.595,1.0,0.595,minimize_generator,full_grid,False,4038.622,0.0,5000,inf
2019-10-09,733.355,786.733,1520.088,745.218,210.12,955.338,955.338,0.0,0.0,0.0,564.75,0.0,0.0,0.0,0.0,0.0,200.0,0.2,0.974,0.0,0.0,47.002,0.0,0.0,47.002,0.628,1.0,0.628,minimize_generator,full_grid,False,4603.372,0.0,5000,inf
2019-10-10,737.855,784.89,1522.745,725.867,247.12,972.987,972.987,0.0,0.0,0.0,396.628,0.0,153.13,0.0,0.0,0.0,200.0,0.2,0.974,91.878,10.209,33.021,0.0,49.008,82.029,0.74,1.0,0.639,minimize_generator,full_grid,False,5000.0,0.0,5000,inf
2019-10-11,732.435,799.8,1532.235,761.131,301.72,1062.851,1062.851,0.0,0.0,0.0,0.0,0.0,469.384,0.0,0.0,0.0,200.0,0.2,0.974,237.877,24.0,0.0,0.0,126.883,126.883,1.0,1.0,0.694,minimize_generator,full_grid,False,5000.0,0.0,5000,inf
2019-10-12,734.485,823.298,1557.783,788.234,248.08,1036.314,1036.314,0.0,0.0,0.0,0.0,0.0,521.469,0.0,0.0,0.0,200.0,0.2,0.974,248.294,24.0,0.0,0.0,132.44,132.44,1.0,1.0,0.665,minimize_generator,full_grid,False,5000.0,0.0,5000,inf
2019-10-13,733.355,708.037,1441.392,788.468,141.48,929.948,929.948,0.0,0.0,0.0,0.0,0.0,511.444,0.0,0.0,0.0,200.0,0.2,0.974,246.289,24.0,0.0,0.0,131.37,131.37,1.0,1.0,0.645,minimize_generator,full_grid,False,5000.0,0.0,5000,inf
2019-10-14,811.98,645.423,1457.403,694.285,24.28,718.565,718.565,0.0,0.0,0.0,0.0,0.0,738.838,0.0,0.0,0.0,200.0,0.2,0.974,291.768,24.0,0.0,0.0,155.629,155.629,1.0,1.0,0.493,minimize_generator,full_grid,False,5000.0,0.0,5000,inf
2019-10-15,734.66,597.531,1332.191,435.736,145.96,581.696,581.696,0.0,0.0,0.0,0.0,0.0,750.495,0.0,0.0,0.0,200.0,0.2,0.974,294.099,24.0,0.0,0.0,156.872,156.872,1.0,1.0,0.437,minimize_generator,full_grid,False,5000.0,0.0,5000,inf
2019-10-16,810.675,679.492,1490.167,589.976,303.52,893.496,893.496,0.0,0.0,0.0,0.0,0.0,596.671,0.0,0.0,0.0,200.0,0.2,0.974,263.334,24.0,0.0,0.0,140.463,140.463,1.0,1.0,0.6,minimize_generator,full_grid,False,5000.0,0.0,5000,inf
2019-10-17,737.655,669.603,1407.258,667.365,230.08,897.445,897.445,0.0,0.0,0.0,0.0,0.0,509.813,0.0,0.0,0.0,200.0,0.2,0.974,245.963,24.0,0.0,0.0,131.196,131.196,1.0,1.0,0.638,minimize_generator,full_grid,False,5000.0,0.0,5000,inf
2019-10-18,814.58,698.28,1512.86,702.893,277.08,979.973,979.973,0.0,0.0,0.0,0.0,0.0,532.887,0.0,0.0,0.0,200.0,0.2,0.974,250.577,24.0,0.0,0.0,133.658,133.658,1.0,1.0,0.648,minimize_generator,full_grid,False,5000.0,0.0,5000,inf
2019-10-19,666.24,692.706,1358.946,749.27,99.68,848.95,848.95,0.0,0.0,0.0,0.0,0.0,509.996,0.0,0.0,0.0,200.0,0.2,0.974,245.999,24.0,0.0,0.0,131.216,131.216,1.0,1.0,0.625,minimize_generator,full_grid,False,5000.0,0.0,5000,inf
2019-10-20,810.115,722.61,1532.725,746.09,159.52,905.61,905.61,0.0,0.0,0.0,0.0,0.0,627.115,0.0,0.0,0.0,200.0,0.2,0.974,269.423,24.0,0.0,0.0,143.71,143.71,1.0,1.0,0.591,minimize_generator,full_grid,False,5000.0,0.0,5000,inf
2019-10-21,738.39,622.174,1360.564,710.986,79.68,790.666,790.666,0.0,0.0,0.0,0.0,0.0,569.898,0.0,0.0,0.0,200.0,0.2,0.974,257.98,24.0,0.0,0.0,137.606,137.606,1.0,1.0,0.581,minimize_generator,full_grid,False,5000.0,0.0,5000,inf
2019-10-22,730.195,475.674,1205.869,681.157,5.24,686.397,686.397,0.0,0.0,0.0,0.0,0.0,519.472,0.0,0.0,0.0,200.0,0.2,0.974,247.894,24.0,0.0,0.0,132.227,132.227,1.0,1.0,0.569,minimize_generator,full_grid,False,5000.0,0.0,5000,inf
2019-10-23,737.295,543.276,1280.571,704.372,169.64,874.012,874.012,0.0,0.0,0.0,0.0,0.0,406.559,0.0,0.0,0.0,200.0,0.2,0.974,225.312,24.0,0.0,0.0,120.181,120.181,1.0,1.0,0.683,minimize_generator,full_grid,False,5000.0,0.0,5000,inf
2019-10-24,734.485,504.515,1239.0,702.378,199.68,902.058,902.058,0.0,0.0,0.0,0.0,0.0,336.942,0.0,0.0,0.0,200.0,0.2,0.974,202.165,22.463,0.0,0.0,107.835,107.835,1.0,1.0,0.728,minimize_generator,full_grid,False,5000.0,0.0,5000,inf
2019-10-25,732.06,468.987,1201.047,668.623,121.6,790.223,790.223,0.0,0.0,0.0,0.0,0.0,410.824,0.0,0.0,0.0,200.0,0.2,0.974,226.165,24.0,0.0,0.0,120.636,120.636,1.0,1.0,0.658,minimize_generator,full_grid,False,5000.0,0.0,5000,inf
2019-10-26,729.45,486.799,1216.249,632.643,247.12,879.763,879.763,0.0,0.0,0.0,0.0,0.0,336.486,0.0,0.0,0.0,200.0,0.2,0.974,201.891,22.432,0.0,0.0,107.689,107.689,1.0,1.0,0.723,minimize_generator,full_grid,False,5000.0,0.0,5000,inf
2019-10-27,729.625,417.616,1147.241,596.961,213.92,810.881,810.881,0.0,0.0,0.0,0.0,0.0,336.36,0.0,0.0,0.0,200.0,0.2,0.974,201.816,22.424,0.0,0.0,107.649,107.649,1.0,1.0,0.707,minimize_generator,full_grid,False,5000.0,0.0,5000,inf
2019-10-28,810.475,395.134,1205.609,701.753,267.8,969.553,969.553,0.0,0.0,0.0,0.0,0.0,236.056,0.0,0.0,0.0,200.0,0.2,0.974,141.634,15.737,0.0,0.0,75.547,75.547,1.0,1.0,0.804,minimize_generator,full_grid,False,5000.0,0.0,5000,inf
2019-10-29,731.7,306.156,1037.856,666.371,306.24,972.611,972.611,0.0,24.755,0.0,0.0,0.0,65.245,24.755,0.0,0.0,223.518,0.224,0.871,54.0,6.0,0.0,0.0,28.804,28.804,1.0,1.0,0.937,minimize_generator,full_grid,False,5000.0,0.0,5000,inf
2019-10-30,734.3,253.321,987.621,732.05,94.28,826.33,826.33,0.0,0.0,22.342,0.0,0.0,138.949,0.0,0.0,0.0,200.0,0.2,0.871,83.37,9.263,0.0,0.0,44.469,44.469,1.0,1.0,0.856,minimize_generator,full_grid,False,5000.0,0.0,5000,inf
2019-10-31,664.935,102.581,767.516,715.06,178.0,893.06,767.516,125.544,125.544,0.0,0.0,0.0,0.0,0.0,0.0,0.0,319.267,0.319,0.919,0.0,0.0,0.0,0.0,0.0,0.0,1.0,1.0,1.0,minimize_generator,full_grid,False,5000.0,0.0,5000,inf
2019-11-01,664.725,690.898,1355.623,704.19,235.76,939.95,939.95,0.0,0.0,113.304,302.369,0.0,0.0,0.0,0.0,0.0,200.0,0.2,0.919,0.0,0.0,24.441,0.0,0.0,24.441,0.777,1.0,0.77,minimize_generator,full_grid,False,302.369,0.0,5000,inf
2019-11-02,734.485,681.573,1416.058,714.132,55.4,769.532,769.532,0.0,0.0,0.0,646.526,0.0,0.0,0.0,0.0,0.0,200.0,0.2,0.919,0.0,0.0,52.485,0.0,0.0,52.485,0.543,1.0,0.543,minimize_generator,full_grid,False,948.895,0.0,5000,inf
2019-11-03,661.54,667.661,1329.201,697.336,65.68,763.016,763.016,0.0,0.0,0.0,566.185,0.0,0.0,0.0,0.0,0.0,200.0,0.2,0.919,0.0,0.0,45.817,0.0,0.0,45.817,0.574,1.0,0.574,minimize_generator,full_grid,False,1515.08,0.0,5000,inf
2019-11-04,665.11,677.023,1342.133,698.559,49.8,748.359,748.359,0.0,0.0,0.0,593.774,0.0,0.0,0.0,0.0,0.0,200.0,0.2,0.919,0.0,0.0,48.034,0.0,0.0,48.034,0.558,1.0,0.558,minimize_generator,full_grid,False,2108.854,0.0,5000,inf
2019-11-05,729.625,642.88,1372.505,600.908,119.08,719.988,719.988,0.0,0.0,0.0,652.517,0.0,0.0,0.0,0.0,0.0,200.0,0.2,0.919,0.0,0.0,53.075,0.0,0.0,53.075,0.525,1.0,0.525,minimize_generator,full_grid,False,2761.371,0.0,5000,inf
2019-11-06,729.625,647.541,1377.166,673.508,118.24,791.748,791.748,0.0,0.0,0.0,585.418,0.0,0.0,0.0,0.0,0.0,200.0,0.2,0.919,0.0,0.0,47.604,0.0,0.0,47.604,0.575,1.0,0.575,minimize_generator,full_grid,False,3346.789,0.0,5000,inf
2019-11-07,665.11,595.126,1260.236,653.78,1.68,655.46,655.46,0.0,0.0,0.0,604.776,0.0,0.0,0.0,0.0,0.0,200.0,0.2,0.919,0.0,0.0,49.163,0.0,0.0,49.163,0.52,1.0,0.52,minimize_generator,full_grid,False,3951.565,0.0,5000,inf
2019-11-08,730.01,668.241,1398.251,608.727,48.72,657.447,657.447,0.0,0.0,0.0,740.804,0.0,0.0,0.0,0.0,0.0,200.0,0.2,0.919,0.0,0.0,60.169,0.0,0.0,60.169,0.47,1.0,0.47,minimize_generator,full_grid,False,4692.369,0.0,5000,inf
2019-11-09,730.755,654.253,1385.008,584.343,95.8,680.143,680.143,0.0,0.0,0.0,307.631,0.0,397.234,0.0,0.0,0.0,200.0,0.2,0.919,223.447,24.0,25.007,0.0,109.69,134.697,0.778,1.0,0.491,minimize_generator,full_grid,False,5000.0,0.0,5000,inf
2019-11-10,730.755,628.675,1359.43,588.127,26.08,614.207,614.207,0.0,0.0,0.0,0.0,0.0,745.223,0.0,0.0,0.0,200.0,0.2,0.919,293.045,24.0,0.0,0.0,143.856,143.856,1.0,1.0,0.452,minimize_generator,full_grid,False,5000.0,0.0,5000,inf
2019-11-11,660.595,635.633,1296.228,589.714,5.96,595.674,595.674,0.0,0.0,0.0,0.0,0.0,700.554,0.0,0.0,0.0,200.0,0.2,0.919,284.111,24.0,0.0,0.0,139.47,139.47,1.0,1.0,0.46,minimize_generator,full_grid,False,5000.0,0.0,5000,inf
2019-11-12,663.245,677.059,1340.304,611.57,18.36,629.93,629.93,0.0,0.0,0.0,0.0,0.0,710.374,0.0,0.0,0.0,200.0,0.2,0.919,286.075,24.0,0.0,0.0,140.434,140.434,1.0,1.0,0.47,minimize_generator,full_grid,False,5000.0,0.0,5000,inf
2019-11-13,731.49,627.469,1358.959,569.615,8.96,578.575,578.575,0.0,0.0,0.0,0.0,0.0,780.384,0.0,0.0,0.0,200.0,0.2,0.919,300.077,24.0,0.0,0.0,147.308,147.308,1.0,1.0,0.426,minimize_generator,full_grid,False,5000.0,0.0,5000,inf
2019-11-14,730.195,596.087,1326.282,549.679,4.8,554.479,554.479,0.0,0.0,0.0,0.0,0.0,771.803,0.0,0.0,0.0,200.0,0.2,0.919,298.361,24.0,0.0,0.0,146.465,146.465,1.0,1.0,0.418,minimize_generator,full_grid,False,5000.0,0.0,5000,inf
2019-11-15,657.995,721.114,1379.109,607.2,380.24,987.44,987.44,0.0,0.0,0.0,0.0,0.0,391.669,0.0,0.0,0.0,200.0,0.2,0.919,222.334,24.0,0.0,0.0,109.144,109.144,1.0,1.0,0.716,minimize_generator,full_grid,False,5000.0,0.0,5000,inf
2019-11-16,664.55,733.221,1397.771,618.695,257.48,876.175,876.175,0.0,0.0,0.0,0.0,0.0,521.596,0.0,0.0,0.0,200.0,0.2,0.919,248.319,24.0,0.0,0.0,121.9,121.9,1.0,1.0,0.627,minimize_generator,full_grid,False,5000.0,0.0,5000,inf
2019-11-17,588.39,610.407,1198.797,596.806,25.72,622.526,622.526,0.0,0.0,0.0,0.0,0.0,576.271,0.0,0.0,0.0,200.0,0.2,0.919,259.254,24.0,0.0,0.0,127.268,127.268,1.0,1.0,0.519,minimize_generator,full_grid,False,5000.0,0.0,5000,inf
2019-11-18,662.86,662.983,1325.843,570.615,90.52,661.135,661.135,0.0,0.0,0.0,0.0,0.0,664.708,0.0,0.0,0.0,200.0,0.2,0.919,276.942,24.0,0.0,0.0,135.951,135.951,1.0,1.0,0.499,minimize_generator,full_grid,False,5000.0,0.0,5000,inf
2019-11-19,732.435,623.44,1355.875,609.718,29.56,639.278,639.278,0.0,0.0,0.0,0.0,0.0,716.597,0.0,0.0,0.0,200.0,0.2,0.919,287.319,24.0,0.0,0.0,141.045,141.045,1.0,1.0,0.471,minimize_generator,full_grid,False,5000.0,0.0,5000,inf
2019-11-20,658.17,603.187,1261.357,637.611,16.32,653.931,653.931,0.0,0.0,0.0,0.0,0.0,607.426,0.0,0.0,0.0,200.0,0.2,0.919,265.485,24.0,0.0,0.0,130.327,130.327,1.0,1.0,0.518,minimize_generator,full_grid,False,5000.0,0.0,5000,inf
2019-11-21,658.38,574.034,1232.414,549.561,27.2,576.761,576.761,0.0,0.0,0.0,0.0,0.0,655.653,0.0,0.0,0.0,200.0,0.2,0.919,275.131,24.0,0.0,0.0,135.062,135.062,1.0,1.0,0.468,minimize_generator,full_grid,False,5000.0,0.0,5000,inf
2019-11-22,664.55,609.345,1273.895,604.023,44.52,648.543,648.543,0.0,0.0,0.0,0.0,0.0,625.352,0.0,0.0,0.0,200.0,0.2,0.919,269.07,24.0,0.0,0.0,132.087,132.087,1.0,1.0,0.509,minimize_generator,full_grid,False,5000.0,0.0,5000,inf
2019-11-23,588.39,651.283,1239.673,624.417,242.4,866.817,866.817,0.0,0.0,0.0,0.0,0.0,372.856,0.0,0.0,0.0,200.0,0.2,0.919,218.571,24.0,0.0,0.0,107.297,107.297,1.0,1.0,0.699,minimize_generator,full_grid,False,5000.0,0.0,5000,inf
2019-11-24,658.38,672.718,1331.098,622.756,171.48,794.236,794.236,0.0,0.0,0.0,0.0,0.0,536.862,0.0,0.0,0.0,200.0,0.2,0.919,251.372,24.0,0.0,0.0,123.399,123.399,1.0,1.0,0.597,minimize_generator,full_grid,False,5000.0,0.0,5000,inf
2019-11-25,663.07,605.254,1268.324,605.463,18.36,623.823,623.823,0.0,0.0,0.0,0.0,0.0,644.501,0.0,0.0,0.0,200.0,0.2,0.919,272.9,24.0,0.0,0.0,133.967,133.967,1.0,1.0,0.492,minimize_generator,full_grid,False,5000.0,0.0,5000,inf
2019-11-26,657.81,657.77,1315.58,569.851,98.88,668.731,668.731,0.0,0.0,0.0,0.0,0.0,646.849,0.0,0.0,0.0,200.0,0.2,0.919,273.37,24.0,0.0,0.0,134.197,134.197,1.0,1.0,0.508,minimize_generator,full_grid,False,5000.0,0.0,5000,inf
2019-11-27,659.115,679.53,1338.645,558.667,237.68,796.347,796.347,0.0,0.0,0.0,0.0,0.0,542.298,0.0,0.0,0.0,200.0,0.2,0.919,252.46,24.0,0.0,0.0,123.932,123.932,1.0,1.0,0.595,minimize_generator,full_grid,False,5000.0,0.0,5000,inf
2019-11-28,662.86,628.491,1291.351,586.039,242.4,828.439,828.439,0.0,0.0,0.0,0.0,0.0,462.912,0.0,0.0,0.0,200.0,0.2,0.919,236.582,24.0,0.0,0.0,116.138,116.138,1.0,1.0,0.642,minimize_generator,full_grid,False,5000.0,0.0,5000,inf
2019-11-29,661.165,534.198,1195.363,616.769,48.72,665.489,665.489,0.0,0.0,0.0,0.0,0.0,529.874,0.0,0.0,0.0,200.0,0.2,0.919,249.975,24.0,0.0,0.0,122.713,122.713,1.0,1.0,0.557,minimize_generator,full_grid,False,5000.0,0.0,5000,inf
2019-11-30,660.245,488.56,1148.805,612.386,40.56,652.946,652.946,0.0,0.0,0.0,0.0,0.0,495.859,0.0,0.0,0.0,200.0,0.2,0.919,243.172,24.0,0.0,0.0,119.373,119.373,1.0,1.0,0.568,minimize_generator,full_grid,False,5000.0,0.0,5000,inf
2019-12-01,657.81,651.742,1309.552,590.695,283.52,874.215,874.215,0.0,0.0,0.0,435.337,0.0,0.0,0.0,0.0,0.0,200.0,0.2,0.919,0.0,0.0,36.168,0.0,0.0,36.168,0.668,1.0,0.668,minimize_generator,full_grid,False,435.337,0.0,5000,inf
2019-12-02,660.245,630.134,1290.379,587.651,301.72,889.371,889.371,0.0,0.0,0.0,401.008,0.0,0.0,0.0,0.0,0.0,200.0,0.2,0.919,0.0,0.0,33.363,0.0,0.0,33.363,0.689,1.0,0.689,minimize_generator,full_grid,False,836.345,0.0,5000,inf
2019-12-03,658.17,520.288,1178.458,611.029,80.4,691.429,691.429,0.0,0.0,0.0,487.029,0.0,0.0,0.0,0.0,0.0,200.0,0.2,0.919,0.0,0.0,40.81,0.0,0.0,40.81,0.587,1.0,0.587,minimize_generator,full_grid,False,1323.374,0.0,5000,inf
2019-12-04,660.035,555.039,1215.074,603.517,65.68,669.197,669.197,0.0,0.0,0.0,545.877,0.0,0.0,0.0,0.0,0.0,200.0,0.2,0.919,0.0,0.0,45.635,0.0,0.0,45.635,0.551,1.0,0.551,minimize_generator,full_grid,False,1869.251,0.0,5000,inf
2019-12-05,589.485,342.573,932.058,581.563,169.64,751.203,751.203,0.0,0.0,0.0,180.855,0.0,0.0,0.0,0.0,0.0,200.0,0.2,0.919,0.0,0.0,15.324,0.0,0.0,15.324,0.806,1.0,0.806,minimize_generator,full_grid,False,2050.106,0.0,5000,inf
2019-12-06,657.25,378.973,1036.223,581.199,423.56,1004.759,1004.759,0.0,0.0,0.0,31.464,0.0,0.0,0.0,0.0,0.0,200.0,0.2,0.919,0.0,0.0,2.667,0.0,0.0,2.667,0.97,1.0,0.97,minimize_generator,full_grid,False,2081.57,0.0,5000,inf
2019-12-07,587.26,359.414,946.674,581.784,329.12,910.904,910.904,0.0,0.0,0.0,35.77,0.0,0.0,0.0,0.0,0.0,200.0,0.2,0.919,0.0,0.0,3.025,0.0,0.0,3.025,0.962,1.0,0.962,minimize_generator,full_grid,False,2117.341,0.0,5000,inf
2019-12-08,657.435,281.734,939.169,562.325,260.32,822.645,822.645,0.0,0.0,0.0,116.524,0.0,0.0,0.0,0.0,0.0,200.0,0.2,0.919,0.0,0.0,9.973,0.0,0.0,9.973,0.876,1.0,0.876,minimize_generator,full_grid,False,2233.865,0.0,5000,inf
2019-12-09,587.445,300.314,887.759,565.628,179.88,745.508,745.508,0.0,0.0,0.0,142.251,0.0,0.0,0.0,0.0,0.0,200.0,0.2,0.919,0.0,0.0,12.106,0.0,0.0,12.106,0.84,1.0,0.84,minimize_generator,full_grid,False,2376.116,0.0,5000,inf
2019-12-10,586.14,244.063,830.203,549.43,6.12,555.55,555.55,0.0,0.0,0.0,274.653,0.0,0.0,0.0,0.0,0.0,200.0,0.2,0.919,0.0,0.0,23.529,0.0,0.0,23.529,0.669,1.0,0.669,minimize_generator,full_grid,False,2650.77,0.0,5000,inf
2019-12-11,657.995,233.861,891.856,481.758,5.24,486.998,486.998,0.0,0.0,0.0,404.858,0.0,0.0,0.0,0.0,0.0,200.0,0.2,0.919,0.0,0.0,34.846,0.0,0.0,34.846,0.546,1.0,0.546,minimize_generator,full_grid,False,3055.628,0.0,5000,inf
2019-12-12,657.61,358.343,1015.953,533.178,271.52,804.698,804.698,0.0,0.0,0.0,211.255,0.0,0.0,0.0,0.0,0.0,200.0,0.2,0.919,0.0,0.0,17.94,0.0,0.0,17.94,0.792,1.0,0.792,minimize_generator,full_grid,False,3266.883,0.0,5000,inf
2019-12-13,659.475,303.611,963.086,542.989,259.36,802.349,802.349,0.0,0.0,0.0,160.737,0.0,0.0,0.0,0.0,0.0,200.0,0.2,0.919,0.0,0.0,13.726,0.0,0.0,13.726,0.833,1.0,0.833,minimize_generator,full_grid,False,3427.62,0.0,5000,inf
2019-12-14,588.005,284.874,872.879,557.956,156.76,714.716,714.716,0.0,0.0,0.0,158.163,0.0,0.0,0.0,0.0,0.0,200.0,0.2,0.919,0.0,0.0,13.484,0.0,0.0,13.484,0.819,1.0,0.819,minimize_generator,full_grid,False,3585.782,0.0,5000,inf
2019-12-15,657.81,318.048,975.858,522.697,178.0,700.697,700.697,0.0,0.0,0.0,275.161,0.0,0.0,0.0,0.0,0.0,200.0,0.2,0.919,0.0,0.0,23.46,0.0,0.0,23.46,0.718,1.0,0.718,minimize_generator,full_grid,False,3860.943,0.0,5000,inf
2019-12-16,658.17,301.428,959.598,549.999,117.4,667.399,667.399,0.0,0.0,0.0,292.199,0.0,0.0,0.0,0.0,0.0,200.0,0.2,0.919,0.0,0.0,24.957,0.0,0.0,24.957,0.695,1.0,0.695,minimize_generator,full_grid,False,4153.142,0.0,5000,inf
2019-12-17,657.61,303.386,960.996,573.026,92.76,665.786,665.786,0.0,0.0,0.0,295.21,0.0,0.0,0.0,0.0,0.0,200.0,0.2,0.919,0.0,0.0,25.208,0.0,0.0,25.208,0.693,1.0,0.693,minimize_generator,full_grid,False,4448.352,0.0,5000,inf
2019-12-18,585.965,284.77,870.735,587.833,32.0,619.833,619.833,0.0,0.0,0.0,250.902,0.0,0.0,0.0,0.0,0.0,200.0,0.2,0.919,0.0,0.0,21.389,0.0,0.0,21.389,0.712,1.0,0.712,minimize_generator,full_grid,False,4699.254,0.0,5000,inf
2019-12-19,589.485,302.41,891.895,600.861,58.32,659.181,659.181,0.0,0.0,0.0,232.714,0.0,0.0,0.0,0.0,0.0,200.0,0.2,0.919,0.0,0.0,19.803,0.0,0.0,19.803,0.739,1.0,0.739,minimize_generator,full_grid,False,4931.968,0.0,5000,inf
2019-12-20,656.865,306.531,963.396,597.519,77.6,675.119,675.119,0.0,0.0,0.0,68.032,0.0,220.244,0.0,0.0,0.0,200.0,0.2,0.919,132.147,14.683,5.807,0.0,69.496,75.303,0.929,1.0,0.701,minimize_generator,full_grid,False,5000.0,0.0,5000,inf
2019-12-21,588.565,278.276,866.841,553.74,67.6,621.34,621.34,0.0,0.0,0.0,0.0,0.0,245.501,0.0,0.0,0.0,200.0,0.2,0.919,147.301,16.367,0.0,0.0,77.465,77.465,1.0,1.0,0.717,minimize_generator,full_grid,False,5000.0,0.0,5000,inf
2019-12-22,580.72,274.786,855.506,580.774,80.4,661.174,661.174,0.0,0.0,0.0,0.0,0.0,194.332,0.0,0.0,0.0,200.0,0.2,0.919,116.599,12.955,0.0,0.0,61.319,61.319,1.0,1.0,0.773,minimize_generator,full_grid,False,5000.0,0.0,5000,inf
2019-12-23,588.95,266.443,855.393,585.502,18.96,604.462,604.462,0.0,0.0,0.0,0.0,0.0,250.931,0.0,0.0,0.0,200.0,0.2,0.919,150.559,16.729,0.0,0.0,79.179,79.179,1.0,1.0,0.707,minimize_generator,full_grid,False,5000.0,0.0,5000,inf
2019-12-24,663.605,35.336,698.941,578.556,79.0,657.556,657.556,0.0,48.615,0.0,0.0,0.0,41.385,48.615,0.0,0.0,246.184,0.246,0.747,54.0,6.0,0.0,0.0,28.399,28.399,1.0,1.0,0.941,minimize_generator,full_grid,False,5000.0,0.0,5000,inf
2019-12-25,586.7,24.141,610.841,448.751,383.36,832.111,610.841,221.27,221.27,0.0,0.0,0.0,0.0,0.0,0.0,0.0,456.39,0.456,0.863,0.0,0.0,0.0,0.0,0.0,0.0,1.0,1.0,1.0,minimize_generator,full_grid,False,5000.0,0.0,5000,inf
2019-12-26,585.22,22.022,607.242,471.753,303.52,775.273,607.242,168.031,168.031,0.0,0.0,0.0,0.0,0.0,0.0,0.0,616.02,0.616,0.899,0.0,0.0,0.0,0.0,0.0,0.0,1.0,1.0,1.0,minimize_generator,full_grid,False,5000.0,0.0,5000,inf
2019-12-27,589.31,22.712,612.022,527.24,334.28,861.52,612.022,249.498,193.663,0.0,0.0,55.835,0.0,0.0,0.0,0.0,800.0,0.8,0.922,0.0,0.0,0.0,0.0,0.0,0.0,1.0,0.935,1.0,minimize_generator,full_grid,False,5000.0,55.835,5000,inf
2019-12-28,588.95,23.514,612.464,576.572,83.24,659.812,612.464,47.348,0.0,0.0,0.0,47.348,0.0,0.0,0.0,0.0,800.0,0.8,0.922,0.0,0.0,0.0,0.0,0.0,0.0,1.0,0.928,1.0,minimize_generator,full_grid,False,5000.0,103.183,5000,inf
2019-12-29,658.94,24.212,683.152,585.584,41.52,627.104,627.104,0.0,0.0,56.048,0.0,0.0,0.0,0.0,0.0,0.0,741.002,0.741,0.922,0.0,0.0,0.0,0.0,0.0,0.0,1.0,1.0,0.994,minimize_generator,full_grid,False,5000.0,103.183,5000,inf
2019-12-30,582.97,23.692,606.662,575.409,170.56,745.969,606.662,139.307,62.103,0.0,0.0,77.205,0.0,0.0,0.0,0.0,800.0,0.8,0.928,0.0,0.0,0.0,0.0,0.0,0.0,1.0,0.897,1.0,minimize_generator,full_grid,False,5000.0,180.388,5000,inf
2019-12-31,657.075,23.519,680.594,549.124,197.76,746.884,680.594,66.29,0.0,0.0,0.0,66.29,0.0,0.0,0.0,0.0,800.0,0.8,0.928,0.0,0.0,0.0,0.0,0.0,0.0,1.0,0.911,1.0,minimize_generator,full_grid,False,5000.0,246.678,5000,inf
2020-01-01,587.26,23.313,610.573,495.335,149.52,644.855,610.573,34.282,0.0,0.0,0.0,34.282,0.0,0.0,0.0,0.0,800.0,0.8,0.928,0.0,0.0,0.0,0.0,0.0,0.0,1.0,0.947,1.0,minimize_generator,full_grid,False,0.0,34.282,5000,inf
2020-01-02,584.45,22.294,606.744,555.856,264.96,820.816,606.744,214.072,0.0,0.0,0.0,214.072,0.0,0.0,0.0,0.0,800.0,0.8,0.928,0.0,0.0,0.0,0.0,0.0,0.0,1.0,0.739,1.0,minimize_generator,full_grid,False,0.0,248.355,5000,inf
2020-01-03,586.14,20.835,606.975,598.959,338.56,937.519,606.975,330.544,0.0,0.0,0.0,330.544,0.0,0.0,0.0,0.0,800.0,0.8,0.928,0.0,0.0,0.0,0.0,0.0,0.0,1.0,0.647,1.0,minimize_generator,full_grid,False,0.0,578.899,5000,inf
2020-01-04,588.75,21.281,610.031,471.412,353.68,825.092,610.031,215.061,0.0,0.0,0.0,215.061,0.0,0.0,0.0,0.0,800.0,0.8,0.928,0.0,0.0,0.0,0.0,0.0,0.0,1.0,0.739,1.0,minimize_generator,full_grid,False,0.0,793.96,5000,inf
2020-01-05,588.005,22.38,610.385,599.988,165.04,765.028,610.385,154.643,0.0,0.0,0.0,154.643,0.0,0.0,0.0,0.0,800.0,0.8,0.928,0.0,0.0,0.0,0.0,0.0,0.0,1.0,0.798,1.0,minimize_generator,full_grid,False,0.0,948.602,5000,inf
2020-01-06,580.545,22.969,603.514,597.58,40.08,637.66,603.514,34.146,0.0,0.0,0.0,34.146,0.0,0.0,0.0,0.0,800.0,0.8,0.928,0.0,0.0,0.0,0.0,0.0,0.0,1.0,0.946,1.0,minimize_generator,full_grid,False,0.0,982.749,5000,inf
2020-01-07,587.83,22.47,610.3,543.496,227.2,770.696,610.3,160.396,0.0,0.0,0.0,160.396,0.0,0.0,0.0,0.0,800.0,0.8,0.928,0.0,0.0,0.0,0.0,0.0,0.0,1.0,0.792,1.0,minimize_generator,full_grid,False,0.0,1143.144,5000,inf
2020-01-08,584.45,21.816,606.266,582.18,416.6,998.78,606.266,392.514,0.0,0.0,0.0,392.514,0.0,0.0,0.0,0.0,800.0,0.8,0.928,0.0,0.0,0.0,0.0,0.0,0.0,1.0,0.607,1.0,minimize_generator,full_grid,False,0.0,1535.658,5000,inf
2020-01-09,584.835,20.227,605.062,431.474,352.04,783.514,605.062,178.452,0.0,0.0,0.0,178.452,0.0,0.0,0.0,0.0,800.0,0.8,0.928,0.0,0.0,0.0,0.0,0.0,0.0,1.0,0.772,1.0,minimize_generator,full_grid,False,0.0,1714.11,5000,inf
2020-01-10,584.835,17.559,602.394,436.883,422.16,859.043,602.394,256.649,0.0,0.0,0.0,256.649,0.0,0.0,0.0,0.0,800.0,0.8,0.928,0.0,0.0,0.0,0.0,0.0,0.0,1.0,0.701,1.0,minimize_generator,full_grid,False,0.0,1970.759,5000,inf
2020-01-11,584.1,14.09,598.19,619.566,122.44,742.006,598.19,143.816,0.0,0.0,0.0,143.816,0.0,0.0,0.0,0.0,800.0,0.8,0.928,0.0,0.0,0.0,0.0,0.0,0.0,1.0,0.806,1.0,minimize_generator,full_grid,False,0.0,2114.575,5000,inf
2020-01-12,588.95,13.415,602.365,407.392,28.36,435.752,435.752,0.0,0.0,166.613,0.0,0.0,0.0,0.0,0.0,0.0,624.618,0.625,0.928,0.0,0.0,0.0,0.0,0.0,0.0,1.0,1.0,0.98,minimize_generator,full_grid,False,0.0,2114.575,5000,inf
2020-01-13,584.275,5.203,589.478,574.802,117.4,692.202,589.478,102.724,102.724,0.0,0.0,0.0,0.0,0.0,0.0,0.0,722.206,0.722,0.938,0.0,0.0,0.0,0.0,0.0,0.0,1.0,1.0,1.0,minimize_generator,full_grid,False,0.0,2114.575,5000,inf
2020-01-14,572.425,4.348,576.773,573.598,5.96,579.558,576.773,2.785,2.785,0.0,0.0,0.0,0.0,0.0,0.0,0.0,724.851,0.725,0.938,0.0,0.0,0.0,0.0,0.0,0.0,1.0,1.0,1.0,minimize_generator,full_grid,False,0.0,2114.575,5000,inf
2020-01-15,582.97,8.118,591.088,585.608,53.12,638.728,591.088,47.64,47.64,0.0,0.0,0.0,0.0,0.0,0.0,0.0,770.109,0.77,0.941,0.0,0.0,0.0,0.0,0.0,0.0,1.0,1.0,1.0,minimize_generator,full_grid,False,0.0,2114.575,5000,inf
2020-01-16,585.22,9.79,595.01,595.028,110.8,705.828,595.01,110.818,31.464,0.0,0.0,79.354,0.0,0.0,0.0,0.0,800.0,0.8,0.944,0.0,0.0,0.0,0.0,0.0,0.0,1.0,0.888,1.0,minimize_generator,full_grid,False,0.0,2193.929,5000,inf
2020-01-17,589.125,10.466,599.591,553.132,428.32,981.452,599.591,381.861,0.0,0.0,0.0,381.861,0.0,0.0,0.0,0.0,800.0,0.8,0.944,0.0,0.0,0.0,0.0,0.0,0.0,1.0,0.611,1.0,minimize_generator,full_grid,False,0.0,2575.79,5000,inf
2020-01-18,586.885,8.808,595.693,528.041,352.88,880.921,595.693,285.228,0.0,0.0,0.0,285.228,0.0,0.0,0.0,0.0,800.0,0.8,0.944,0.0,0.0,0.0,0.0,0.0,0.0,1.0,0.676,1.0,minimize_generator,full_grid,False,0.0,2861.018,5000,inf
2020-01-19,581.465,9.185,590.65,584.444,348.72,933.164,590.65,342.514,0.0,0.0,0.0,342.514,0.0,0.0,0.0,0.0,800.0,0.8,0.944,0.0,0.0,0.0,0.0,0.0,0.0,1.0,0.633,1.0,minimize_generator,full_grid,False,0.0,3203.532,5000,inf
2020-01-20,660.595,10.38,670.975,639.542,346.2,985.742,670.975,314.767,0.0,0.0,0.0,314.767,0.0,0.0,0.0,0.0,800.0,0.8,0.944,0.0,0.0,0.0,0.0,0.0,0.0,1.0,0.681,1.0,minimize_generator,full_grid,False,0.0,3518.298,5000,inf
2020-01-21,585.58,10.524,596.104,578.26,518.0,1096.26,596.104,500.156,0.0,0.0,0.0,500.156,0.0,0.0,0.0,0.0,800.0,0.8,0.944,0.0,0.0,0.0,0.0,0.0,0.0,1.0,0.544,1.0,minimize_generator,full_grid,False,0.0,4018.454,5000,inf
2020-01-22,589.485,9.68,599.165,554.397,323.92,878.317,599.165,279.152,0.0,0.0,0.0,279.152,0.0,0.0,0.0,0.0,800.0,0.8,0.944,0.0,0.0,0.0,0.0,0.0,0.0,1.0,0.682,1.0,minimize_generator,full_grid,False,0.0,4297.606,5000,inf
2020-01-23,584.1,8.564,592.664,657.84,172.44,830.28,592.664,237.616,0.0,0.0,0.0,237.616,0.0,0.0,0.0,0.0,800.0,0.8,0.944,0.0,0.0,0.0,0.0,0.0,0.0,1.0,0.714,1.0,minimize_generator,full_grid,False,0.0,4535.221,5000,inf
2020-01-24,586.7,9.359,596.059,566.421,439.52,1005.941,596.059,409.882,0.0,0.0,0.0,409.882,0.0,0.0,0.0,0.0,800.0,0.8,0.944,0.0,0.0,0.0,0.0,0.0,0.0,1.0,0.593,1.0,minimize_generator,full_grid,False,0.0,4945.104,5000,inf
2020-01-25,588.005,8.985,596.99,677.211,95.04,772.251,596.99,175.261,0.0,0.0,0.0,175.261,0.0,0.0,0.0,0.0,800.0,0.8,0.944,0.0,0.0,0.0,0.0,0.0,0.0,1.0,0.773,1.0,minimize_generator,full_grid,False,0.0,5120.365,5000,inf
2020-01-26,589.31,8.316,597.626,696.394,40.08,736.474,597.626,138.848,0.0,0.0,0.0,138.848,0.0,0.0,0.0,0.0,800.0,0.8,0.944,0.0,0.0,0.0,0.0,0.0,0.0,1.0,0.811,1.0,minimize_generator,full_grid,False,0.0,5259.213,5000,inf
2020-01-27,588.95,6.703,595.653,678.192,3.24,681.432,595.653,85.779,0.0,0.0,0.0,85.779,0.0,0.0,0.0,0.0,800.0,0.8,0.944,0.0,0.0,0.0,0.0,0.0,0.0,1.0,0.874,1.0,minimize_generator,full_grid,False,0.0,5344.991,5000,inf
2020-01-28,588.18,8.765,596.945,496.021,203.48,699.501,596.945,102.556,0.0,0.0,0.0,102.556,0.0,0.0,0.0,0.0,800.0,0.8,0.944,0.0,0.0,0.0,0.0,0.0,0.0,1.0,0.853,1.0,minimize_generator,full_grid,False,0.0,5447.547,5000,inf
2020-01-29,583.89,11.371,595.261,700.529,304.44,1004.969,595.261,409.708,0.0,0.0,0.0,409.708,0.0,0.0,0.0,0.0,800.0,0.8,0.944,0.0,0.0,0.0,0.0,0.0,0.0,1.0,0.592,1.0,minimize_generator,full_grid,False,0.0,5857.256,5000,inf
2020-01-30,582.97,8.938,591.908,686.19,87.56,773.75,591.908,181.842,0.0,0.0,0.0,181.842,0.0,0.0,0.0,0.0,800.0,0.8,0.944,0.0,0.0,0.0,0.0,0.0,0.0,1.0,0.765,1.0,minimize_generator,full_grid,False,0.0,6039.098,5000,inf
2020-01-31,586.525,11.668,598.193,681.169,370.76,1051.929,598.193,453.736,0.0,0.0,0.0,453.736,0.0,0.0,0.0,0.0,800.0,0.8,0.944,0.0,0.0,0.0,0.0,0.0,0.0,1.0,0.569,1.0,minimize_generator,full_grid,False,0.0,6492.834,5000,inf
2020-02-01,588.75,10.537,599.287,738.529,263.12,1001.649,599.287,402.362,0.0,0.0,0.0,402.362,0.0,0.0,0.0,0.0,800.0,0.8,0.944,0.0,0.0,0.0,0.0,0.0,0.0,1.0,0.598,1.0,minimize_generator,full_grid,False,0.0,402.362,5000,inf
2020-02-02,584.66,9.35,594.01,718.997,82.52,801.517,594.01,207.507,0.0,0.0,0.0,207.507,0.0,0.0,0.0,0.0,800.0,0.8,0.944,0.0,0.0,0.0,0.0,0.0,0.0,1.0,0.741,1.0,minimize_generator,full_grid,False,0.0,609.869,5000,inf
2020-02-03,589.485,10.51,599.995,719.329,190.2,909.529,599.995,309.534,0.0,0.0,0.0,309.534,0.0,0.0,0.0,0.0,800.0,0.8,0.944,0.0,0.0,0.0,0.0,0.0,0.0,1.0,0.66,1.0,minimize_generator,full_grid,False,0.0,919.403,5000,inf
2020-02-04,657.81,12.07,669.88,712.772,329.12,1041.892,669.88,372.012,0.0,0.0,0.0,372.012,0.0,0.0,0.0,0.0,800.0,0.8,0.944,0.0,0.0,0.0,0.0,0.0,0.0,1.0,0.643,1.0,minimize_generator,full_grid,False,0.0,1291.414,5000,inf
2020-02-05,582.235,8.673,590.908,727.919,23.56,751.479,590.908,160.571,0.0,0.0,0.0,160.571,0.0,0.0,0.0,0.0,800.0,0.8,0.944,0.0,0.0,0.0,0.0,0.0,0.0,1.0,0.786,1.0,minimize_generator,full_grid,False,0.0,1451.985,5000,inf
2020-02-06,582.795,8.962,591.757,732.117,9.16,741.277,591.757,149.52,0.0,0.0,0.0,149.52,0.0,0.0,0.0,0.0,800.0,0.8,0.944,0.0,0.0,0.0,0.0,0.0,0.0,1.0,0.798,1.0,minimize_generator,full_grid,False,0.0,1601.505,5000,inf
2020-02-07,585.395,11.2,596.595,637.608,284.44,922.048,596.595,325.453,0.0,0.0,0.0,325.453,0.0,0.0,0.0,0.0,800.0,0.8,0.944,0.0,0.0,0.0,0.0,0.0,0.0,1.0,0.647,1.0,minimize_generator,full_grid,False,0.0,1926.959,5000,inf
2020-02-08,587.26,9.367,596.627,668.489,465.12,1133.609,596.627,536.982,0.0,0.0,0.0,536.982,0.0,0.0,0.0,0.0,800.0,0.8,0.944,0.0,0.0,0.0,0.0,0.0,0.0,1.0,0.526,1.0,minimize_generator,full_grid,False,0.0,2463.94,5000,inf
2020-02-09,584.275,10.118,594.393,668.315,440.8,1109.115,594.393,514.722,0.0,0.0,0.0,514.722,0.0,0.0,0.0,0.0,800.0,0.8,0.944,0.0,0.0,0.0,0.0,0.0,0.0,1.0,0.536,1.0,minimize_generator,full_grid,False,0.0,2978.663,5000,inf
2020-02-10,658.17,11.058,669.228,731.538,450.88,1182.418,669.228,513.19,0.0,0.0,0.0,513.19,0.0,0.0,0.0,0.0,800.0,0.8,0.944,0.0,0.0,0.0,0.0,0.0,0.0,1.0,0.566,1.0,minimize_generator,full_grid,False,0.0,3491.853,5000,inf
2020-02-11,588.005,10.197,598.202,779.021,201.56,980.581,598.202,382.379,0.0,0.0,0.0,382.379,0.0,0.0,0.0,0.0,800.0,0.8,0.944,0.0,0.0,0.0,0.0,0.0,0.0,1.0,0.61,1.0,minimize_generator,full_grid,False,0.0,3874.231,5000,inf
2020-02-12,586.885,8.744,595.629,761.547,12.2,773.747,595.629,178.118,0.0,0.0,0.0,178.118,0.0,0.0,0.0,0.0,800.0,0.8,0.944,0.0,0.0,0.0,0.0,0.0,0.0,1.0,0.77,1.0,minimize_generator,full_grid,False,0.0,4052.349,5000,inf
2020-02-13,581.465,11.256,592.721,767.711,57.72,825.431,592.721,232.71,0.0,0.0,0.0,232.71,0.0,0.0,0.0,0.0,800.0,0.8,0.944,0.0,0.0,0.0,0.0,0.0,0.0,1.0,0.718,1.0,minimize_generator,full_grid,False,0.0,4285.059,5000,inf
2020-02-14,582.025,9.798,591.823,706.347,3.56,709.907,591.823,118.084,0.0,0.0,0.0,118.084,0.0,0.0,0.0,0.0,800.0,0.8,0.944,0.0,0.0,0.0,0.0,0.0,0.0,1.0,0.834,1.0,minimize_generator,full_grid,False,0.0,4403.143,5000,inf
2020-02-15,588.18,427.733,1015.913,727.634,9.96,737.594,737.594,0.0,0.0,278.319,0.0,0.0,0.0,0.0,0.0,0.0,507.033,0.507,0.944,0.0,0.0,0.0,0.0,0.0,0.0,1.0,1.0,0.985,minimize_generator,full_grid,False,0.0,4403.143,5000,inf
2020-02-16,572.095,494.435,1066.53,759.331,388.72,1148.051,1066.53,81.521,81.521,0.0,0.0,0.0,0.0,0.0,0.0,0.0,584.478,0.584,0.951,0.0,0.0,0.0,0.0,0.0,0.0,1.0,1.0,1.0,minimize_generator,full_grid,False,0.0,4403.143,5000,inf
2020-02-17,657.995,432.864,1090.859,744.422,95.04,839.462,839.462,0.0,0.0,251.397,0.0,0.0,0.0,0.0,0.0,0.0,319.849,0.32,0.951,0.0,0.0,0.0,0.0,0.0,0.0,1.0,1.0,0.989,minimize_generator,full_grid,False,0.0,4403.143,5000,inf
2020-02-18,587.085,415.42,1002.505,749.206,179.88,929.086,929.086,0.0,0.0,73.419,0.0,0.0,0.0,0.0,0.0,0.0,242.566,0.243,0.951,0.0,0.0,0.0,0.0,0.0,0.0,1.0,1.0,0.996,minimize_generator,full_grid,False,0.0,4403.143,5000,inf
2020-02-19,730.195,333.093,1063.288,365.729,432.32,798.049,798.049,0.0,0.0,40.438,224.801,0.0,0.0,0.0,0.0,0.0,200.0,0.2,0.951,0.0,0.0,20.24,0.0,0.0,20.24,0.789,1.0,0.787,minimize_generator,full_grid,False,224.801,4403.143,5000,inf
2020-02-20,663.805,433.06,1096.865,799.453,187.4,986.853,986.853,0.0,0.0,0.0,110.012,0.0,0.0,0.0,0.0,0.0,200.0,0.2,0.951,0.0,0.0,9.785,0.0,0.0,9.785,0.9,1.0,0.9,minimize_generator,full_grid,False,334.813,4403.143,5000,inf
2020-02-21,587.445,461.401,1048.846,798.126,126.68,924.806,924.806,0.0,0.0,0.0,124.04,0.0,0.0,0.0,0.0,0.0,200.0,0.2,0.951,0.0,0.0,10.959,0.0,0.0,10.959,0.882,1.0,0.882,minimize_generator,full_grid,False,458.853,4403.143,5000,inf
2020-02-22,588.005,437.487,1025.492,798.618,242.4,1041.018,1025.492,15.526,15.526,0.0,0.0,0.0,0.0,0.0,0.0,0.0,214.75,0.215,0.954,0.0,0.0,0.0,0.0,0.0,0.0,1.0,1.0,1.0,minimize_generator,full_grid,False,458.853,4403.143,5000,inf
2020-02-23,659.115,411.084,1070.199,742.928,114.92,857.848,857.848,0.0,0.0,14.012,198.339,0.0,0.0,0.0,0.0,0.0,200.0,0.2,0.954,0.0,0.0,17.67,0.0,0.0,17.67,0.815,1.0,0.814,minimize_generator,full_grid,False,657.192,4403.143,5000,inf
2020-02-24,661.9,398.674,1060.574,636.694,97.36,734.054,734.054,0.0,0.0,0.0,326.52,0.0,0.0,0.0,0.0,0.0,200.0,0.2,0.954,0.0,0.0,29.126,0.0,0.0,29.126,0.692,1.0,0.692,minimize_generator,full_grid,False,983.712,4403.143,5000,inf
2020-02-25,582.795,416.242,999.037,601.195,464.56,1065.755,999.037,66.718,66.718,0.0,0.0,0.0,0.0,0.0,0.0,0.0,263.382,0.263,0.965,0.0,0.0,0.0,0.0,0.0,0.0,1.0,1.0,1.0,minimize_generator,full_grid,False,983.712,4403.143,5000,inf
2020-02-26,582.585,450.323,1032.908,838.293,58.92,897.213,897.213,0.0,0.0,60.213,75.482,0.0,0.0,0.0,0.0,0.0,200.0,0.2,0.965,0.0,0.0,6.673,0.0,0.0,6.673,0.927,1.0,0.925,minimize_generator,full_grid,False,1059.194,4403.143,5000,inf
2020-02-27,587.085,460.953,1048.038,834.73,10.4,845.13,845.13,0.0,0.0,0.0,202.908,0.0,0.0,0.0,0.0,0.0,200.0,0.2,0.965,0.0,0.0,17.927,0.0,0.0,17.927,0.806,1.0,0.806,minimize_generator,full_grid,False,1262.102,4403.143,5000,inf
2020-02-28,658.555,562.551,1221.106,869.999,139.72,1009.719,1009.719,0.0,0.0,0.0,211.387,0.0,0.0,0.0,0.0,0.0,200.0,0.2,0.965,0.0,0.0,18.617,0.0,0.0,18.617,0.827,1.0,0.827,minimize_generator,full_grid,False,1473.488,4403.143,5000,inf
2020-02-29,658.555,519.795,1178.35,850.66,443.36,1294.02,1178.35,115.67,115.67,0.0,0.0,0.0,0.0,0.0,0.0,0.0,309.886,0.31,0.978,0.0,0.0,0.0,0.0,0.0,0.0,1.0,1.0,1.0,minimize_generator,full_grid,False,1473.488,4403.143,5000,inf
2020-03-01,660.805,543.643,1204.448,875.617,410.92,1286.537,1204.448,82.089,82.089,0.0,0.0,0.0,0.0,0.0,0.0,0.0,387.871,0.388,0.982,0.0,0.0,0.0,0.0,0.0,0.0,1.0,1.0,1.0,minimize_generator,full_grid,False,0.0,0.0,5000,inf
2020-03-02,585.755,511.17,1096.925,902.025,200.6,1102.625,1096.925,5.7,5.7,0.0,0.0,0.0,0.0,0.0,0.0,0.0,393.286,0.393,0.982,0.0,0.0,0.0,0.0,0.0,0.0,1.0,1.0,1.0,minimize_generator,full_grid,False,0.0,0.0,5000,inf
2020-03-03,581.85,541.285,1123.135,906.772,73.52,980.292,980.292,0.0,0.0,142.843,0.0,0.0,0.0,0.0,0.0,0.0,242.925,0.243,0.982,0.0,0.0,0.0,0.0,0.0,0.0,1.0,1.0,0.998,minimize_generator,full_grid,False,0.0,0.0,5000,inf
2020-03-04,660.805,508.678,1169.483,883.988,1.16,885.148,885.148,0.0,0.0,40.778,243.557,0.0,0.0,0.0,0.0,0.0,200.0,0.2,0.982,0.0,0.0,20.637,0.0,0.0,20.637,0.792,1.0,0.791,minimize_generator,full_grid,False,243.557,0.0,5000,inf
2020-03-05,588.005,564.821,1152.826,869.092,50.32,919.412,919.412,0.0,0.0,0.0,233.414,0.0,0.0,0.0,0.0,0.0,200.0,0.2,0.982,0.0,0.0,19.613,0.0,0.0,19.613,0.798,1.0,0.798,minimize_generator,full_grid,False,476.971,0.0,5000,inf
2020-03-06,583.715,481.506,1065.221,699.129,341.96,1041.089,1041.089,0.0,0.0,0.0,24.132,0.0,0.0,0.0,0.0,0.0,200.0,0.2,0.982,0.0,0.0,2.039,0.0,0.0,2.039,0.977,1.0,0.977,minimize_generator,full_grid,False,501.103,0.0,5000,inf
2020-03-07,658.94,519.892,1178.832,851.921,154.96,1006.881,1006.881,0.0,0.0,0.0,171.951,0.0,0.0,0.0,0.0,0.0,200.0,0.2,0.982,0.0,0.0,14.557,0.0,0.0,14.557,0.854,1.0,0.854,minimize_generator,full_grid,False,673.054,0.0,5000,inf
2020-03-08,661.54,516.232,1177.772,891.042,4.56,895.602,895.602,0.0,0.0,0.0,282.17,0.0,0.0,0.0,0.0,0.0,200.0,0.2,0.982,0.0,0.0,23.897,0.0,0.0,23.897,0.76,1.0,0.76,minimize_generator,full_grid,False,955.224,0.0,5000,inf
2020-03-09,658.38,469.208,1127.588,641.876,57.72,699.596,699.596,0.0,0.0,0.0,427.992,0.0,0.0,0.0,0.0,0.0,200.0,0.2,0.982,0.0,0.0,36.368,0.0,0.0,36.368,0.62,1.0,0.62,minimize_generator,full_grid,False,1383.216,0.0,5000,inf
2020-03-10,657.435,577.635,1235.07,852.716,178.96,1031.676,1031.676,0.0,0.0,0.0,203.394,0.0,0.0,0.0,0.0,0.0,200.0,0.2,0.982,0.0,0.0,17.149,0.0,0.0,17.149,0.835,1.0,0.835,minimize_generator,full_grid,False,1586.61,0.0,5000,inf
2020-03-11,658.73,644.517,1303.247,576.003,186.44,762.443,762.443,0.0,0.0,0.0,540.804,0.0,0.0,0.0,0.0,0.0,200.0,0.2,0.982,0.0,0.0,45.411,0.0,0.0,45.411,0.585,1.0,0.585,minimize_generator,full_grid,False,2127.414,0.0,5000,inf
2020-03-12,658.17,528.854,1187.024,302.077,445.92,747.997,747.997,0.0,0.0,0.0,439.027,0.0,0.0,0.0,0.0,0.0,200.0,0.2,0.982,0.0,0.0,37.14,0.0,0.0,37.14,0.63,1.0,0.63,minimize_generator,full_grid,False,2566.441,0.0,5000,inf
2020-03-13,588.005,402.022,990.027,238.512,489.64,728.152,728.152,0.0,0.0,0.0,261.875,0.0,0.0,0.0,0.0,0.0,200.0,0.2,0.982,0.0,0.0,22.286,0.0,0.0,22.286,0.735,1.0,0.735,minimize_generator,full_grid,False,2828.316,0.0,5000,inf
2020-03-14,657.435,501.511,1158.946,557.969,381.8,939.769,939.769,0.0,0.0,0.0,219.177,0.0,0.0,0.0,0.0,0.0,200.0,0.2,0.982,0.0,0.0,18.578,0.0,0.0,18.578,0.811,1.0,0.811,minimize_generator,full_grid,False,3047.493,0.0,5000,inf
2020-03-15,662.685,586.687,1249.372,913.625,53.68,967.305,967.305,0.0,0.0,0.0,282.067,0.0,0.0,0.0,0.0,0.0,200.0,0.2,0.982,0.0,0.0,23.775,0.0,0.0,23.775,0.774,1.0,0.774,minimize_generator,full_grid,False,3329.56,0.0,5000,inf
2020-03-16,661.9,616.501,1278.401,919.334,32.44,951.774,951.774,0.0,0.0,0.0,326.627,0.0,0.0,0.0,0.0,0.0,200.0,0.2,0.982,0.0,0.0,27.478,0.0,0.0,27.478,0.745,1.0,0.745,minimize_generator,full_grid,False,3656.186,0.0,5000,inf
2020-03-17,661.54,679.926,1341.466,921.669,500.96,1422.629,1341.466,81.163,81.163,0.0,0.0,0.0,0.0,0.0,0.0,0.0,277.105,0.277,0.987,0.0,0.0,0.0,0.0,0.0,0.0,1.0,1.0,1.0,minimize_generator,full_grid,False,3656.186,0.0,5000,inf
2020-03-18,657.61,673.77,1331.38,1002.219,498.24,1500.459,1331.38,169.079,169.079,0.0,0.0,0.0,0.0,0.0,0.0,0.0,437.729,0.438,0.992,0.0,0.0,0.0,0.0,0.0,0.0,1.0,1.0,1.0,minimize_generator,full_grid,False,3656.186,0.0,5000,inf
2020-03-19,660.805,622.282,1283.087,988.229,397.76,1385.989,1283.087,102.902,102.902,0.0,0.0,0.0,0.0,0.0,0.0,0.0,535.487,0.535,0.993,0.0,0.0,0.0,0.0,0.0,0.0,1.0,1.0,1.0,minimize_generator,full_grid,False,3656.186,0.0,5000,inf
2020-03-20,586.885,575.818,1162.703,912.945,442.72,1355.665,1162.703,192.962,192.962,0.0,0.0,0.0,0.0,0.0,0.0,0.0,718.801,0.719,0.995,0.0,0.0,0.0,0.0,0.0,0.0,1.0,1.0,1.0,minimize_generator,full_grid,False,3656.186,0.0,5000,inf
2020-03-21,663.245,620.744,1283.989,959.675,431.64,1391.315,1283.989,107.326,85.473,0.0,0.0,21.853,0.0,0.0,0.0,0.0,800.0,0.8,0.996,0.0,0.0,0.0,0.0,0.0,0.0,1.0,0.984,1.0,minimize_generator,full_grid,False,3656.186,21.853,5000,inf
2020-03-22,731.14,637.027,1368.167,1035.775,10.2,1045.975,1045.975,0.0,0.0,322.192,0.0,0.0,0.0,0.0,0.0,0.0,460.85,0.461,0.996,0.0,0.0,0.0,0.0,0.0,0.0,1.0,1.0,0.999,minimize_generator,full_grid,False,3656.186,21.853,5000,inf
2020-03-23,657.25,590.326,1247.576,691.534,126.68,818.214,818.214,0.0,0.0,247.808,181.555,0.0,0.0,0.0,0.0,0.0,200.0,0.2,0.996,0.0,0.0,15.295,0.0,0.0,15.295,0.854,1.0,0.854,minimize_generator,full_grid,False,3837.741,21.853,5000,inf
2020-03-24,660.805,752.139,1412.944,934.126,76.24,1010.366,1010.366,0.0,0.0,0.0,402.578,0.0,0.0,0.0,0.0,0.0,200.0,0.2,0.996,0.0,0.0,33.61,0.0,0.0,33.61,0.715,1.0,0.715,minimize_generator,full_grid,False,4240.319,21.853,5000,inf
2020-03-25,664.935,793.625,1458.56,966.501,339.44,1305.941,1305.941,0.0,0.0,0.0,152.619,0.0,0.0,0.0,0.0,0.0,200.0,0.2,0.996,0.0,0.0,12.719,0.0,0.0,12.719,0.895,1.0,0.895,minimize_generator,full_grid,False,4392.938,21.853,5000,inf
2020-03-26,731.7,606.088,1337.788,535.202,20.24,555.442,555.442,0.0,0.0,0.0,607.062,0.0,175.284,0.0,0.0,0.0,200.0,0.2,0.996,105.171,11.686,51.297,0.0,51.123,102.421,0.546,1.0,0.415,minimize_generator,full_grid,False,5000.0,21.853,5000,inf
2020-03-27,662.685,762.271,1424.956,849.889,168.72,1018.609,1018.609,0.0,0.0,0.0,0.0,0.0,406.347,0.0,0.0,0.0,200.0,0.2,0.996,225.269,24.0,0.0,0.0,109.503,109.503,1.0,1.0,0.715,minimize_generator,full_grid,False,5000.0,21.853,5000,inf
2020-03-28,661.725,829.019,1490.744,966.104,492.56,1458.664,1458.664,0.0,57.92,0.0,0.0,0.0,32.08,57.92,0.0,0.0,255.024,0.255,0.781,54.0,6.0,0.0,0.0,26.249,26.249,1.0,1.0,0.978,minimize_generator,full_grid,False,5000.0,21.853,5000,inf
2020-03-29,657.25,913.069,1570.319,1032.016,301.72,1333.736,1333.736,0.0,0.0,52.272,0.0,0.0,184.311,0.0,0.0,0.0,200.0,0.2,0.781,110.587,12.287,0.0,0.0,53.756,53.756,1.0,1.0,0.875,minimize_generator,full_grid,False,5000.0,21.853,5000,inf
2020-03-30,665.67,789.133,1454.803,980.046,43.0,1023.046,1023.046,0.0,0.0,0.0,0.0,0.0,431.757,0.0,0.0,0.0,200.0,0.2,0.781,230.351,24.0,0.0,0.0,111.974,111.974,1.0,1.0,0.703,minimize_generator,full_grid,False,5000.0,21.853,5000,inf
2020-03-31,736.165,947.634,1683.799,934.842,165.96,1100.802,1100.802,0.0,0.0,0.0,0.0,0.0,582.997,0.0,0.0,0.0,200.0,0.2,0.781,260.599,24.0,0.0,0.0,126.677,126.677,1.0,1.0,0.654,minimize_generator,full_grid,False,5000.0,21.853,5000,inf
2020-04-01,730.01,860.709,1590.719,990.369,410.2,1400.569,1400.569,0.0,0.0,0.0,190.15,0.0,0.0,0.0,0.0,0.0,200.0,0.2,0.781,0.0,0.0,17.063,0.0,0.0,17.063,0.88,1.0,0.88,minimize_generator,full_grid,False,190.15,0.0,5000,inf
2020-04-02,666.03,880.062,1546.092,1043.419,282.6,1326.019,1326.019,0.0,0.0,0.0,220.073,0.0,0.0,0.0,0.0,0.0,200.0,0.2,0.781,0.0,0.0,19.662,0.0,0.0,19.662,0.858,1.0,0.858,minimize_generator,full_grid,False,410.223,0.0,5000,inf
2020-04-03,730.755,921.79,1652.545,1041.177,41.52,1082.697,1082.697,0.0,0.0,0.0,569.848,0.0,0.0,0.0,0.0,0.0,200.0,0.2,0.781,0.0,0.0,51.003,0.0,0.0,51.003,0.655,1.0,0.655,minimize_generator,full_grid,False,980.071,0.0,5000,inf
2020-04-04,729.835,1042.713,1772.548,1051.291,22.2,1073.491,1073.491,0.0,0.0,0.0,699.057,0.0,0.0,0.0,0.0,0.0,200.0,0.2,0.781,0.0,0.0,62.273,0.0,0.0,62.273,0.606,1.0,0.606,minimize_generator,full_grid,False,1679.128,0.0,5000,inf
2020-04-05,663.99,1008.666,1672.656,883.181,82.52,965.701,965.701,0.0,0.0,0.0,706.955,0.0,0.0,0.0,0.0,0.0,200.0,0.2,0.781,0.0,0.0,62.833,0.0,0.0,62.833,0.577,1.0,0.577,minimize_generator,full_grid,False,2386.083,0.0,5000,inf
2020-04-06,733.565,944.927,1678.492,873.751,401.48,1275.231,1275.231,0.0,0.0,0.0,403.261,0.0,0.0,0.0,0.0,0.0,200.0,0.2,0.781,0.0,0.0,36.064,0.0,0.0,36.064,0.76,1.0,0.76,minimize_generator,full_grid,False,2789.344,0.0,5000,inf
2020-04-07,731.7,961.679,1693.379,970.044,488.68,1458.724,1458.724,0.0,0.0,0.0,234.655,0.0,0.0,0.0,0.0,0.0,200.0,0.2,0.781,0.0,0.0,20.969,0.0,0.0,20.969,0.861,1.0,0.861,minimize_generator,full_grid,False,3023.999,0.0,5000,inf
2020-04-08,731.14,898.385,1629.525,1055.603,458.12,1513.723,1513.723,0.0,0.0,0.0,115.802,0.0,0.0,0.0,0.0,0.0,200.0,0.2,0.781,0.0,0.0,10.375,0.0,0.0,10.375,0.929,1.0,0.929,minimize_generator,full_grid,False,3139.8,0.0,5000,inf
2020-04-09,664.725,915.646,1580.371,1052.899,347.04,1399.939,1399.939,0.0,0.0,0.0,180.432,0.0,0.0,0.0,0.0,0.0,200.0,0.2,0.781,0.0,0.0,16.095,0.0,0.0,16.095,0.886,1.0,0.886,minimize_generator,full_grid,False,3320.233,0.0,5000,inf
2020-04-10,736.525,825.116,1561.641,966.964,397.76,1364.724,1364.724,0.0,0.0,0.0,196.917,0.0,0.0,0.0,0.0,0.0,200.0,0.2,0.781,0.0,0.0,17.705,0.0,0.0,17.705,0.874,1.0,0.874,minimize_generator,full_grid,False,3517.15,0.0,5000,inf
2020-04-11,734.485,888.455,1622.94,1076.44,316.0,1392.44,1392.44,0.0,0.0,0.0,230.5,0.0,0.0,0.0,0.0,0.0,200.0,0.2,0.781,0.0,0.0,20.663,0.0,0.0,20.663,0.858,1.0,0.858,minimize_generator,full_grid,False,3747.65,0.0,5000,inf
2020-04-12,730.37,909.919,1640.289,1091.103,261.24,1352.343,1352.343,0.0,0.0,0.0,287.946,0.0,0.0,0.0,0.0,0.0,200.0,0.2,0.781,0.0,0.0,25.784,0.0,0.0,25.784,0.824,1.0,0.824,minimize_generator,full_grid,False,4035.596,0.0,5000,inf
2020-04-13,736.35,873.367,1609.717,1088.233,231.96,1320.193,1320.193,0.0,0.0,0.0,289.524,0.0,0.0,0.0,0.0,0.0,200.0,0.2,0.781,0.0,0.0,25.974,0.0,0.0,25.974,0.82,1.0,0.82,minimize_generator,full_grid,False,4325.12,0.0,5000,inf
2020-04-14,731.14,938.137,1669.277,953.45,390.24,1343.69,1343.69,0.0,0.0,0.0,325.587,0.0,0.0,0.0,0.0,0.0,200.0,0.2,0.781,0.0,0.0,29.122,0.0,0.0,29.122,0.805,1.0,0.805,minimize_generator,full_grid,False,4650.707,0.0,5000,inf
2020-04-15,730.37,751.77,1482.14,990.247,49.8,1040.047,1040.047,0.0,0.0,0.0,349.293,0.0,92.8,0.0,0.0,0.0,200.0,0.2,0.781,55.68,6.187,31.506,0.0,25.362,56.869,0.764,1.0,0.702,minimize_generator,full_grid,False,5000.0,0.0,5000,inf
2020-04-16,730.755,706.147,1436.902,931.602,23.24,954.842,954.842,0.0,0.0,0.0,0.0,0.0,482.06,0.0,0.0,0.0,200.0,0.2,0.781,240.412,24.0,0.0,0.0,109.508,109.508,1.0,1.0,0.665,minimize_generator,full_grid,False,5000.0,0.0,5000,inf
2020-04-17,664.375,679.958,1344.333,1074.626,515.28,1589.906,1344.333,245.573,245.573,0.0,0.0,0.0,0.0,0.0,0.0,0.0,433.295,0.433,0.899,0.0,0.0,0.0,0.0,0.0,0.0,1.0,1.0,1.0,minimize_generator,full_grid,False,5000.0,0.0,5000,inf
2020-04-18,735.99,662.448,1398.438,1052.463,89.04,1141.503,1141.503,0.0,54.695,221.63,0.0,0.0,35.305,54.695,0.0,0.0,251.96,0.252,0.713,54.0,6.0,0.0,0.0,24.597,24.597,1.0,1.0,0.959,minimize_generator,full_grid,False,5000.0,0.0,5000,inf
2020-04-19,664.725,639.183,1303.908,1006.031,131.0,1137.031,1137.031,0.0,0.0,49.362,0.0,0.0,117.515,0.0,0.0,0.0,200.0,0.2,0.713,70.509,7.834,0.0,0.0,32.117,32.117,1.0,1.0,0.899,minimize_generator,full_grid,False,5000.0,0.0,5000,inf
2020-04-20,730.37,612.74,1343.11,1049.805,115.76,1165.565,1165.565,0.0,0.0,0.0,0.0,0.0,177.545,0.0,0.0,0.0,200.0,0.2,0.713,106.527,11.836,0.0,0.0,48.523,48.523,1.0,1.0,0.868,minimize_generator,full_grid,False,5000.0,0.0,5000,inf
2020-04-21,664.55,611.539,1276.089,1047.969,36.8,1084.769,1084.769,0.0,0.0,0.0,0.0,0.0,191.32,0.0,0.0,0.0,200.0,0.2,0.713,114.792,12.755,0.0,0.0,52.288,52.288,1.0,1.0,0.85,minimize_generator,full_grid,False,5000.0,0.0,5000,inf
2020-04-22,735.22,519.587,1254.807,1016.885,88.32,1105.205,1105.205,0.0,0.0,0.0,0.0,0.0,149.602,0.0,0.0,0.0,200.0,0.2,0.713,89.761,9.973,0.0,0.0,40.886,40.886,1.0,1.0,0.881,minimize_generator,full_grid,False,5000.0,0.0,5000,inf
2020-04-23,735.43,501.287,1236.717,1094.304,251.84,1346.144,1236.717,109.427,109.427,0.0,0.0,0.0,0.0,0.0,0.0,0.0,303.956,0.304,0.811,0.0,0.0,0.0,0.0,0.0,0.0,1.0,1.0,1.0,minimize_generator,full_grid,False,5000.0,0.0,5000,inf
2020-04-24,735.045,388.015,1123.06,829.756,266.84,1096.596,1096.596,0.0,0.0,26.464,0.0,0.0,0.0,0.0,0.0,0.0,276.099,0.276,0.811,0.0,0.0,0.0,0.0,0.0,0.0,1.0,1.0,0.996,minimize_generator,full_grid,False,5000.0,0.0,5000,inf
2020-04-25,732.62,284.178,1016.798,1069.258,496.36,1565.618,1016.798,548.82,548.82,0.0,0.0,0.0,0.0,0.0,0.0,0.0,797.478,0.797,0.935,0.0,0.0,0.0,0.0,0.0,0.0,1.0,1.0,1.0,minimize_generator,full_grid,False,5000.0,0.0,5000,inf
2020-04-26,732.435,205.516,937.951,1141.492,289.04,1430.532,937.951,492.581,2.655,0.0,0.0,489.926,0.0,0.0,0.0,0.0,800.0,0.8,0.935,0.0,0.0,0.0,0.0,0.0,0.0,1.0,0.658,1.0,minimize_generator,full_grid,False,5000.0,489.926,5000,inf
2020-04-27,809.905,140.64,950.545,1053.944,79.68,1133.624,950.545,183.079,0.0,0.0,0.0,183.079,0.0,0.0,0.0,0.0,800.0,0.8,0.935,0.0,0.0,0.0,0.0,0.0,0.0,1.0,0.839,1.0,minimize_generator,full_grid,False,5000.0,673.006,5000,inf
2020-04-28,735.43,94.101,829.531,1072.39,135.32,1207.71,829.531,378.179,0.0,0.0,0.0,378.179,0.0,0.0,0.0,0.0,800.0,0.8,0.935,0.0,0.0,0.0,0.0,0.0,0.0,1.0,0.687,1.0,minimize_generator,full_grid,False,5000.0,1051.185,5000,inf
2020-04-29,809.905,60.024,869.929,1068.168,499.16,1567.328,869.929,697.399,0.0,0.0,0.0,697.399,0.0,0.0,0.0,0.0,800.0,0.8,0.935,0.0,0.0,0.0,0.0,0.0,0.0,1.0,0.555,1.0,minimize_generator,full_grid,False,5000.0,1748.584,5000,inf
2020-04-30,734.87,47.002,781.872,1150.705,286.28,1436.985,781.872,655.113,0.0,0.0,0.0,655.113,0.0,0.0,0.0,0.0,800.0,0.8,0.935,0.0,0.0,0.0,0.0,0.0,0.0,1.0,0.544,1.0,minimize_generator,full_grid,False,5000.0,2403.697,5000,inf
2020-05-01,810.115,1256.513,2066.628,1107.687,211.04,1318.727,1318.727,0.0,0.0,570.0,177.901,0.0,0.0,0.0,0.0,0.0,200.0,0.2,0.935,0.0,0.0,16.457,0.0,0.0,16.457,0.914,1.0,0.896,minimize_generator,full_grid,False,177.901,0.0,5000,inf
2020-05-02,814.58,1153.864,1968.444,1067.162,28.76,1095.922,1095.922,0.0,0.0,0.0,872.522,0.0,0.0,0.0,0.0,0.0,200.0,0.2,0.935,0.0,0.0,80.985,0.0,0.0,80.985,0.557,1.0,0.557,minimize_generator,full_grid,False,1050.423,0.0,5000,inf
2020-05-03,812.155,1232.805,2044.96,1032.359,9.76,1042.119,1042.119,0.0,0.0,0.0,1002.841,0.0,0.0,0.0,0.0,0.0,200.0,0.2,0.935,0.0,0.0,92.842,0.0,0.0,92.842,0.51,1.0,0.51,minimize_generator,full_grid,False,2053.264,0.0,5000,inf
2020-05-04,737.855,1206.524,1944.379,928.252,209.16,1137.412,1137.412,0.0,0.0,0.0,806.967,0.0,0.0,0.0,0.0,0.0,200.0,0.2,0.935,0.0,0.0,74.505,0.0,0.0,74.505,0.585,1.0,0.585,minimize_generator,full_grid,False,2860.232,0.0,5000,inf
2020-05-05,811.595,1199.336,2010.931,1078.358,389.48,1467.838,1467.838,0.0,0.0,0.0,543.093,0.0,0.0,0.0,0.0,0.0,200.0,0.2,0.935,0.0,0.0,50.329,0.0,0.0,50.329,0.73,1.0,0.73,minimize_generator,full_grid,False,3403.325,0.0,5000,inf
2020-05-06,809.905,1165.59,1975.495,1189.878,381.0,1570.878,1570.878,0.0,0.0,0.0,404.617,0.0,0.0,0.0,0.0,0.0,200.0,0.2,0.935,0.0,0.0,37.533,0.0,0.0,37.533,0.795,1.0,0.795,minimize_generator,full_grid,False,3807.942,0.0,5000,inf
2020-05-07,811.21,1167.89,1979.1,1173.484,161.36,1334.844,1334.844,0.0,0.0,0.0,644.256,0.0,0.0,0.0,0.0,0.0,200.0,0.2,0.935,0.0,0.0,59.762,0.0,0.0,59.762,0.674,1.0,0.674,minimize_generator,full_grid,False,4452.198,0.0,5000,inf
2020-05-08,810.29,1142.174,1952.464,1152.053,37.72,1189.773,1189.773,0.0,0.0,0.0,547.802,0.0,214.889,0.0,0.0,0.0,200.0,0.2,0.935,128.934,14.326,50.855,0.0,61.824,112.679,0.719,1.0,0.609,minimize_generator,full_grid,False,5000.0,0.0,5000,inf
2020-05-09,811.21,980.404,1791.614,1144.4,494.0,1638.4,1638.4,0.0,0.0,0.0,0.0,0.0,153.214,0.0,0.0,0.0,200.0,0.2,0.935,91.928,10.214,0.0,0.0,44.08,44.08,1.0,1.0,0.914,minimize_generator,full_grid,False,5000.0,0.0,5000,inf
2020-05-10,812.9,992.97,1805.87,1186.401,278.92,1465.321,1465.321,0.0,0.0,0.0,0.0,0.0,340.549,0.0,0.0,0.0,200.0,0.2,0.935,204.329,22.703,0.0,0.0,97.976,97.976,1.0,1.0,0.811,minimize_generator,full_grid,False,5000.0,0.0,5000,inf
2020-05-11,737.655,997.508,1735.163,1171.12,138.84,1309.96,1309.96,0.0,0.0,0.0,0.0,0.0,425.203,0.0,0.0,0.0,200.0,0.2,0.935,229.041,24.0,0.0,0.0,109.825,109.825,1.0,1.0,0.755,minimize_generator,full_grid,False,5000.0,0.0,5000,inf
2020-05-12,737.855,908.326,1646.181,1066.738,123.28,1190.018,1190.018,0.0,0.0,0.0,0.0,0.0,456.163,0.0,0.0,0.0,200.0,0.2,0.935,235.233,24.0,0.0,0.0,112.794,112.794,1.0,1.0,0.723,minimize_generator,full_grid,False,5000.0,0.0,5000,inf
2020-05-13,736.735,822.079,1558.814,1011.895,131.84,1143.735,1143.735,0.0,0.0,0.0,0.0,0.0,415.079,0.0,0.0,0.0,200.0,0.2,0.935,227.016,24.0,0.0,0.0,108.854,108.854,1.0,1.0,0.734,minimize_generator,full_grid,False,5000.0,0.0,5000,inf
2020-05-14,736.35,552.627,1288.977,561.835,119.08,680.915,680.915,0.0,0.0,0.0,0.0,0.0,608.062,0.0,0.0,0.0,200.0,0.2,0.935,265.612,24.0,0.0,0.0,127.361,127.361,1.0,1.0,0.528,minimize_generator,full_grid,False,5000.0,0.0,5000,inf
2020-05-15,738.03,697.381,1435.411,840.795,175.2,1015.995,1015.995,0.0,0.0,0.0,0.0,0.0,419.416,0.0,0.0,0.0,200.0,0.2,0.935,227.883,24.0,0.0,0.0,109.27,109.27,1.0,1.0,0.708,minimize_generator,full_grid,False,5000.0,0.0,5000,inf
2020-05-16,814.405,671.195,1485.6,1035.349,7.12,1042.469,1042.469,0.0,0.0,0.0,0.0,0.0,443.131,0.0,0.0,0.0,200.0,0.2,0.935,232.626,24.0,0.0,0.0,111.544,111.544,1.0,1.0,0.702,minimize_generator,full_grid,False,5000.0,0.0,5000,inf
2020-05-17,810.675,592.035,1402.71,1011.715,2.04,1013.755,1013.755,0.0,0.0,0.0,0.0,0.0,388.955,0.0,0.0,0.0,200.0,0.2,0.935,221.791,24.0,0.0,0.0,106.349,106.349,1.0,1.0,0.723,minimize_generator,full_grid,False,5000.0,0.0,5000,inf
2020-05-18,816.27,518.15,1334.42,969.998,18.08,988.078,988.078,0.0,0.0,0.0,0.0,0.0,346.342,0.0,0.0,0.0,200.0,0.2,0.935,207.805,23.089,0.0,0.0,99.643,99.643,1.0,1.0,0.74,minimize_generator,full_grid,False,5000.0,0.0,5000,inf
2020-05-19,814.765,447.491,1262.256,976.928,0.96,977.888,977.888,0.0,0.0,0.0,0.0,0.0,284.368,0.0,0.0,0.0,200.0,0.2,0.935,170.621,18.958,0.0,0.0,81.813,81.813,1.0,1.0,0.775,minimize_generator,full_grid,False,5000.0,0.0,5000,inf
2020-05-20,736.525,273.106,1009.631,1006.41,6.76,1013.17,1009.631,3.539,3.539,0.0,0.0,0.0,0.0,0.0,0.0,0.0,203.362,0.203,0.936,0.0,0.0,0.0,0.0,0.0,0.0,1.0,1.0,1.0,minimize_generator,full_grid,False,5000.0,0.0,5000,inf
2020-05-21,817.575,241.508,1059.083,929.234,4.56,933.794,933.794,0.0,0.0,3.194,0.0,0.0,122.096,0.0,0.0,0.0,200.0,0.2,0.936,73.257,8.14,0.0,0.0,35.127,35.127,1.0,1.0,0.885,minimize_generator,full_grid,False,5000.0,0.0,5000,inf
2020-05-22,818.495,223.32,1041.815,1005.003,189.28,1194.283,1041.815,152.468,152.468,0.0,0.0,0.0,0.0,0.0,0.0,0.0,344.845,0.345,0.963,0.0,0.0,0.0,0.0,0.0,0.0,1.0,1.0,1.0,minimize_generator,full_grid,False,5000.0,0.0,5000,inf
2020-05-23,811.98,204.552,1016.532,1061.718,528.28,1589.998,1016.532,573.466,479.111,0.0,0.0,94.355,0.0,0.0,0.0,0.0,800.0,0.8,0.984,0.0,0.0,0.0,0.0,0.0,0.0,1.0,0.941,1.0,minimize_generator,full_grid,False,5000.0,94.355,5000,inf
2020-05-24,817.365,180.746,998.111,1099.296,562.64,1661.936,998.111,663.825,0.0,0.0,0.0,663.825,0.0,0.0,0.0,0.0,800.0,0.8,0.984,0.0,0.0,0.0,0.0,0.0,0.0,1.0,0.601,1.0,minimize_generator,full_grid,False,5000.0,758.18,5000,inf
2020-05-25,812.9,162.919,975.819,1223.442,307.12,1530.562,975.819,554.743,0.0,0.0,0.0,554.743,0.0,0.0,0.0,0.0,800.0,0.8,0.984,0.0,0.0,0.0,0.0,0.0,0.0,1.0,0.638,1.0,minimize_generator,full_grid,False,5000.0,1312.923,5000,inf
2020-05-26,816.805,141.893,958.698,1163.039,210.12,1373.159,958.698,414.461,0.0,0.0,0.0,414.461,0.0,0.0,0.0,0.0,800.0,0.8,0.984,0.0,0.0,0.0,0.0,0.0,0.0,1.0,0.698,1.0,minimize_generator,full_grid,False,5000.0,1727.384,5000,inf
2020-05-27,811.98,121.37,933.35,1167.042,386.44,1553.482,933.35,620.132,0.0,0.0,0.0,620.132,0.0,0.0,0.0,0.0,800.0,0.8,0.984,0.0,0.0,0.0,0.0,0.0,0.0,1.0,0.601,1.0,minimize_generator,full_grid,False,5000.0,2347.516,5000,inf
2020-05-28,810.115,98.359,908.474,1147.338,471.32,1618.658,908.474,710.184,0.0,0.0,0.0,710.184,0.0,0.0,0.0,0.0,800.0,0.8,0.984,0.0,0.0,0.0,0.0,0.0,0.0,1.0,0.561,1.0,minimize_generator,full_grid,False,5000.0,3057.7,5000,inf
2020-05-29,815.71,77.492,893.202,1180.383,513.32,1693.703,893.202,800.501,0.0,0.0,0.0,800.501,0.0,0.0,0.0,0.0,800.0,0.8,0.984,0.0,0.0,0.0,0.0,0.0,0.0,1.0,0.527,1.0,minimize_generator,full_grid,False,5000.0,3858.201,5000,inf
2020-05-30,816.805,60.745,877.55,1205.526,425.6,1631.126,877.55,753.576,0.0,0.0,0.0,753.576,0.0,0.0,0.0,0.0,800.0,0.8,0.984,0.0,0.0,0.0,0.0,0.0,0.0,1.0,0.538,1.0,minimize_generator,full_grid,False,5000.0,4611.776,5000,inf
2020-05-31,816.07,39.638,855.708,1163.045,426.28,1589.325,855.708,733.617,0.0,0.0,0.0,733.617,0.0,0.0,0.0,0.0,800.0,0.8,0.984,0.0,0.0,0.0,0.0,0.0,0.0,1.0,0.538,1.0,minimize_generator,full_grid,False,5000.0,5345.393,5000,inf
2020-06-01,813.46,888.834,1702.294,1147.682,261.24,1408.922,1408.922,0.0,0.0,293.372,0.0,0.0,0.0,0.0,0.0,0.0,491.187,0.491,0.984,0.0,0.0,0.0,0.0,0.0,0.0,1.0,1.0,0.997,minimize_generator,full_grid,False,0.0,0.0,5000,inf
2020-06-02,816.445,756.61,1573.055,1107.809,126.68,1234.489,1234.489,0.0,0.0,276.628,61.938,0.0,0.0,0.0,0.0,0.0,200.0,0.2,0.984,0.0,0.0,5.892,0.0,0.0,5.892,0.961,1.0,0.958,minimize_generator,full_grid,False,61.938,0.0,5000,inf
2020-06-03,889.835,759.26,1649.095,1113.453,212.0,1325.453,1325.453,0.0,0.0,0.0,323.642,0.0,0.0,0.0,0.0,0.0,200.0,0.2,0.984,0.0,0.0,30.883,0.0,0.0,30.883,0.804,1.0,0.804,minimize_generator,full_grid,False,385.58,0.0,5000,inf
2020-06-04,818.31,795.818,1614.128,1102.183,111.64,1213.823,1213.823,0.0,0.0,0.0,400.305,0.0,0.0,0.0,0.0,0.0,200.0,0.2,0.984,0.0,0.0,38.009,0.0,0.0,38.009,0.752,1.0,0.752,minimize_generator,full_grid,False,785.886,0.0,5000,inf
2020-06-05,890.045,808.211,1698.256,1120.447,384.88,1505.327,1505.327,0.0,0.0,0.0,192.929,0.0,0.0,0.0,0.0,0.0,200.0,0.2,0.984,0.0,0.0,18.367,0.0,0.0,18.367,0.886,1.0,0.886,minimize_generator,full_grid,False,978.815,0.0,5000,inf
2020-06-06,816.445,837.319,1653.764,1158.03,226.28,1384.31,1384.31,0.0,0.0,0.0,269.454,0.0,0.0,0.0,0.0,0.0,200.0,0.2,0.984,0.0,0.0,25.533,0.0,0.0,25.533,0.837,1.0,0.837,minimize_generator,full_grid,False,1248.269,0.0,5000,inf
2020-06-07,894.135,828.175,1722.31,1150.595,125.84,1276.435,1276.435,0.0,0.0,0.0,445.875,0.0,0.0,0.0,0.0,0.0,200.0,0.2,0.984,0.0,0.0,42.415,0.0,0.0,42.415,0.741,1.0,0.741,minimize_generator,full_grid,False,1694.144,0.0,5000,inf
2020-06-08,814.94,772.796,1587.736,1142.428,124.96,1267.388,1267.388,0.0,0.0,0.0,320.348,0.0,0.0,0.0,0.0,0.0,200.0,0.2,0.984,0.0,0.0,30.447,0.0,0.0,30.447,0.798,1.0,0.798,minimize_generator,full_grid,False,2014.491,0.0,5000,inf
2020-06-09,891.91,819.696,1711.606,1135.993,370.76,1506.753,1506.753,0.0,0.0,0.0,204.853,0.0,0.0,0.0,0.0,0.0,200.0,0.2,0.984,0.0,0.0,19.493,0.0,0.0,19.493,0.88,1.0,0.88,minimize_generator,full_grid,False,2219.345,0.0,5000,inf
2020-06-10,894.695,889.283,1783.978,1154.645,341.96,1496.605,1496.605,0.0,0.0,0.0,287.373,0.0,0.0,0.0,0.0,0.0,200.0,0.2,0.984,0.0,0.0,27.264,0.0,0.0,27.264,0.839,1.0,0.839,minimize_generator,full_grid,False,2506.718,0.0,5000,inf
2020-06-11,892.27,808.522,1700.792,1145.689,437.6,1583.289,1583.289,0.0,0.0,0.0,117.503,0.0,0.0,0.0,0.0,0.0,200.0,0.2,0.984,0.0,0.0,11.187,0.0,0.0,11.187,0.931,1.0,0.931,minimize_generator,full_grid,False,2624.221,0.0,5000,inf
2020-06-12,889.835,771.508,1661.343,1129.193,200.6,1329.793,1329.793,0.0,0.0,0.0,331.55,0.0,0.0,0.0,0.0,0.0,200.0,0.2,0.984,0.0,0.0,31.619,0.0,0.0,31.619,0.8,1.0,0.8,minimize_generator,full_grid,False,2955.771,0.0,5000,inf
2020-06-13,818.135,666.747,1484.882,1107.14,64.4,1171.54,1171.54,0.0,0.0,0.0,313.342,0.0,0.0,0.0,0.0,0.0,200.0,0.2,0.984,0.0,0.0,29.952,0.0,0.0,29.952,0.789,1.0,0.789,minimize_generator,full_grid,False,3269.113,0.0,5000,inf
2020-06-14,894.87,657.56,1552.43,1126.569,347.88,1474.449,1474.449,0.0,0.0,0.0,77.981,0.0,0.0,0.0,0.0,0.0,200.0,0.2,0.984,0.0,0.0,7.483,0.0,0.0,7.483,0.95,1.0,0.95,minimize_generator,full_grid,False,3347.094,0.0,5000,inf
2020-06-15,815.15,681.143,1496.293,1175.48,483.6,1659.08,1496.293,162.787,162.787,0.0,0.0,0.0,0.0,0.0,0.0,0.0,354.647,0.355,0.991,0.0,0.0,0.0,0.0,0.0,0.0,1.0,1.0,1.0,minimize_generator,full_grid,False,3347.094,0.0,5000,inf
2020-06-16,817.015,644.624,1461.639,1187.673,141.48,1329.153,1329.153,0.0,0.0,132.486,0.0,0.0,0.0,0.0,0.0,0.0,215.188,0.215,0.991,0.0,0.0,0.0,0.0,0.0,0.0,1.0,1.0,0.999,minimize_generator,full_grid,False,3347.094,0.0,5000,inf
2020-06-17,890.045,671.104,1561.149,1163.535,144.16,1307.695,1307.695,0.0,0.0,14.429,239.025,0.0,0.0,0.0,0.0,0.0,200.0,0.2,0.991,0.0,0.0,22.915,0.0,0.0,22.915,0.847,1.0,0.847,minimize_generator,full_grid,False,3586.12,0.0,5000,inf
2020-06-18,896.175,555.721,1451.896,1145.165,465.12,1610.285,1451.896,158.389,158.389,0.0,0.0,0.0,0.0,0.0,0.0,0.0,350.47,0.35,0.995,0.0,0.0,0.0,0.0,0.0,0.0,1.0,1.0,1.0,minimize_generator,full_grid,False,3586.12,0.0,5000,inf
2020-06-19,893.215,576.451,1469.666,1189.273,482.6,1671.873,1469.666,202.207,202.207,0.0,0.0,0.0,0.0,0.0,0.0,0.0,542.566,0.543,0.997,0.0,0.0,0.0,0.0,0.0,0.0,1.0,1.0,1.0,minimize_generator,full_grid,False,3586.12,0.0,5000,inf
2020-06-20,817.575,564.908,1382.483,1173.729,403.68,1577.409,1382.483,194.926,194.926,0.0,0.0,0.0,0.0,0.0,0.0,0.0,727.745,0.728,0.998,0.0,0.0,0.0,0.0,0.0,0.0,1.0,1.0,1.0,minimize_generator,full_grid,False,3586.12,0.0,5000,inf
2020-06-21,890.78,554.088,1444.868,1125.97,142.4,1268.37,1268.37,0.0,0.0,176.498,0.0,0.0,0.0,0.0,0.0,0.0,541.958,0.542,0.998,0.0,0.0,0.0,0.0,0.0,0.0,1.0,1.0,1.0,minimize_generator,full_grid,False,3586.12,0.0,5000,inf
2020-06-22,889.835,490.132,1379.967,1097.991,229.12,1327.111,1327.111,0.0,0.0,52.856,0.0,0.0,0.0,0.0,0.0,0.0,486.32,0.486,0.998,0.0,0.0,0.0,0.0,0.0,0.0,1.0,1.0,1.0,minimize_generator,full_grid,False,3586.12,0.0,5000,inf
2020-06-23,889.66,501.501,1391.161,1140.582,333.44,1474.022,1391.161,82.861,82.861,0.0,0.0,0.0,0.0,0.0,0.0,0.0,565.038,0.565,0.998,0.0,0.0,0.0,0.0,0.0,0.0,1.0,1.0,1.0,minimize_generator,full_grid,False,3586.12,0.0,5000,inf
2020-06-24,896.0,489.835,1385.835,1149.115,410.2,1559.315,1385.835,173.48,173.48,0.0,0.0,0.0,0.0,0.0,0.0,0.0,729.844,0.73,0.998,0.0,0.0,0.0,0.0,0.0,0.0,1.0,1.0,1.0,minimize_generator,full_grid,False,3586.12,0.0,5000,inf
2020-06-25,816.805,452.289,1269.094,1168.65,326.52,1495.17,1269.094,226.076,73.849,0.0,0.0,152.227,0.0,0.0,0.0,0.0,800.0,0.8,0.998,0.0,0.0,0.0,0.0,0.0,0.0,1.0,0.898,1.0,minimize_generator,full_grid,False,3586.12,152.227,5000,inf
2020-06-26,898.6,398.642,1297.242,1169.739,284.44,1454.179,1297.242,156.937,0.0,0.0,0.0,156.937,0.0,0.0,0.0,0.0,800.0,0.8,0.998,0.0,0.0,0.0,0.0,0.0,0.0,1.0,0.892,1.0,minimize_generator,full_grid,False,3586.12,309.165,5000,inf
2020-06-27,895.815,330.918,1226.733,1113.506,161.36,1274.866,1226.733,48.133,0.0,0.0,0.0,48.133,0.0,0.0,0.0,0.0,800.0,0.8,0.998,0.0,0.0,0.0,0.0,0.0,0.0,1.0,0.962,1.0,minimize_generator,full_grid,False,3586.12,357.298,5000,inf
2020-06-28,896.945,72.369,969.314,1144.231,287.2,1431.431,969.314,462.117,0.0,0.0,0.0,462.117,0.0,0.0,0.0,0.0,800.0,0.8,0.998,0.0,0.0,0.0,0.0,0.0,0.0,1.0,0.677,1.0,minimize_generator,full_grid,False,3586.12,819.415,5000,inf
2020-06-29,891.14,13.774,904.914,1153.907,349.52,1503.427,904.914,598.513,0.0,0.0,0.0,598.513,0.0,0.0,0.0,0.0,800.0,0.8,0.998,0.0,0.0,0.0,0.0,0.0,0.0,1.0,0.602,1.0,minimize_generator,full_grid,False,3586.12,1417.928,5000,inf
2020-06-30,892.445,13.695,906.14,1169.191,413.76,1582.951,906.14,676.811,0.0,0.0,0.0,676.811,0.0,0.0,0.0,0.0,800.0,0.8,0.998,0.0,0.0,0.0,0.0,0.0,0.0,1.0,0.572,1.0,minimize_generator,full_grid,False,3586.12,2094.739,5000,inf
2020-07-01,817.19,13.674,830.864,1181.559,299.04,1480.599,830.864,649.735,0.0,0.0,0.0,649.735,0.0,0.0,0.0,0.0,800.0,0.8,0.998,0.0,0.0,0.0,0.0,0.0,0.0,1.0,0.561,1.0,minimize_generator,full_grid,False,0.0,649.735,5000,inf
2020-07-02,891.14,14.585,905.725,1157.87,153.16,1311.03,905.725,405.305,0.0,0.0,0.0,405.305,0.0,0.0,0.0,0.0,800.0,0.8,0.998,0.0,0.0,0.0,0.0,0.0,0.0,1.0,0.691,1.0,minimize_generator,full_grid,False,0.0,1055.04,5000,inf
2020-07-03,895.08,18.668,913.748,1152.337,118.24,1270.577,913.748,356.829,0.0,0.0,0.0,356.829,0.0,0.0,0.0,0.0,800.0,0.8,0.998,0.0,0.0,0.0,0.0,0.0,0.0,1.0,0.719,1.0,minimize_generator,full_grid,False,0.0,1411.869,5000,inf
2020-07-04,898.04,27.944,925.984,1151.983,268.72,1420.703,925.984,494.719,0.0,0.0,0.0,494.719,0.0,0.0,0.0,0.0,800.0,0.8,0.998,0.0,0.0,0.0,0.0,0.0,0.0,1.0,0.652,1.0,minimize_generator,full_grid,False,0.0,1906.588,5000,inf
2020-07-05,818.67,37.126,855.796,1144.464,347.88,1492.344,855.796,636.548,0.0,0.0,0.0,636.548,0.0,0.0,0.0,0.0,800.0,0.8,0.998,0.0,0.0,0.0,0.0,0.0,0.0,1.0,0.573,1.0,minimize_generator,full_grid,False,0.0,2543.136,5000,inf
2020-07-06,892.085,35.182,927.267,1142.854,312.48,1455.334,927.267,528.067,0.0,0.0,0.0,528.067,0.0,0.0,0.0,0.0,800.0,0.8,0.998,0.0,0.0,0.0,0.0,0.0,0.0,1.0,0.637,1.0,minimize_generator,full_grid,False,0.0,3071.203,5000,inf
2020-07-07,892.83,34.214,927.044,1137.8,188.32,1326.12,927.044,399.076,0.0,0.0,0.0,399.076,0.0,0.0,0.0,0.0,800.0,0.8,0.998,0.0,0.0,0.0,0.0,0.0,0.0,1.0,0.699,1.0,minimize_generator,full_grid,False,0.0,3470.279,5000,inf
2020-07-08,817.75,36.869,854.619,1137.295,111.64,1248.935,854.619,394.316,0.0,0.0,0.0,394.316,0.0,0.0,0.0,0.0,800.0,0.8,0.998,0.0,0.0,0.0,0.0,0.0,0.0,1.0,0.684,1.0,minimize_generator,full_grid,False,0.0,3864.595,5000,inf
2020-07-09,895.815,39.884,935.699,1090.02,248.08,1338.1,935.699,402.401,0.0,0.0,0.0,402.401,0.0,0.0,0.0,0.0,800.0,0.8,0.998,0.0,0.0,0.0,0.0,0.0,0.0,1.0,0.699,1.0,minimize_generator,full_grid,False,0.0,4266.996,5000,inf
2020-07-10,890.78,42.611,933.391,1107.348,292.68,1400.028,933.391,466.637,0.0,0.0,0.0,466.637,0.0,0.0,0.0,0.0,800.0,0.8,0.998,0.0,0.0,0.0,0.0,0.0,0.0,1.0,0.667,1.0,minimize_generator,full_grid,False,0.0,4733.633,5000,inf
2020-07-11,892.83,40.625,933.455,1137.894,366.76,1504.654,933.455,571.199,0.0,0.0,0.0,571.199,0.0,0.0,0.0,0.0,800.0,0.8,0.998,0.0,0.0,0.0,0.0,0.0,0.0,1.0,0.62,1.0,minimize_generator,full_grid,False,0.0,5304.832,5000,inf
2020-07-12,891.91,39.166,931.076,1131.44,387.2,1518.64,931.076,587.564,0.0,0.0,0.0,587.564,0.0,0.0,0.0,0.0,800.0,0.8,0.998,0.0,0.0,0.0,0.0,0.0,0.0,1.0,0.613,1.0,minimize_generator,full_grid,False,0.0,5892.396,5000,inf
2020-07-13,890.58,39.314,929.894,1156.635,303.52,1460.155,929.894,530.261,0.0,0.0,0.0,530.261,0.0,0.0,0.0,0.0,800.0,0.8,0.998,0.0,0.0,0.0,0.0,0.0,0.0,1.0,0.637,1.0,minimize_generator,full_grid,False,0.0,6422.656,5000,inf
2020-07-14,893.565,40.193,933.758,1130.213,150.44,1280.653,933.758,346.895,0.0,0.0,0.0,346.895,0.0,0.0,0.0,0.0,800.0,0.8,0.998,0.0,0.0,0.0,0.0,0.0,0.0,1.0,0.729,1.0,minimize_generator,full_grid,False,0.0,6769.551,5000,inf
2020-07-15,892.83,40.084,932.914,1096.87,292.68,1389.55,932.914,456.636,0.0,0.0,0.0,456.636,0.0,0.0,0.0,0.0,800.0,0.8,0.998,0.0,0.0,0.0,0.0,0.0,0.0,1.0,0.671,1.0,minimize_generator,full_grid,False,0.0,7226.187,5000,inf
2020-07-16,892.27,38.326,930.596,1102.826,455.76,1558.586,930.596,627.99,0.0,0.0,0.0,627.99,0.0,0.0,0.0,0.0,800.0,0.8,0.998,0.0,0.0,0.0,0.0,0.0,0.0,1.0,0.597,1.0,minimize_generator,full_grid,False,0.0,7854.177,5000,inf
2020-07-17,890.965,39.181,930.146,1110.484,415.88,1526.364,930.146,596.218,0.0,0.0,0.0,596.218,0.0,0.0,0.0,0.0,800.0,0.8,0.998,0.0,0.0,0.0,0.0,0.0,0.0,1.0,0.609,1.0,minimize_generator,full_grid,False,0.0,8450.395,5000,inf
2020-07-18,894.87,41.539,936.409,1115.088,379.44,1494.528,936.409,558.119,0.0,0.0,0.0,558.119,0.0,0.0,0.0,0.0,800.0,0.8,0.998,0.0,0.0,0.0,0.0,0.0,0.0,1.0,0.627,1.0,minimize_generator,full_grid,False,0.0,9008.514,5000,inf
2020-07-19,899.73,42.388,942.118,1111.853,139.72,1251.573,942.118,309.455,0.0,0.0,0.0,309.455,0.0,0.0,0.0,0.0,800.0,0.8,0.998,0.0,0.0,0.0,0.0,0.0,0.0,1.0,0.753,1.0,minimize_generator,full_grid,False,0.0,9317.968,5000,inf
2020-07-20,894.135,40.735,934.87,1056.969,385.68,1442.649,934.87,507.779,0.0,0.0,0.0,507.779,0.0,0.0,0.0,0.0,800.0,0.8,0.998,0.0,0.0,0.0,0.0,0.0,0.0,1.0,0.648,1.0,minimize_generator,full_grid,False,0.0,9825.747,5000,inf
2020-07-21,897.295,39.009,936.304,1070.186,533.68,1603.866,936.304,667.562,0.0,0.0,0.0,667.562,0.0,0.0,0.0,0.0,800.0,0.8,0.998,0.0,0.0,0.0,0.0,0.0,0.0,1.0,0.584,1.0,minimize_generator,full_grid,False,0.0,10493.31,5000,inf
2020-07-22,817.75,38.93,856.68,1070.207,491.6,1561.807,856.68,705.127,0.0,0.0,0.0,705.127,0.0,0.0,0.0,0.0,800.0,0.8,0.998,0.0,0.0,0.0,0.0,0.0,0.0,1.0,0.549,1.0,minimize_generator,full_grid,False,0.0,11198.437,5000,inf
2020-07-23,894.135,25.503,919.638,1069.973,363.52,1433.493,919.638,513.855,0.0,0.0,0.0,513.855,0.0,0.0,0.0,0.0,800.0,0.8,0.998,0.0,0.0,0.0,0.0,0.0,0.0,1.0,0.642,1.0,minimize_generator,full_grid,False,0.0,11712.292,5000,inf
2020-07-24,818.67,13.994,832.664,1089.318,392.52,1481.838,832.664,649.174,0.0,0.0,0.0,649.174,0.0,0.0,0.0,0.0,800.0,0.8,0.998,0.0,0.0,0.0,0.0,0.0,0.0,1.0,0.562,1.0,minimize_generator,full_grid,False,0.0,12361.465,5000,inf
2020-07-25,817.365,13.805,831.17,1080.8,406.6,1487.4,831.17,656.23,0.0,0.0,0.0,656.23,0.0,0.0,0.0,0.0,800.0,0.8,0.998,0.0,0.0,0.0,0.0,0.0,0.0,1.0,0.559,1.0,minimize_generator,full_grid,False,0.0,13017.696,5000,inf
2020-07-26,890.58,13.614,904.194,970.269,397.04,1367.309,904.194,463.115,0.0,0.0,0.0,463.115,0.0,0.0,0.0,0.0,800.0,0.8,0.998,0.0,0.0,0.0,0.0,0.0,0.0,1.0,0.661,1.0,minimize_generator,full_grid,False,0.0,13480.811,5000,inf
2020-07-27,897.68,12.331,910.011,958.027,452.72,1410.747,910.011,500.736,0.0,0.0,0.0,500.736,0.0,0.0,0.0,0.0,800.0,0.8,0.998,0.0,0.0,0.0,0.0,0.0,0.0,1.0,0.645,1.0,minimize_generator,full_grid,False,0.0,13981.546,5000,inf
2020-07-28,896.735,12.545,909.28,1002.579,286.28,1288.859,909.28,379.579,0.0,0.0,0.0,379.579,0.0,0.0,0.0,0.0,800.0,0.8,0.998,0.0,0.0,0.0,0.0,0.0,0.0,1.0,0.705,1.0,minimize_generator,full_grid,False,0.0,14361.126,5000,inf
2020-07-29,894.135,12.639,906.774,997.674,254.68,1252.354,906.774,345.58,0.0,0.0,0.0,345.58,0.0,0.0,0.0,0.0,800.0,0.8,0.998,0.0,0.0,0.0,0.0,0.0,0.0,1.0,0.724,1.0,minimize_generator,full_grid,False,0.0,14706.706,5000,inf
2020-07-30,816.805,12.069,828.874,1002.634,292.68,1295.314,828.874,466.44,0.0,0.0,0.0,466.44,0.0,0.0,0.0,0.0,800.0,0.8,0.998,0.0,0.0,0.0,0.0,0.0,0.0,1.0,0.64,1.0,minimize_generator,full_grid,False,0.0,15173.146,5000,inf
2020-07-31,892.27,12.308,904.578,1024.219,447.16,1471.379,904.578,566.801,0.0,0.0,0.0,566.801,0.0,0.0,0.0,0.0,800.0,0.8,0.998,0.0,0.0,0.0,0.0,0.0,0.0,1.0,0.615,1.0,minimize_generator,full_grid,False,0.0,15739.946,5000,inf
2020-08-01,893.95,12.353,906.303,1035.941,435.64,1471.581,906.303,565.278,0.0,0.0,0.0,565.278,0.0,0.0,0.0,0.0,800.0,0.8,0.998,0.0,0.0,0.0,0.0,0.0,0.0,1.0,0.616,1.0,minimize_generator,full_grid,False,0.0,565.278,5000,inf
2020-08-02,893.39,10.502,903.892,1067.414,214.84,1282.254,903.892,378.362,0.0,0.0,0.0,378.362,0.0,0.0,0.0,0.0,800.0,0.8,0.998,0.0,0.0,0.0,0.0,0.0,0.0,1.0,0.705,1.0,minimize_generator,full_grid,False,0.0,943.64,5000,inf
2020-08-03,815.325,11.221,826.546,1070.817,297.2,1368.017,826.546,541.471,0.0,0.0,0.0,541.471,0.0,0.0,0.0,0.0,800.0,0.8,0.998,0.0,0.0,0.0,0.0,0.0,0.0,1.0,0.604,1.0,minimize_generator,full_grid,False,0.0,1485.112,5000,inf
2020-08-04,818.67,11.151,829.821,1079.931,347.88,1427.811,829.821,597.99,0.0,0.0,0.0,597.99,0.0,0.0,0.0,0.0,800.0,0.8,0.998,0.0,0.0,0.0,0.0,0.0,0.0,1.0,0.581,1.0,minimize_generator,full_grid,False,0.0,2083.101,5000,inf
2020-08-05,892.27,10.481,902.751,1087.24,285.36,1372.6,902.751,469.849,0.0,0.0,0.0,469.849,0.0,0.0,0.0,0.0,800.0,0.8,0.998,0.0,0.0,0.0,0.0,0.0,0.0,1.0,0.658,1.0,minimize_generator,full_grid,False,0.0,2552.951,5000,inf
2020-08-06,894.31,9.994,904.304,1069.199,268.72,1337.919,904.304,433.615,0.0,0.0,0.0,433.615,0.0,0.0,0.0,0.0,800.0,0.8,0.998,0.0,0.0,0.0,0.0,0.0,0.0,1.0,0.676,1.0,minimize_generator,full_grid,False,0.0,2986.566,5000,inf
2020-08-07,813.46,10.41,823.87,1069.2,159.52,1228.72,823.87,404.85,0.0,0.0,0.0,404.85,0.0,0.0,0.0,0.0,800.0,0.8,0.998,0.0,0.0,0.0,0.0,0.0,0.0,1.0,0.671,1.0,minimize_generator,full_grid,False,0.0,3391.416,5000,inf
2020-08-08,891.525,12.03,903.555,1067.225,284.44,1351.665,903.555,448.11,0.0,0.0,0.0,448.11,0.0,0.0,0.0,0.0,800.0,0.8,0.998,0.0,0.0,0.0,0.0,0.0,0.0,1.0,0.668,1.0,minimize_generator,full_grid,False,0.0,3839.526,5000,inf
2020-08-09,892.645,10.481,903.126,1061.896,373.16,1435.056,903.126,531.93,0.0,0.0,0.0,531.93,0.0,0.0,0.0,0.0,800.0,0.8,0.998,0.0,0.0,0.0,0.0,0.0,0.0,1.0,0.629,1.0,minimize_generator,full_grid,False,0.0,4371.456,5000,inf
2020-08-10,895.08,9.069,904.149,1052.055,231.96,1284.015,904.149,379.866,0.0,0.0,0.0,379.866,0.0,0.0,0.0,0.0,800.0,0.8,0.998,0.0,0.0,0.0,0.0,0.0,0.0,1.0,0.704,1.0,minimize_generator,full_grid,False,0.0,4751.323,5000,inf
2020-08-11,894.31,8.883,903.193,1057.973,251.84,1309.813,903.193,406.62,0.0,0.0,0.0,406.62,0.0,0.0,0.0,0.0,800.0,0.8,0.998,0.0,0.0,0.0,0.0,0.0,0.0,1.0,0.69,1.0,minimize_generator,full_grid,False,0.0,5157.942,5000,inf
2020-08-12,893.775,8.824,902.599,1067.189,386.44,1453.629,902.599,551.03,0.0,0.0,0.0,551.03,0.0,0.0,0.0,0.0,800.0,0.8,0.998,0.0,0.0,0.0,0.0,0.0,0.0,1.0,0.621,1.0,minimize_generator,full_grid,False,0.0,5708.972,5000,inf
2020-08-13,817.935,0.605,818.54,1048.353,239.56,1287.913,818.54,469.373,0.0,0.0,0.0,469.373,0.0,0.0,0.0,0.0,800.0,0.8,0.998,0.0,0.0,0.0,0.0,0.0,0.0,1.0,0.636,1.0,minimize_generator,full_grid,False,0.0,6178.346,5000,inf
2020-08-14,813.635,0.0,813.635,1027.382,231.96,1259.342,813.635,445.707,0.0,0.0,0.0,445.707,0.0,0.0,0.0,0.0,800.0,0.8,0.998,0.0,0.0,0.0,0.0,0.0,0.0,1.0,0.646,1.0,minimize_generator,full_grid,False,0.0,6624.053,5000,inf
2020-08-15,889.66,0.0,889.66,1055.787,138.84,1194.627,889.66,304.967,0.0,0.0,0.0,304.967,0.0,0.0,0.0,0.0,800.0,0.8,0.998,0.0,0.0,0.0,0.0,0.0,0.0,1.0,0.745,1.0,minimize_generator,full_grid,False,0.0,6929.02,5000,inf
2020-08-16,894.695,0.0,894.695,1036.338,137.08,1173.418,894.695,278.723,0.0,0.0,0.0,278.723,0.0,0.0,0.0,0.0,800.0,0.8,0.998,0.0,0.0,0.0,0.0,0.0,0.0,1.0,0.762,1.0,minimize_generator,full_grid,False,0.0,7207.742,5000,inf
2020-08-17,896.0,0.0,896.0,1032.728,186.44,1219.168,896.0,323.168,0.0,0.0,0.0,323.168,0.0,0.0,0.0,0.0,800.0,0.8,0.998,0.0,0.0,0.0,0.0,0.0,0.0,1.0,0.735,1.0,minimize_generator,full_grid,False,0.0,7530.91,5000,inf
2020-08-18,893.39,0.0,893.39,1026.826,373.16,1399.986,893.39,506.596,0.0,0.0,0.0,506.596,0.0,0.0,0.0,0.0,800.0,0.8,0.998,0.0,0.0,0.0,0.0,0.0,0.0,1.0,0.638,1.0,minimize_generator,full_grid,False,0.0,8037.506,5000,inf
2020-08-19,892.085,0.0,892.085,1028.207,393.28,1421.487,892.085,529.402,0.0,0.0,0.0,529.402,0.0,0.0,0.0,0.0,800.0,0.8,0.998,0.0,0.0,0.0,0.0,0.0,0.0,1.0,0.628,1.0,minimize_generator,full_grid,False,0.0,8566.907,5000,inf
2020-08-20,891.7,0.0,891.7,1045.815,373.96,1419.775,891.7,528.075,0.0,0.0,0.0,528.075,0.0,0.0,0.0,0.0,800.0,0.8,0.998,0.0,0.0,0.0,0.0,0.0,0.0,1.0,0.628,1.0,minimize_generator,full_grid,False,0.0,9094.982,5000,inf
2020-08-21,817.365,0.0,817.365,1047.893,424.24,1472.133,817.365,654.768,0.0,0.0,0.0,654.768,0.0,0.0,0.0,0.0,800.0,0.8,0.998,0.0,0.0,0.0,0.0,0.0,0.0,1.0,0.555,1.0,minimize_generator,full_grid,False,0.0,9749.751,5000,inf
2020-08-22,818.88,0.0,818.88,1045.805,408.76,1454.565,818.88,635.685,0.0,0.0,0.0,635.685,0.0,0.0,0.0,0.0,800.0,0.8,0.998,0.0,0.0,0.0,0.0,0.0,0.0,1.0,0.563,1.0,minimize_generator,full_grid,False,0.0,10385.436,5000,inf
2020-08-23,896.0,0.0,896.0,1012.739,118.24,1130.979,896.0,234.979,0.0,0.0,0.0,234.979,0.0,0.0,0.0,0.0,800.0,0.8,0.998,0.0,0.0,0.0,0.0,0.0,0.0,1.0,0.792,1.0,minimize_generator,full_grid,False,0.0,10620.415,5000,inf
2020-08-24,815.325,0.0,815.325,1002.845,63.8,1066.645,815.325,251.32,0.0,0.0,0.0,251.32,0.0,0.0,0.0,0.0,800.0,0.8,0.998,0.0,0.0,0.0,0.0,0.0,0.0,1.0,0.764,1.0,minimize_generator,full_grid,False,0.0,10871.735,5000,inf
2020-08-25,895.255,0.0,895.255,1020.064,196.84,1216.904,895.255,321.649,0.0,0.0,0.0,321.649,0.0,0.0,0.0,0.0,800.0,0.8,0.998,0.0,0.0,0.0,0.0,0.0,0.0,1.0,0.736,1.0,minimize_generator,full_grid,False,0.0,11193.384,5000,inf
2020-08-26,817.365,0.0,817.365,1036.349,344.52,1380.869,817.365,563.504,0.0,0.0,0.0,563.504,0.0,0.0,0.0,0.0,800.0,0.8,0.998,0.0,0.0,0.0,0.0,0.0,0.0,1.0,0.592,1.0,minimize_generator,full_grid,False,0.0,11756.888,5000,inf
2020-08-27,893.775,0.0,893.775,1024.501,441.44,1465.941,893.775,572.166,0.0,0.0,0.0,572.166,0.0,0.0,0.0,0.0,800.0,0.8,0.998,0.0,0.0,0.0,0.0,0.0,0.0,1.0,0.61,1.0,minimize_generator,full_grid,False,0.0,12329.055,5000,inf
2020-08-28,812.9,0.0,812.9,1015.575,303.52,1319.095,812.9,506.195,0.0,0.0,0.0,506.195,0.0,0.0,0.0,0.0,800.0,0.8,0.998,0.0,0.0,0.0,0.0,0.0,0.0,1.0,0.616,1.0,minimize_generator,full_grid,False,0.0,12835.25,5000,inf
2020-08-29,890.58,0.0,890.58,998.346,159.52,1157.866,890.58,267.286,0.0,0.0,0.0,267.286,0.0,0.0,0.0,0.0,800.0,0.8,0.998,0.0,0.0,0.0,0.0,0.0,0.0,1.0,0.769,1.0,minimize_generator,full_grid,False,0.0,13102.536,5000,inf
2020-08-30,814.94,0.0,814.94,970.306,142.4,1112.706,814.94,297.766,0.0,0.0,0.0,297.766,0.0,0.0,0.0,0.0,800.0,0.8,0.998,0.0,0.0,0.0,0.0,0.0,0.0,1.0,0.732,1.0,minimize_generator,full_grid,False,0.0,13400.302,5000,inf
2020-08-31,812.155,0.0,812.155,948.097,236.72,1184.817,812.155,372.662,0.0,0.0,0.0,372.662,0.0,0.0,0.0,0.0,800.0,0.8,0.998,0.0,0.0,0.0,0.0,0.0,0.0,1.0,0.685,1.0,minimize_generator,full_grid,False,0.0,13772.965,5000,inf
2020-09-01,817.935,367.029,1184.964,932.108,279.84,1211.948,1184.964,26.984,0.0,0.0,0.0,26.984,0.0,0.0,0.0,0.0,800.0,0.8,0.998,0.0,0.0,0.0,0.0,0.0,0.0,1.0,0.978,1.0,minimize_generator,full_grid,False,0.0,26.984,5000,inf
2020-09-02,891.35,364.8,1256.15,967.281,177.08,1144.361,1144.361,0.0,0.0,111.789,0.0,0.0,0.0,0.0,0.0,0.0,682.327,0.682,0.998,0.0,0.0,0.0,0.0,0.0,0.0,1.0,1.0,1.0,minimize_generator,full_grid,False,0.0,26.984,5000,inf
2020-09-03,813.46,355.678,1169.138,949.277,111.64,1060.917,1060.917,0.0,0.0,108.221,0.0,0.0,0.0,0.0,0.0,0.0,568.41,0.568,0.998,0.0,0.0,0.0,0.0,0.0,0.0,1.0,1.0,1.0,minimize_generator,full_grid,False,0.0,26.984,5000,inf
2020-09-04,810.85,340.176,1151.026,874.404,13.68,888.084,888.084,0.0,0.0,262.942,0.0,0.0,0.0,0.0,0.0,0.0,291.63,0.292,0.998,0.0,0.0,0.0,0.0,0.0,0.0,1.0,1.0,1.0,minimize_generator,full_grid,False,0.0,26.984,5000,inf
2020-09-05,815.885,342.911,1158.796,863.992,83.96,947.952,947.952,0.0,0.0,87.048,123.796,0.0,0.0,0.0,0.0,0.0,200.0,0.2,0.998,0.0,0.0,11.257,0.0,0.0,11.257,0.893,1.0,0.893,minimize_generator,full_grid,False,123.796,26.984,5000,inf
2020-09-06,815.71,360.239,1175.949,881.631,182.68,1064.311,1064.311,0.0,0.0,0.0,111.638,0.0,0.0,0.0,0.0,0.0,200.0,0.2,0.998,0.0,0.0,10.136,0.0,0.0,10.136,0.905,1.0,0.905,minimize_generator,full_grid,False,235.433,26.984,5000,inf
2020-09-07,817.75,389.424,1207.174,896.162,385.68,1281.842,1207.174,74.668,74.668,0.0,0.0,0.0,0.0,0.0,0.0,0.0,270.935,0.271,0.999,0.0,0.0,0.0,0.0,0.0,0.0,1.0,1.0,1.0,minimize_generator,full_grid,False,235.433,26.984,5000,inf
2020-09-08,889.66,382.127,1271.787,796.339,402.96,1199.299,1199.299,0.0,0.0,67.388,5.1,0.0,0.0,0.0,0.0,0.0,200.0,0.2,0.999,0.0,0.0,0.463,0.0,0.0,0.463,0.996,1.0,0.996,minimize_generator,full_grid,False,240.533,26.984,5000,inf
2020-09-09,814.94,378.478,1193.418,841.649,377.88,1219.529,1193.418,26.111,26.111,0.0,0.0,0.0,0.0,0.0,0.0,0.0,224.805,0.225,0.999,0.0,0.0,0.0,0.0,0.0,0.0,1.0,1.0,1.0,minimize_generator,full_grid,False,240.533,26.984,5000,inf
2020-09-10,892.445,347.47,1239.915,902.52,159.52,1062.04,1062.04,0.0,0.0,23.565,154.31,0.0,0.0,0.0,0.0,0.0,200.0,0.2,0.999,0.0,0.0,14.065,0.0,0.0,14.065,0.876,1.0,0.876,minimize_generator,full_grid,False,394.843,26.984,5000,inf
2020-09-11,815.5,331.968,1147.468,858.544,79.68,938.224,938.224,0.0,0.0,0.0,209.244,0.0,0.0,0.0,0.0,0.0,200.0,0.2,0.999,0.0,0.0,19.046,0.0,0.0,19.046,0.818,1.0,0.818,minimize_generator,full_grid,False,604.087,26.984,5000,inf
2020-09-12,813.075,385.929,1199.004,910.824,206.32,1117.144,1117.144,0.0,0.0,0.0,81.86,0.0,0.0,0.0,0.0,0.0,200.0,0.2,0.999,0.0,0.0,7.415,0.0,0.0,7.415,0.932,1.0,0.932,minimize_generator,full_grid,False,685.947,26.984,5000,inf
2020-09-13,737.085,391.944,1129.029,893.715,303.52,1197.235,1129.029,68.206,68.206,0.0,0.0,0.0,0.0,0.0,0.0,0.0,264.796,0.265,0.999,0.0,0.0,0.0,0.0,0.0,0.0,1.0,1.0,1.0,minimize_generator,full_grid,False,685.947,26.984,5000,inf
2020-09-14,812.9,385.929,1198.829,889.574,292.68,1182.254,1182.254,0.0,0.0,16.575,0.0,0.0,0.0,0.0,0.0,0.0,247.348,0.247,0.999,0.0,0.0,0.0,0.0,0.0,0.0,1.0,1.0,1.0,minimize_generator,full_grid,False,685.947,26.984,5000,inf
2020-09-15,812.34,409.844,1222.184,866.924,361.08,1228.004,1222.184,5.82,5.82,0.0,0.0,0.0,0.0,0.0,0.0,0.0,252.877,0.253,0.999,0.0,0.0,0.0,0.0,0.0,0.0,1.0,1.0,1.0,minimize_generator,full_grid,False,685.947,26.984,5000,inf
2020-09-16,816.805,404.749,1221.554,842.008,345.36,1187.368,1187.368,0.0,0.0,34.186,0.0,0.0,0.0,0.0,0.0,0.0,216.892,0.217,0.999,0.0,0.0,0.0,0.0,0.0,0.0,1.0,1.0,1.0,minimize_generator,full_grid,False,685.947,26.984,5000,inf
2020-09-17,814.765,369.727,1184.492,821.356,151.32,972.676,972.676,0.0,0.0,16.047,195.769,0.0,0.0,0.0,0.0,0.0,200.0,0.2,0.999,0.0,0.0,17.76,0.0,0.0,17.76,0.835,1.0,0.835,minimize_generator,full_grid,False,881.716,26.984,5000,inf
2020-09-18,737.295,379.999,1117.294,765.379,149.52,914.899,914.899,0.0,0.0,0.0,202.395,0.0,0.0,0.0,0.0,0.0,200.0,0.2,0.999,0.0,0.0,18.285,0.0,0.0,18.285,0.819,1.0,0.819,minimize_generator,full_grid,False,1084.112,26.984,5000,inf
2020-09-19,813.075,367.643,1180.718,792.169,85.4,877.569,877.569,0.0,0.0,0.0,303.149,0.0,0.0,0.0,0.0,0.0,200.0,0.2,0.999,0.0,0.0,27.504,0.0,0.0,27.504,0.743,1.0,0.743,minimize_generator,full_grid,False,1387.26,26.984,5000,inf
2020-09-20,814.58,380.061,1194.641,832.1,210.12,1042.22,1042.22,0.0,0.0,0.0,152.421,0.0,0.0,0.0,0.0,0.0,200.0,0.2,0.999,0.0,0.0,13.815,0.0,0.0,13.815,0.872,1.0,0.872,minimize_generator,full_grid,False,1539.682,26.984,5000,inf
2020-09-21,817.575,386.17,1203.745,828.868,293.6,1122.468,1122.468,0.0,0.0,0.0,81.277,0.0,0.0,0.0,0.0,0.0,200.0,0.2,0.999,0.0,0.0,7.364,0.0,0.0,7.364,0.932,1.0,0.932,minimize_generator,full_grid,False,1620.958,26.984,5000,inf
2020-09-22,814.94,398.369,1213.309,845.185,327.4,1172.585,1172.585,0.0,0.0,0.0,40.724,0.0,0.0,0.0,0.0,0.0,200.0,0.2,0.999,0.0,0.0,3.686,0.0,0.0,3.686,0.966,1.0,0.966,minimize_generator,full_grid,False,1661.682,26.984,5000,inf
2020-09-23,814.02,399.343,1213.363,856.637,432.32,1288.957,1213.363,75.594,75.594,0.0,0.0,0.0,0.0,0.0,0.0,0.0,271.814,0.272,0.999,0.0,0.0,0.0,0.0,0.0,0.0,1.0,1.0,1.0,minimize_generator,full_grid,False,1661.682,26.984,5000,inf
2020-09-24,811.21,405.454,1216.664,863.762,450.28,1314.042,1216.664,97.378,97.378,0.0,0.0,0.0,0.0,0.0,0.0,0.0,364.324,0.364,1.0,0.0,0.0,0.0,0.0,0.0,0.0,1.0,1.0,1.0,minimize_generator,full_grid,False,1661.682,26.984,5000,inf
2020-09-25,812.155,450.55,1262.705,884.64,384.12,1268.76,1262.705,6.055,6.055,0.0,0.0,0.0,0.0,0.0,0.0,0.0,370.076,0.37,1.0,0.0,0.0,0.0,0.0,0.0,0.0,1.0,1.0,1.0,minimize_generator,full_grid,False,1661.682,26.984,5000,inf
2020-09-26,814.94,415.438,1230.378,882.684,301.72,1184.404,1184.404,0.0,0.0,45.974,0.0,0.0,0.0,0.0,0.0,0.0,321.683,0.322,1.0,0.0,0.0,0.0,0.0,0.0,0.0,1.0,1.0,1.0,minimize_generator,full_grid,False,1661.682,26.984,5000,inf
2020-09-27,734.125,416.246,1150.371,873.414,54.24,927.654,927.654,0.0,0.0,115.598,107.119,0.0,0.0,0.0,0.0,0.0,200.0,0.2,1.0,0.0,0.0,9.646,0.0,0.0,9.646,0.907,1.0,0.907,minimize_generator,full_grid,False,1768.801,26.984,5000,inf
2020-09-28,737.47,510.536,1248.006,845.673,137.08,982.753,982.753,0.0,0.0,0.0,265.253,0.0,0.0,0.0,0.0,0.0,200.0,0.2,1.0,0.0,0.0,23.718,0.0,0.0,23.718,0.787,1.0,0.787,minimize_generator,full_grid,False,2034.053,26.984,5000,inf
2020-09-29,735.605,469.441,1205.046,840.037,119.92,959.957,959.957,0.0,0.0,0.0,245.089,0.0,0.0,0.0,0.0,0.0,200.0,0.2,1.0,0.0,0.0,21.98,0.0,0.0,21.98,0.797,1.0,0.797,minimize_generator,full_grid,False,2279.142,26.984,5000,inf
2020-09-30,810.475,496.038,1306.513,827.821,151.32,979.141,979.141,0.0,0.0,0.0,327.372,0.0,0.0,0.0,0.0,0.0,200.0,0.2,1.0,0.0,0.0,29.402,0.0,0.0,29.402,0.749,1.0,0.749,minimize_generator,full_grid,False,2606.514,26.984,5000,inf
2020-10-01,813.46,785.059,1598.519,803.428,228.16,1031.588,1031.588,0.0,0.0,0.0,566.931,0.0,0.0,0.0,0.0,0.0,200.0,0.2,1.0,0.0,0.0,50.383,0.0,0.0,50.383,0.645,1.0,0.645,minimize_generator,full_grid,False,566.931,0.0,5000,inf
2020-10-02,735.22,760.034,1495.254,839.451,281.68,1121.131,1121.131,0.0,0.0,0.0,374.123,0.0,0.0,0.0,0.0,0.0,200.0,0.2,1.0,0.0,0.0,33.161,0.0,0.0,33.161,0.75,1.0,0.75,minimize_generator,full_grid,False,941.054,0.0,5000,inf
2020-10-03,665.295,747.079,1412.374,842.479,319.52,1161.999,1161.999,0.0,0.0,0.0,250.375,0.0,0.0,0.0,0.0,0.0,200.0,0.2,1.0,0.0,0.0,22.123,0.0,0.0,22.123,0.823,1.0,0.823,minimize_generator,full_grid,False,1191.429,0.0,5000,inf
2020-10-04,735.43,886.045,1621.475,857.26,330.84,1188.1,1188.1,0.0,0.0,0.0,433.375,0.0,0.0,0.0,0.0,0.0,200.0,0.2,1.0,0.0,0.0,38.19,0.0,0.0,38.19,0.733,1.0,0.733,minimize_generator,full_grid,False,1624.804,0.0,5000,inf
2020-10-05,811.035,730.307,1541.342,838.328,81.08,919.408,919.408,0.0,0.0,0.0,621.934,0.0,0.0,0.0,0.0,0.0,200.0,0.2,1.0,0.0,0.0,55.417,0.0,0.0,55.417,0.596,1.0,0.596,minimize_generator,full_grid,False,2246.738,0.0,5000,inf
2020-10-06,738.215,707.033,1445.248,842.228,38.68,880.908,880.908,0.0,0.0,0.0,564.34,0.0,0.0,0.0,0.0,0.0,200.0,0.2,1.0,0.0,0.0,50.167,0.0,0.0,50.167,0.61,1.0,0.61,minimize_generator,full_grid,False,2811.078,0.0,5000,inf
2020-10-07,737.655,681.028,1418.683,777.864,15.76,793.624,793.624,0.0,0.0,0.0,625.059,0.0,0.0,0.0,0.0,0.0,200.0,0.2,1.0,0.0,0.0,55.642,0.0,0.0,55.642,0.559,1.0,0.559,minimize_generator,full_grid,False,3436.137,0.0,5000,inf
2020-10-08,734.66,673.48,1408.14,661.778,2.84,664.618,664.618,0.0,0.0,0.0,743.522,0.0,0.0,0.0,0.0,0.0,200.0,0.2,1.0,0.0,0.0,66.206,0.0,0.0,66.206,0.472,1.0,0.472,minimize_generator,full_grid,False,4179.66,0.0,5000,inf
2020-10-09,730.57,690.242,1420.812,707.701,55.96,763.661,763.661,0.0,0.0,0.0,657.151,0.0,0.0,0.0,0.0,0.0,200.0,0.2,1.0,0.0,0.0,58.448,0.0,0.0,58.448,0.537,1.0,0.537,minimize_generator,full_grid,False,4836.81,0.0,5000,inf
2020-10-10,736.91,759.845,1496.755,748.078,302.64,1050.718,1050.718,0.0,0.0,0.0,163.19,0.0,282.847,0.0,0.0,0.0,200.0,0.2,1.0,169.708,18.856,14.466,0.0,87.875,102.341,0.891,1.0,0.702,minimize_generator,full_grid,False,5000.0,0.0,5000,inf
2020-10-11,731.49,731.267,1462.757,734.744,292.68,1027.424,1027.424,0.0,0.0,0.0,0.0,0.0,435.333,0.0,0.0,0.0,200.0,0.2,1.0,231.067,24.0,0.0,0.0,119.646,119.646,1.0,1.0,0.702,minimize_generator,full_grid,False,5000.0,0.0,5000,inf
2020-10-12,813.46,768.957,1582.417,709.018,348.72,1057.738,1057.738,0.0,0.0,0.0,0.0,0.0,524.679,0.0,0.0,0.0,200.0,0.2,1.0,248.936,24.0,0.0,0.0,128.899,128.899,1.0,1.0,0.668,minimize_generator,full_grid,False,5000.0,0.0,5000,inf
2020-10-13,736.165,771.91,1508.075,770.554,257.48,1028.034,1028.034,0.0,0.0,0.0,0.0,0.0,480.041,0.0,0.0,0.0,200.0,0.2,1.0,240.008,24.0,0.0,0.0,124.276,124.276,1.0,1.0,0.682,minimize_generator,full_grid,False,5000.0,0.0,5000,inf
2020-10-14,731.49,722.295,1453.785,769.322,189.28,958.602,958.602,0.0,0.0,0.0,0.0,0.0,495.183,0.0,0.0,0.0,200.0,0.2,1.0,243.037,24.0,0.0,0.0,125.844,125.844,1.0,1.0,0.659,minimize_generator,full_grid,False,5000.0,0.0,5000,inf
2020-10-15,731.14,716.687,1447.827,769.395,82.52,851.915,851.915,0.0,0.0,0.0,0.0,0.0,595.912,0.0,0.0,0.0,200.0,0.2,1.0,263.182,24.0,0.0,0.0,136.276,136.276,1.0,1.0,0.588,minimize_generator,full_grid,False,5000.0,0.0,5000,inf
2020-10-16,732.795,699.229,1432.024,767.99,171.48,939.47,939.47,0.0,0.0,0.0,0.0,0.0,492.554,0.0,0.0,0.0,200.0,0.2,1.0,242.511,24.0,0.0,0.0,125.572,125.572,1.0,1.0,0.656,minimize_generator,full_grid,False,5000.0,0.0,5000,inf
2020-10-17,731.875,656.553,1388.428,760.389,200.6,960.989,960.989,0.0,0.0,0.0,0.0,0.0,427.439,0.0,0.0,0.0,200.0,0.2,1.0,229.488,24.0,0.0,0.0,118.829,118.829,1.0,1.0,0.692,minimize_generator,full_grid,False,5000.0,0.0,5000,inf
2020-10-18,736.525,687.215,1423.74,762.075,109.2,871.275,871.275,0.0,0.0,0.0,0.0,0.0,552.465,0.0,0.0,0.0,200.0,0.2,1.0,254.493,24.0,0.0,0.0,131.777,131.777,1.0,1.0,0.612,minimize_generator,full_grid,False,5000.0,0.0,5000,inf
2020-10-19,732.795,655.928,1388.723,758.311,45.04,803.351,803.351,0.0,0.0,0.0,0.0,0.0,585.372,0.0,0.0,0.0,200.0,0.2,1.0,261.074,24.0,0.0,0.0,135.184,135.184,1.0,1.0,0.578,minimize_generator,full_grid,False,5000.0,0.0,5000,inf
2020-10-20,666.03,683.979,1350.009,751.036,111.64,862.676,862.676,0.0,0.0,0.0,0.0,0.0,487.333,0.0,0.0,0.0,200.0,0.2,1.0,241.467,24.0,0.0,0.0,125.031,125.031,1.0,1.0,0.639,minimize_generator,full_grid,False,5000.0,0.0,5000,inf
2020-10-21,738.6,592.171,1330.771,735.688,50.32,786.008,786.008,0.0,0.0,0.0,0.0,0.0,544.763,0.0,0.0,0.0,200.0,0.2,1.0,252.953,24.0,0.0,0.0,130.979,130.979,1.0,1.0,0.591,minimize_generator,full_grid,False,5000.0,0.0,5000,inf
2020-10-22,731.315,553.999,1285.314,736.783,28.0,764.783,764.783,0.0,0.0,0.0,0.0,0.0,520.531,0.0,0.0,0.0,200.0,0.2,1.0,248.106,24.0,0.0,0.0,128.469,128.469,1.0,1.0,0.595,minimize_generator,full_grid,False,5000.0,0.0,5000,inf
2020-10-23,733.74,558.305,1292.045,752.49,34.16,786.65,786.65,0.0,0.0,0.0,0.0,0.0,505.395,0.0,0.0,0.0,200.0,0.2,1.0,245.079,24.0,0.0,0.0,126.902,126.902,1.0,1.0,0.609,minimize_generator,full_grid,False,5000.0,0.0,5000,inf
2020-10-24,665.295,513.156,1178.451,690.046,142.4,832.446,832.446,0.0,0.0,0.0,0.0,0.0,346.005,0.0,0.0,0.0,200.0,0.2,1.0,207.603,23.067,0.0,0.0,107.497,107.497,1.0,1.0,0.706,minimize_generator,full_grid,False,5000.0,0.0,5000,inf
2020-10-25,731.49,498.985,1230.475,693.653,402.96,1096.613,1096.613,0.0,0.0,0.0,0.0,0.0,133.862,0.0,0.0,0.0,200.0,0.2,1.0,80.317,8.924,0.0,0.0,41.588,41.588,1.0,1.0,0.891,minimize_generator,full_grid,False,5000.0,0.0,5000,inf
2020-10-26,731.14,446.912,1178.052,718.411,70.84,789.251,789.251,0.0,0.0,0.0,0.0,0.0,388.801,0.0,0.0,0.0,200.0,0.2,1.0,221.76,24.0,0.0,0.0,114.827,114.827,1.0,1.0,0.67,minimize_generator,full_grid,False,5000.0,0.0,5000,inf
2020-10-27,659.115,437.435,1096.55,668.474,124.12,792.594,792.594,0.0,0.0,0.0,0.0,0.0,303.956,0.0,0.0,0.0,200.0,0.2,1.0,182.374,20.264,0.0,0.0,94.433,94.433,1.0,1.0,0.723,minimize_generator,full_grid,False,5000.0,0.0,5000,inf
2020-10-28,736.735,337.441,1074.176,678.843,26.48,705.323,705.323,0.0,0.0,0.0,0.0,0.0,368.853,0.0,0.0,0.0,200.0,0.2,1.0,217.771,24.0,0.0,0.0,112.762,112.762,1.0,1.0,0.657,minimize_generator,full_grid,False,5000.0,0.0,5000,inf
2020-10-29,733.74,300.134,1033.874,679.673,54.8,734.473,734.473,0.0,0.0,0.0,0.0,0.0,299.401,0.0,0.0,0.0,200.0,0.2,1.0,179.641,19.96,0.0,0.0,93.018,93.018,1.0,1.0,0.71,minimize_generator,full_grid,False,5000.0,0.0,5000,inf
2020-10-30,664.165,191.387,855.552,676.349,109.2,785.549,785.549,0.0,19.997,0.0,0.0,0.0,70.003,19.997,0.0,0.0,218.997,0.219,0.913,54.0,6.0,0.0,0.0,27.961,27.961,1.0,1.0,0.918,minimize_generator,full_grid,False,5000.0,0.0,5000,inf
2020-10-31,660.805,74.791,735.596,625.316,1.88,627.196,627.196,0.0,0.0,18.047,0.0,0.0,90.352,0.0,0.0,0.0,200.0,0.2,0.913,54.211,6.023,0.0,0.0,28.071,28.071,1.0,1.0,0.875,minimize_generator,full_grid,False,5000.0,0.0,5000,inf
2020-11-01,666.24,622.128,1288.368,585.698,51.44,637.138,637.138,0.0,0.0,0.0,651.23,0.0,0.0,0.0,0.0,0.0,200.0,0.2,0.913,0.0,0.0,54.226,0.0,0.0,54.226,0.495,1.0,0.495,minimize_generator,full_grid,False,651.23,0.0,5000,inf
2020-11-02,665.11,668.794,1333.904,642.732,174.28,817.012,817.012,0.0,0.0,0.0,516.892,0.0,0.0,0.0,0.0,0.0,200.0,0.2,0.913,0.0,0.0,42.919,0.0,0.0,42.919,0.612,1.0,0.612,minimize_generator,full_grid,False,1168.121,0.0,5000,inf
2020-11-03,665.67,684.581,1350.251,664.352,274.28,938.632,938.632,0.0,0.0,0.0,411.619,0.0,0.0,0.0,0.0,0.0,200.0,0.2,0.913,0.0,0.0,34.148,0.0,0.0,34.148,0.695,1.0,0.695,minimize_generator,full_grid,False,1579.74,0.0,5000,inf
2020-11-04,664.725,687.496,1352.221,679.306,293.6,972.906,972.906,0.0,0.0,0.0,379.315,0.0,0.0,0.0,0.0,0.0,200.0,0.2,0.913,0.0,0.0,31.462,0.0,0.0,31.462,0.719,1.0,0.719,minimize_generator,full_grid,False,1959.055,0.0,5000,inf
2020-11-05,665.67,660.722,1326.392,633.703,376.32,1010.023,1010.023,0.0,0.0,0.0,316.369,0.0,0.0,0.0,0.0,0.0,200.0,0.2,0.913,0.0,0.0,26.282,0.0,0.0,26.282,0.761,1.0,0.761,minimize_generator,full_grid,False,2275.424,0.0,5000,inf
2020-11-06,731.875,633.835,1365.71,666.786,306.24,973.026,973.026,0.0,0.0,0.0,392.684,0.0,0.0,0.0,0.0,0.0,200.0,0.2,0.913,0.0,0.0,32.791,0.0,0.0,32.791,0.712,1.0,0.712,minimize_generator,full_grid,False,2668.109,0.0,5000,inf
2020-11-07,665.295,645.124,1310.419,626.182,222.48,848.662,848.662,0.0,0.0,0.0,461.757,0.0,0.0,0.0,0.0,0.0,200.0,0.2,0.913,0.0,0.0,38.394,0.0,0.0,38.394,0.648,1.0,0.648,minimize_generator,full_grid,False,3129.866,0.0,5000,inf
2020-11-08,658.555,580.252,1238.807,625.8,21.88,647.68,647.68,0.0,0.0,0.0,591.127,0.0,0.0,0.0,0.0,0.0,200.0,0.2,0.913,0.0,0.0,49.33,0.0,0.0,49.33,0.523,1.0,0.523,minimize_generator,full_grid,False,3720.993,0.0,5000,inf
2020-11-09,730.755,604.436,1335.191,630.358,28.36,658.718,658.718,0.0,0.0,0.0,676.473,0.0,0.0,0.0,0.0,0.0,200.0,0.2,0.913,0.0,0.0,56.587,0.0,0.0,56.587,0.493,1.0,0.493,minimize_generator,full_grid,False,4397.466,0.0,5000,inf
2020-11-10,731.49,660.304,1391.794,615.953,209.16,825.113,825.113,0.0,0.0,0.0,566.681,0.0,0.0,0.0,0.0,0.0,200.0,0.2,0.913,0.0,0.0,47.247,0.0,0.0,47.247,0.593,1.0,0.593,minimize_generator,full_grid,False,4964.147,0.0,5000,inf
2020-11-11,736.735,633.816,1370.551,618.793,258.44,877.233,877.233,0.0,0.0,0.0,35.853,0.0,457.464,0.0,0.0,0.0,200.0,0.2,0.913,235.493,24.0,2.995,0.0,102.981,105.976,0.974,1.0,0.64,minimize_generator,full_grid,False,5000.0,0.0,5000,inf
2020-11-12,657.075,696.126,1353.201,642.474,259.36,901.834,901.834,0.0,0.0,0.0,0.0,0.0,451.367,0.0,0.0,0.0,200.0,0.2,0.913,234.273,24.0,0.0,0.0,102.448,102.448,1.0,1.0,0.666,minimize_generator,full_grid,False,5000.0,0.0,5000,inf
2020-11-13,661.9,676.441,1338.341,615.122,96.6,711.722,711.722,0.0,0.0,0.0,0.0,0.0,626.619,0.0,0.0,0.0,200.0,0.2,0.913,269.324,24.0,0.0,0.0,117.775,117.775,1.0,1.0,0.532,minimize_generator,full_grid,False,5000.0,0.0,5000,inf
2020-11-14,586.14,695.054,1281.194,615.346,190.2,805.546,805.546,0.0,0.0,0.0,0.0,0.0,475.648,0.0,0.0,0.0,200.0,0.2,0.913,239.13,24.0,0.0,0.0,104.571,104.571,1.0,1.0,0.629,minimize_generator,full_grid,False,5000.0,0.0,5000,inf
2020-11-15,662.86,758.453,1421.313,602.151,415.88,1018.031,1018.031,0.0,0.0,0.0,0.0,0.0,403.282,0.0,0.0,0.0,200.0,0.2,0.913,224.656,24.0,0.0,0.0,98.242,98.242,1.0,1.0,0.716,minimize_generator,full_grid,False,5000.0,0.0,5000,inf
2020-11-16,658.17,656.078,1314.248,643.054,250.88,893.934,893.934,0.0,0.0,0.0,0.0,0.0,420.314,0.0,0.0,0.0,200.0,0.2,0.913,228.063,24.0,0.0,0.0,99.732,99.732,1.0,1.0,0.68,minimize_generator,full_grid,False,5000.0,0.0,5000,inf
2020-11-17,730.57,653.181,1383.751,635.207,136.2,771.407,771.407,0.0,0.0,0.0,0.0,0.0,612.344,0.0,0.0,0.0,200.0,0.2,0.913,266.469,24.0,0.0,0.0,116.527,116.527,1.0,1.0,0.557,minimize_generator,full_grid,False,5000.0,0.0,5000,inf
2020-11-18,656.865,632.593,1289.458,611.261,61.32,672.581,672.581,0.0,0.0,0.0,0.0,0.0,616.877,0.0,0.0,0.0,200.0,0.2,0.913,267.375,24.0,0.0,0.0,116.923,116.923,1.0,1.0,0.522,minimize_generator,full_grid,False,5000.0,0.0,5000,inf
2020-11-19,586.315,643.781,1230.096,615.909,149.52,765.429,765.429,0.0,0.0,0.0,0.0,0.0,464.667,0.0,0.0,0.0,200.0,0.2,0.913,236.933,24.0,0.0,0.0,103.611,103.611,1.0,1.0,0.622,minimize_generator,full_grid,False,5000.0,0.0,5000,inf
2020-11-20,657.435,633.874,1291.309,544.706,307.12,851.826,851.826,0.0,0.0,0.0,0.0,0.0,439.483,0.0,0.0,0.0,200.0,0.2,0.913,231.897,24.0,0.0,0.0,101.408,101.408,1.0,1.0,0.66,minimize_generator,full_grid,False,5000.0,0.0,5000,inf
2020-11-21,584.66,657.195,1241.855,597.569,308.92,906.489,906.489,0.0,0.0,0.0,0.0,0.0,335.366,0.0,0.0,0.0,200.0,0.2,0.913,201.22,22.358,0.0,0.0,87.993,87.993,1.0,1.0,0.73,minimize_generator,full_grid,False,5000.0,0.0,5000,inf
2020-11-22,661.34,634.794,1296.134,622.511,76.24,698.751,698.751,0.0,0.0,0.0,0.0,0.0,597.383,0.0,0.0,0.0,200.0,0.2,0.913,263.477,24.0,0.0,0.0,115.218,115.218,1.0,1.0,0.539,minimize_generator,full_grid,False,5000.0,0.0,5000,inf
2020-11-23,583.89,641.832,1225.722,577.626,87.56,665.186,665.186,0.0,0.0,0.0,0.0,0.0,560.536,0.0,0.0,0.0,200.0,0.2,0.913,256.107,24.0,0.0,0.0,111.996,111.996,1.0,1.0,0.543,minimize_generator,full_grid,False,5000.0,0.0,5000,inf
2020-11-24,658.17,609.303,1267.473,610.385,23.56,633.945,633.945,0.0,0.0,0.0,0.0,0.0,633.528,0.0,0.0,0.0,200.0,0.2,0.913,270.706,24.0,0.0,0.0,118.38,118.38,1.0,1.0,0.5,minimize_generator,full_grid,False,5000.0,0.0,5000,inf
2020-11-25,583.355,645.831,1229.186,597.721,363.52,961.241,961.241,0.0,0.0,0.0,0.0,0.0,267.945,0.0,0.0,0.0,200.0,0.2,0.913,160.767,17.863,0.0,0.0,70.303,70.303,1.0,1.0,0.782,minimize_generator,full_grid,False,5000.0,0.0,5000,inf
2020-11-26,589.695,614.511,1204.206,575.035,379.44,954.475,954.475,0.0,0.0,0.0,0.0,0.0,249.731,0.0,0.0,0.0,200.0,0.2,0.913,149.839,16.649,0.0,0.0,65.524,65.524,1.0,1.0,0.793,minimize_generator,full_grid,False,5000.0,0.0,5000,inf
2020-11-27,663.99,590.331,1254.321,582.125,175.2,757.325,757.325,0.0,0.0,0.0,0.0,0.0,496.996,0.0,0.0,0.0,200.0,0.2,0.913,243.399,24.0,0.0,0.0,106.438,106.438,1.0,1.0,0.604,minimize_generator,full_grid,False,5000.0,0.0,5000,inf
2020-11-28,658.555,599.133,1257.688,591.313,356.16,947.473,947.473,0.0,0.0,0.0,0.0,0.0,310.215,0.0,0.0,0.0,200.0,0.2,0.913,186.129,20.681,0.0,0.0,81.394,81.394,1.0,1.0,0.753,minimize_generator,full_grid,False,5000.0,0.0,5000,inf
2020-11-29,586.885,492.066,1078.951,600.994,98.88,699.874,699.874,0.0,0.0,0.0,0.0,0.0,379.077,0.0,0.0,0.0,200.0,0.2,0.913,219.815,24.0,0.0,0.0,96.125,96.125,1.0,1.0,0.649,minimize_generator,full_grid,False,5000.0,0.0,5000,inf
2020-11-30,656.69,484.301,1140.991,599.256,93.52,692.776,692.776,0.0,0.0,0.0,0.0,0.0,448.215,0.0,0.0,0.0,200.0,0.2,0.913,233.643,24.0,0.0,0.0,102.172,102.172,1.0,1.0,0.607,minimize_generator,full_grid,False,5000.0,0.0,5000,inf
2020-12-01,589.695,603.799,1193.494,589.068,115.76,704.828,704.828,0.0,0.0,0.0,488.666,0.0,0.0,0.0,0.0,0.0,200.0,0.2,0.913,0.0,0.0,42.598,0.0,0.0,42.598,0.591,1.0,0.591,minimize_generator,full_grid,False,488.666,0.0,5000,inf
2020-12-02,657.995,526.389,1184.384,570.789,73.52,644.309,644.309,0.0,0.0,0.0,540.075,0.0,0.0,0.0,0.0,0.0,200.0,0.2,0.913,0.0,0.0,47.521,0.0,0.0,47.521,0.544,1.0,0.544,minimize_generator,full_grid,False,1028.741,0.0,5000,inf
2020-12-03,584.1,497.743,1081.843,591.812,22.52,614.332,614.332,0.0,0.0,0.0,467.511,0.0,0.0,0.0,0.0,0.0,200.0,0.2,0.913,0.0,0.0,41.038,0.0,0.0,41.038,0.568,1.0,0.568,minimize_generator,full_grid,False,1496.252,0.0,5000,inf
2020-12-04,657.995,540.894,1198.889,593.153,134.44,727.593,727.593,0.0,0.0,0.0,471.296,0.0,0.0,0.0,0.0,0.0,200.0,0.2,0.913,0.0,0.0,41.427,0.0,0.0,41.427,0.607,1.0,0.607,minimize_generator,full_grid,False,1967.548,0.0,5000,inf
2020-12-05,571.935,319.986,891.921,547.045,230.08,777.125,777.125,0.0,0.0,0.0,114.796,0.0,0.0,0.0,0.0,0.0,200.0,0.2,0.913,0.0,0.0,10.232,0.0,0.0,10.232,0.871,1.0,0.871,minimize_generator,full_grid,False,2082.343,0.0,5000,inf
2020-12-06,586.315,295.012,881.327,585.605,121.6,707.205,707.205,0.0,0.0,0.0,174.122,0.0,0.0,0.0,0.0,0.0,200.0,0.2,0.913,0.0,0.0,15.575,0.0,0.0,15.575,0.802,1.0,0.802,minimize_generator,full_grid,False,2256.465,0.0,5000,inf
2020-12-07,586.525,268.281,854.806,413.864,82.52,496.384,496.384,0.0,0.0,0.0,358.422,0.0,0.0,0.0,0.0,0.0,200.0,0.2,0.913,0.0,0.0,32.16,0.0,0.0,32.16,0.581,1.0,0.581,minimize_generator,full_grid,False,2614.887,0.0,5000,inf
2020-12-08,657.435,280.442,937.877,455.991,44.52,500.511,500.511,0.0,0.0,0.0,437.366,0.0,0.0,0.0,0.0,0.0,200.0,0.2,0.913,0.0,0.0,39.329,0.0,0.0,39.329,0.534,1.0,0.534,minimize_generator,full_grid,False,3052.253,0.0,5000,inf
2020-12-09,588.18,345.647,933.827,556.771,245.24,802.011,802.011,0.0,0.0,0.0,131.816,0.0,0.0,0.0,0.0,0.0,200.0,0.2,0.913,0.0,0.0,11.729,0.0,0.0,11.729,0.859,1.0,0.859,minimize_generator,full_grid,False,3184.069,0.0,5000,inf
2020-12-10,582.585,305.327,887.912,574.824,163.16,737.984,737.984,0.0,0.0,0.0,149.928,0.0,0.0,0.0,0.0,0.0,200.0,0.2,0.913,0.0,0.0,13.393,0.0,0.0,13.393,0.831,1.0,0.831,minimize_generator,full_grid,False,3333.998,0.0,5000,inf
2020-12-11,584.1,260.637,844.737,536.48,6.6,543.08,543.08,0.0,0.0,0.0,301.657,0.0,0.0,0.0,0.0,0.0,200.0,0.2,0.913,0.0,0.0,27.088,0.0,0.0,27.088,0.643,1.0,0.643,minimize_generator,full_grid,False,3635.655,0.0,5000,inf
2020-12-12,588.18,297.172,885.352,403.999,147.72,551.719,551.719,0.0,0.0,0.0,333.633,0.0,0.0,0.0,0.0,0.0,200.0,0.2,0.913,0.0,0.0,29.839,0.0,0.0,29.839,0.623,1.0,0.623,minimize_generator,full_grid,False,3969.288,0.0,5000,inf
2020-12-13,587.085,391.181,978.266,544.888,225.32,770.208,770.208,0.0,0.0,0.0,208.058,0.0,0.0,0.0,0.0,0.0,200.0,0.2,0.913,0.0,0.0,18.43,0.0,0.0,18.43,0.787,1.0,0.787,minimize_generator,full_grid,False,4177.346,0.0,5000,inf
2020-12-14,585.02,426.444,1011.464,524.533,268.72,793.253,793.253,0.0,0.0,0.0,218.211,0.0,0.0,0.0,0.0,0.0,200.0,0.2,0.913,0.0,0.0,19.266,0.0,0.0,19.266,0.784,1.0,0.784,minimize_generator,full_grid,False,4395.556,0.0,5000,inf
2020-12-15,585.22,309.802,895.022,527.962,349.52,877.482,877.482,0.0,0.0,0.0,17.54,0.0,0.0,0.0,0.0,0.0,200.0,0.2,0.913,0.0,0.0,1.566,0.0,0.0,1.566,0.98,1.0,0.98,minimize_generator,full_grid,False,4413.096,0.0,5000,inf
2020-12-16,589.485,295.282,884.767,516.861,276.16,793.021,793.021,0.0,0.0,0.0,91.746,0.0,0.0,0.0,0.0,0.0,200.0,0.2,0.913,0.0,0.0,8.208,0.0,0.0,8.208,0.896,1.0,0.896,minimize_generator,full_grid,False,4504.842,0.0,5000,inf
2020-12-17,584.835,306.506,891.341,561.569,216.76,778.329,778.329,0.0,0.0,0.0,113.012,0.0,0.0,0.0,0.0,0.0,200.0,0.2,0.913,0.0,0.0,10.095,0.0,0.0,10.095,0.873,1.0,0.873,minimize_generator,full_grid,False,4617.854,0.0,5000,inf
2020-12-18,586.14,297.519,883.659,569.962,82.52,652.482,652.482,0.0,0.0,0.0,231.177,0.0,0.0,0.0,0.0,0.0,200.0,0.2,0.913,0.0,0.0,20.672,0.0,0.0,20.672,0.738,1.0,0.738,minimize_generator,full_grid,False,4849.031,0.0,5000,inf
2020-12-19,661.34,314.055,975.395,558.31,102.0,660.31,660.31,0.0,0.0,0.0,150.969,0.0,164.116,0.0,0.0,0.0,200.0,0.2,0.913,98.47,10.941,13.529,0.0,52.75,66.28,0.845,1.0,0.677,minimize_generator,full_grid,False,5000.0,0.0,5000,inf
2020-12-20,580.93,293.016,873.946,553.437,52.56,605.997,605.997,0.0,0.0,0.0,0.0,0.0,267.949,0.0,0.0,0.0,200.0,0.2,0.913,160.769,17.863,0.0,0.0,86.124,86.124,1.0,1.0,0.693,minimize_generator,full_grid,False,5000.0,0.0,5000,inf
2020-12-21,572.095,288.681,860.776,551.415,41.04,592.455,592.455,0.0,0.0,0.0,0.0,0.0,268.321,0.0,0.0,0.0,200.0,0.2,0.913,160.993,17.888,0.0,0.0,86.244,86.244,1.0,1.0,0.688,minimize_generator,full_grid,False,5000.0,0.0,5000,inf
2020-12-22,588.95,270.859,859.809,418.421,179.88,598.301,598.301,0.0,0.0,0.0,0.0,0.0,261.508,0.0,0.0,0.0,200.0,0.2,0.913,156.905,17.434,0.0,0.0,84.054,84.054,1.0,1.0,0.696,minimize_generator,full_grid,False,5000.0,0.0,5000,inf
2020-12-23,583.355,298.23,881.585,472.69,231.0,703.69,703.69,0.0,0.0,0.0,0.0,0.0,177.895,0.0,0.0,0.0,200.0,0.2,0.913,106.737,11.86,0.0,0.0,57.179,57.179,1.0,1.0,0.798,minimize_generator,full_grid,False,5000.0,0.0,5000,inf
2020-12-24,584.66,32.543,617.203,521.571,286.28,807.851,617.203,190.648,190.648,0.0,0.0,0.0,0.0,0.0,0.0,0.0,381.116,0.381,0.954,0.0,0.0,0.0,0.0,0.0,0.0,1.0,1.0,1.0,minimize_generator,full_grid,False,5000.0,0.0,5000,inf
2020-12-25,582.795,20.944,603.739,367.005,68.88,435.885,435.885,0.0,0.0,167.854,0.0,0.0,0.0,0.0,0.0,0.0,204.427,0.204,0.954,0.0,0.0,0.0,0.0,0.0,0.0,1.0,1.0,0.987,minimize_generator,full_grid,False,5000.0,0.0,5000,inf
2020-12-26,584.66,22.203,606.863,328.972,11.52,340.492,340.492,0.0,0.0,4.206,0.0,0.0,262.165,0.0,0.0,0.0,200.0,0.2,0.954,157.299,17.478,0.0,0.0,84.265,84.265,1.0,1.0,0.568,minimize_generator,full_grid,False,5000.0,0.0,5000,inf
2020-12-27,658.17,23.214,681.384,517.661,22.88,540.541,540.541,0.0,0.0,0.0,0.0,0.0,140.843,0.0,0.0,0.0,200.0,0.2,0.954,84.506,9.39,0.0,0.0,45.27,45.27,1.0,1.0,0.793,minimize_generator,full_grid,False,5000.0,0.0,5000,inf
2020-12-28,588.39,24.173,612.563,491.143,17.48,508.623,508.623,0.0,0.0,0.0,0.0,0.0,103.94,0.0,0.0,0.0,200.0,0.2,0.954,62.364,6.929,0.0,0.0,33.408,33.408,1.0,1.0,0.83,minimize_generator,full_grid,False,5000.0,0.0,5000,inf
2020-12-29,588.39,24.565,612.955,561.087,66.96,628.047,612.955,15.092,15.092,0.0,0.0,0.0,0.0,0.0,0.0,0.0,214.337,0.214,0.957,0.0,0.0,0.0,0.0,0.0,0.0,1.0,1.0,1.0,minimize_generator,full_grid,False,5000.0,0.0,5000,inf
2020-12-30,572.255,23.751,596.006,549.684,172.44,722.124,596.006,126.118,126.118,0.0,0.0,0.0,0.0,0.0,0.0,0.0,334.15,0.334,0.973,0.0,0.0,0.0,0.0,0.0,0.0,1.0,1.0,1.0,minimize_generator,full_grid,False,5000.0,0.0,5000,inf
2020-12-31,580.72,23.184,603.904,514.15,112.44,626.59,603.904,22.686,22.686,0.0,0.0,0.0,0.0,0.0,0.0,0.0,355.701,0.356,0.974,0.0,0.0,0.0,0.0,0.0,0.0,1.0,1.0,1.0,minimize_generator,full_grid,False,5000.0,0.0,5000,inf
2021-01-01,570.315,22.552,592.867,551.995,129.24,681.235,592.867,88.368,88.368,0.0,0.0,0.0,0.0,0.0,0.0,0.0,439.651,0.44,0.979,0.0,0.0,0.0,0.0,0.0,0.0,1.0,1.0,1.0,minimize_generator,full_grid,False,0.0,0.0,5000,inf
2021-01-02,580.545,22.77,603.315,557.265,89.04,646.305,603.315,42.99,42.99,0.0,0.0,0.0,0.0,0.0,0.0,0.0,480.492,0.48,0.981,0.0,0.0,0.0,0.0,0.0,0.0,1.0,1.0,1.0,minimize_generator,full_grid,False,0.0,0.0,5000,inf
2021-01-03,587.085,24.207,611.292,569.062,51.44,620.502,611.292,9.21,9.21,0.0,0.0,0.0,0.0,0.0,0.0,0.0,489.241,0.489,0.981,0.0,0.0,0.0,0.0,0.0,0.0,1.0,1.0,1.0,minimize_generator,full_grid,False,0.0,0.0,5000,inf
2021-01-04,585.395,26.014,611.409,574.605,69.52,644.125,611.409,32.716,32.716,0.0,0.0,0.0,0.0,0.0,0.0,0.0,520.321,0.52,0.982,0.0,0.0,0.0,0.0,0.0,0.0,1.0,1.0,1.0,minimize_generator,full_grid,False,0.0,0.0,5000,inf
2021-01-05,582.585,26.047,608.632,567.758,68.88,636.638,608.632,28.006,28.006,0.0,0.0,0.0,0.0,0.0,0.0,0.0,546.927,0.547,0.983,0.0,0.0,0.0,0.0,0.0,0.0,1.0,1.0,1.0,minimize_generator,full_grid,False,0.0,0.0,5000,inf
2021-01-06,583.355,26.532,609.887,566.478,49.8,616.278,609.887,6.391,6.391,0.0,0.0,0.0,0.0,0.0,0.0,0.0,552.998,0.553,0.983,0.0,0.0,0.0,0.0,0.0,0.0,1.0,1.0,1.0,minimize_generator,full_grid,False,0.0,0.0,5000,inf
2021-01-07,580.72,26.577,607.297,563.176,90.52,653.696,607.297,46.399,46.399,0.0,0.0,0.0,0.0,0.0,0.0,0.0,597.077,0.597,0.985,0.0,0.0,0.0,0.0,0.0,0.0,1.0,1.0,1.0,minimize_generator,full_grid,False,0.0,0.0,5000,inf
2021-01-08,584.1,26.254,610.354,567.0,37.72,604.72,604.72,0.0,0.0,5.634,0.0,0.0,0.0,0.0,0.0,0.0,591.147,0.591,0.985,0.0,0.0,0.0,0.0,0.0,0.0,1.0,1.0,1.0,minimize_generator,full_grid,False,0.0,0.0,5000,inf
2021-01-09,586.14,26.218,612.358,545.36,98.12,643.48,612.358,31.122,31.122,0.0,0.0,0.0,0.0,0.0,0.0,0.0,620.713,0.621,0.985,0.0,0.0,0.0,0.0,0.0,0.0,1.0,1.0,1.0,minimize_generator,full_grid,False,0.0,0.0,5000,inf
2021-01-10,571.505,20.756,592.261,550.315,112.44,662.755,592.261,70.494,70.494,0.0,0.0,0.0,0.0,0.0,0.0,0.0,687.682,0.688,0.987,0.0,0.0,0.0,0.0,0.0,0.0,1.0,1.0,1.0,minimize_generator,full_grid,False,0.0,0.0,5000,inf
2021-01-11,584.275,18.37,602.645,554.483,17.48,571.963,571.963,0.0,0.0,30.682,0.0,0.0,0.0,0.0,0.0,0.0,655.385,0.655,0.987,0.0,0.0,0.0,0.0,0.0,0.0,1.0,1.0,0.999,minimize_generator,full_grid,False,0.0,0.0,5000,inf
2021-01-12,586.7,17.498,604.198,560.45,172.44,732.89,604.198,128.692,128.692,0.0,0.0,0.0,0.0,0.0,0.0,0.0,777.642,0.778,0.989,0.0,0.0,0.0,0.0,0.0,0.0,1.0,1.0,1.0,minimize_generator,full_grid,False,0.0,0.0,5000,inf
2021-01-13,581.665,15.319,596.984,309.534,95.04,404.574,404.574,0.0,0.0,192.41,0.0,0.0,0.0,0.0,0.0,0.0,575.105,0.575,0.989,0.0,0.0,0.0,0.0,0.0,0.0,1.0,1.0,0.996,minimize_generator,full_grid,False,0.0,0.0,5000,inf
2021-01-14,585.755,5.906,591.661,529.271,417.28,946.551,591.661,354.89,236.732,0.0,0.0,118.159,0.0,0.0,0.0,0.0,800.0,0.8,0.992,0.0,0.0,0.0,0.0,0.0,0.0,1.0,0.875,1.0,minimize_generator,full_grid,False,0.0,118.159,5000,inf
2021-01-15,660.42,7.821,668.241,616.669,84.68,701.349,668.241,33.108,0.0,0.0,0.0,33.108,0.0,0.0,0.0,0.0,800.0,0.8,0.992,0.0,0.0,0.0,0.0,0.0,0.0,1.0,0.953,1.0,minimize_generator,full_grid,False,0.0,151.267,5000,inf
2021-01-16,582.795,9.391,592.186,619.163,277.08,896.243,592.186,304.057,0.0,0.0,0.0,304.057,0.0,0.0,0.0,0.0,800.0,0.8,0.992,0.0,0.0,0.0,0.0,0.0,0.0,1.0,0.661,1.0,minimize_generator,full_grid,False,0.0,455.323,5000,inf
2021-01-17,584.66,9.919,594.579,555.636,295.4,851.036,594.579,256.457,0.0,0.0,0.0,256.457,0.0,0.0,0.0,0.0,800.0,0.8,0.992,0.0,0.0,0.0,0.0,0.0,0.0,1.0,0.699,1.0,minimize_generator,full_grid,False,0.0,711.781,5000,inf
2021-01-18,572.425,9.229,581.654,588.256,295.4,883.656,581.654,302.002,0.0,0.0,0.0,302.002,0.0,0.0,0.0,0.0,800.0,0.8,0.992,0.0,0.0,0.0,0.0,0.0,0.0,1.0,0.658,1.0,minimize_generator,full_grid,False,0.0,1013.783,5000,inf
2021-01-19,583.89,10.13,594.02,619.467,394.8,1014.267,594.02,420.247,0.0,0.0,0.0,420.247,0.0,0.0,0.0,0.0,800.0,0.8,0.992,0.0,0.0,0.0,0.0,0.0,0.0,1.0,0.586,1.0,minimize_generator,full_grid,False,0.0,1434.029,5000,inf
2021-01-20,584.835,10.13,594.965,561.207,493.04,1054.247,594.965,459.282,0.0,0.0,0.0,459.282,0.0,0.0,0.0,0.0,800.0,0.8,0.992,0.0,0.0,0.0,0.0,0.0,0.0,1.0,0.564,1.0,minimize_generator,full_grid,False,0.0,1893.311,5000,inf
2021-01-21,583.89,9.807,593.697,617.785,117.4,735.185,593.697,141.488,0.0,0.0,0.0,141.488,0.0,0.0,0.0,0.0,800.0,0.8,0.992,0.0,0.0,0.0,0.0,0.0,0.0,1.0,0.808,1.0,minimize_generator,full_grid,False,0.0,2034.799,5000,inf
2021-01-22,572.155,9.185,581.34,679.438,86.12,765.558,581.34,184.218,0.0,0.0,0.0,184.218,0.0,0.0,0.0,0.0,800.0,0.8,0.992,0.0,0.0,0.0,0.0,0.0,0.0,1.0,0.759,1.0,minimize_generator,full_grid,False,0.0,2219.017,5000,inf
2021-01-23,584.1,8.219,592.319,643.917,32.0,675.917,592.319,83.598,0.0,0.0,0.0,83.598,0.0,0.0,0.0,0.0,800.0,0.8,0.992,0.0,0.0,0.0,0.0,0.0,0.0,1.0,0.876,1.0,minimize_generator,full_grid,False,0.0,2302.615,5000,inf
2021-01-24,588.75,10.38,599.13,673.732,256.56,930.292,599.13,331.162,0.0,0.0,0.0,331.162,0.0,0.0,0.0,0.0,800.0,0.8,0.992,0.0,0.0,0.0,0.0,0.0,0.0,1.0,0.644,1.0,minimize_generator,full_grid,False,0.0,2633.777,5000,inf
2021-01-25,585.02,9.634,594.654,672.349,168.72,841.069,594.654,246.415,0.0,0.0,0.0,246.415,0.0,0.0,0.0,0.0,800.0,0.8,0.992,0.0,0.0,0.0,0.0,0.0,0.0,1.0,0.707,1.0,minimize_generator,full_grid,False,0.0,2880.192,5000,inf
2021-01-26,587.085,8.316,595.401,626.96,16.92,643.88,595.401,48.479,0.0,0.0,0.0,48.479,0.0,0.0,0.0,0.0,800.0,0.8,0.992,0.0,0.0,0.0,0.0,0.0,0.0,1.0,0.925,1.0,minimize_generator,full_grid,False,0.0,2928.671,5000,inf
2021-01-27,582.585,8.689,591.274,558.062,32.84,590.902,590.902,0.0,0.0,0.372,0.0,0.0,0.0,0.0,0.0,0.0,799.608,0.8,0.992,0.0,0.0,0.0,0.0,0.0,0.0,1.0,1.0,1.0,minimize_generator,full_grid,False,0.0,2928.671,5000,inf
2021-01-28,586.315,10.054,596.369,657.378,373.96,1031.338,596.369,434.969,0.413,0.0,0.0,434.557,0.0,0.0,0.0,0.0,800.0,0.8,0.992,0.0,0.0,0.0,0.0,0.0,0.0,1.0,0.579,1.0,minimize_generator,full_grid,False,0.0,3363.227,5000,inf
2021-01-29,584.66,9.137,593.797,604.129,425.6,1029.729,593.797,435.932,0.0,0.0,0.0,435.932,0.0,0.0,0.0,0.0,800.0,0.8,0.992,0.0,0.0,0.0,0.0,0.0,0.0,1.0,0.577,1.0,minimize_generator,full_grid,False,0.0,3799.159,5000,inf
2021-01-30,572.365,8.193,580.558,696.162,61.32,757.482,580.558,176.924,0.0,0.0,0.0,176.924,0.0,0.0,0.0,0.0,800.0,0.8,0.992,0.0,0.0,0.0,0.0,0.0,0.0,1.0,0.766,1.0,minimize_generator,full_grid,False,0.0,3976.083,5000,inf
2021-01-31,585.02,11.393,596.413,673.08,146.84,819.92,596.413,223.507,0.0,0.0,0.0,223.507,0.0,0.0,0.0,0.0,800.0,0.8,0.992,0.0,0.0,0.0,0.0,0.0,0.0,1.0,0.727,1.0,minimize_generator,full_grid,False,0.0,4199.59,5000,inf
2021-02-01,572.365,9.102,581.467,686.279,5.52,691.799,581.467,110.332,0.0,0.0,0.0,110.332,0.0,0.0,0.0,0.0,800.0,0.8,0.992,0.0,0.0,0.0,0.0,0.0,0.0,1.0,0.841,1.0,minimize_generator,full_grid,False,0.0,110.332,5000,inf
2021-02-02,581.665,9.473,591.138,615.658,43.52,659.178,591.138,68.04,0.0,0.0,0.0,68.04,0.0,0.0,0.0,0.0,800.0,0.8,0.992,0.0,0.0,0.0,0.0,0.0,0.0,1.0,0.897,1.0,minimize_generator,full_grid,False,0.0,178.372,5000,inf
2021-02-03,584.835,10.634,595.469,639.934,146.84,786.774,595.469,191.305,0.0,0.0,0.0,191.305,0.0,0.0,0.0,0.0,800.0,0.8,0.992,0.0,0.0,0.0,0.0,0.0,0.0,1.0,0.757,1.0,minimize_generator,full_grid,False,0.0,369.677,5000,inf
2021-02-04,585.395,11.204,596.599,627.071,384.88,1011.951,596.599,415.352,0.0,0.0,0.0,415.352,0.0,0.0,0.0,0.0,800.0,0.8,0.992,0.0,0.0,0.0,0.0,0.0,0.0,1.0,0.59,1.0,minimize_generator,full_grid,False,0.0,785.029,5000,inf
2021-02-05,572.255,10.404,582.659,272.545,510.04,782.585,582.659,199.926,0.0,0.0,0.0,199.926,0.0,0.0,0.0,0.0,800.0,0.8,0.992,0.0,0.0,0.0,0.0,0.0,0.0,1.0,0.745,1.0,minimize_generator,full_grid,False,0.0,984.955,5000,inf
2021-02-06,588.39,11.109,599.499,681.014,199.68,880.694,599.499,281.195,0.0,0.0,0.0,281.195,0.0,0.0,0.0,0.0,800.0,0.8,0.992,0.0,0.0,0.0,0.0,0.0,0.0,1.0,0.681,1.0,minimize_generator,full_grid,False,0.0,1266.151,5000,inf
2021-02-07,586.7,9.152,595.852,715.85,13.92,729.77,595.852,133.918,0.0,0.0,0.0,133.918,0.0,0.0,0.0,0.0,800.0,0.8,0.992,0.0,0.0,0.0,0.0,0.0,0.0,1.0,0.816,1.0,minimize_generator,full_grid,False,0.0,1400.069,5000,inf
2021-02-08,582.025,10.646,592.671,744.651,36.8,781.451,592.671,188.78,0.0,0.0,0.0,188.78,0.0,0.0,0.0,0.0,800.0,0.8,0.992,0.0,0.0,0.0,0.0,0.0,0.0,1.0,0.758,1.0,minimize_generator,full_grid,False,0.0,1588.849,5000,inf
2021-02-09,572.045,9.341,581.386,604.414,25.0,629.414,581.386,48.028,0.0,0.0,0.0,48.028,0.0,0.0,0.0,0.0,800.0,0.8,0.992,0.0,0.0,0.0,0.0,0.0,0.0,1.0,0.924,1.0,minimize_generator,full_grid,False,0.0,1636.877,5000,inf
2021-02-10,584.45,11.191,595.641,658.292,71.52,729.812,595.641,134.171,0.0,0.0,0.0,134.171,0.0,0.0,0.0,0.0,800.0,0.8,0.992,0.0,0.0,0.0,0.0,0.0,0.0,1.0,0.816,1.0,minimize_generator,full_grid,False,0.0,1771.049,5000,inf
2021-02-11,583.355,12.006,595.361,751.194,71.52,822.714,595.361,227.353,0.0,0.0,0.0,227.353,0.0,0.0,0.0,0.0,800.0,0.8,0.992,0.0,0.0,0.0,0.0,0.0,0.0,1.0,0.724,1.0,minimize_generator,full_grid,False,0.0,1998.401,5000,inf
2021-02-12,585.58,14.915,600.495,764.077,372.36,1136.437,600.495,535.942,0.0,0.0,0.0,535.942,0.0,0.0,0.0,0.0,800.0,0.8,0.992,0.0,0.0,0.0,0.0,0.0,0.0,1.0,0.528,1.0,minimize_generator,full_grid,False,0.0,2534.344,5000,inf
2021-02-13,584.1,12.222,596.322,786.947,86.84,873.787,596.322,277.465,0.0,0.0,0.0,277.465,0.0,0.0,0.0,0.0,800.0,0.8,0.992,0.0,0.0,0.0,0.0,0.0,0.0,1.0,0.682,1.0,minimize_generator,full_grid,False,0.0,2811.808,5000,inf
2021-02-14,571.775,11.673,583.448,777.078,57.72,834.798,583.448,251.35,0.0,0.0,0.0,251.35,0.0,0.0,0.0,0.0,800.0,0.8,0.992,0.0,0.0,0.0,0.0,0.0,0.0,1.0,0.699,1.0,minimize_generator,full_grid,False,0.0,3063.158,5000,inf
2021-02-15,584.275,489.791,1074.066,765.433,271.52,1036.953,1036.953,0.0,0.0,37.113,0.0,0.0,0.0,0.0,0.0,0.0,760.934,0.761,0.992,0.0,0.0,0.0,0.0,0.0,0.0,1.0,1.0,1.0,minimize_generator,full_grid,False,0.0,3063.158,5000,inf
2021-02-16,584.66,602.531,1187.191,596.783,458.12,1054.903,1054.903,0.0,0.0,132.288,0.0,0.0,0.0,0.0,0.0,0.0,621.683,0.622,0.992,0.0,0.0,0.0,0.0,0.0,0.0,1.0,1.0,0.999,minimize_generator,full_grid,False,0.0,3063.158,5000,inf
2021-02-17,588.39,381.098,969.488,708.33,555.64,1263.97,969.488,294.482,187.702,0.0,0.0,106.78,0.0,0.0,0.0,0.0,800.0,0.8,0.994,0.0,0.0,0.0,0.0,0.0,0.0,1.0,0.916,1.0,minimize_generator,full_grid,False,0.0,3169.938,5000,inf
2021-02-18,583.53,400.607,984.137,750.512,428.32,1178.832,984.137,194.695,0.0,0.0,0.0,194.695,0.0,0.0,0.0,0.0,800.0,0.8,0.994,0.0,0.0,0.0,0.0,0.0,0.0,1.0,0.835,1.0,minimize_generator,full_grid,False,0.0,3364.633,5000,inf
2021-02-19,659.475,450.92,1110.395,798.695,313.36,1112.055,1110.395,1.66,0.0,0.0,0.0,1.66,0.0,0.0,0.0,0.0,800.0,0.8,0.994,0.0,0.0,0.0,0.0,0.0,0.0,1.0,0.999,1.0,minimize_generator,full_grid,False,0.0,3366.293,5000,inf
2021-02-20,572.155,505.586,1077.741,826.762,300.84,1127.602,1077.741,49.861,0.0,0.0,0.0,49.861,0.0,0.0,0.0,0.0,800.0,0.8,0.994,0.0,0.0,0.0,0.0,0.0,0.0,1.0,0.956,1.0,minimize_generator,full_grid,False,0.0,3416.153,5000,inf
2021-02-21,658.555,476.899,1135.454,827.89,171.48,999.37,999.37,0.0,0.0,136.084,0.0,0.0,0.0,0.0,0.0,0.0,656.754,0.657,0.994,0.0,0.0,0.0,0.0,0.0,0.0,1.0,1.0,0.999,minimize_generator,full_grid,False,0.0,3416.153,5000,inf
2021-02-22,586.14,463.711,1049.851,814.078,226.28,1040.358,1040.358,0.0,0.0,9.493,0.0,0.0,0.0,0.0,0.0,0.0,646.762,0.647,0.994,0.0,0.0,0.0,0.0,0.0,0.0,1.0,1.0,1.0,minimize_generator,full_grid,False,0.0,3416.153,5000,inf
2021-02-23,657.25,464.161,1121.411,772.213,462.24,1234.453,1121.411,113.042,113.042,0.0,0.0,0.0,0.0,0.0,0.0,0.0,754.152,0.754,0.995,0.0,0.0,0.0,0.0,0.0,0.0,1.0,1.0,1.0,minimize_generator,full_grid,False,0.0,3416.153,5000,inf
2021-02-24,587.62,523.967,1111.587,646.224,440.16,1086.384,1086.384,0.0,0.0,25.203,0.0,0.0,0.0,0.0,0.0,0.0,727.622,0.728,0.995,0.0,0.0,0.0,0.0,0.0,0.0,1.0,1.0,1.0,minimize_generator,full_grid,False,0.0,3416.153,5000,inf
2021-02-25,658.555,463.257,1121.812,847.381,106.8,954.181,954.181,0.0,0.0,167.631,0.0,0.0,0.0,0.0,0.0,0.0,551.168,0.551,0.995,0.0,0.0,0.0,0.0,0.0,0.0,1.0,1.0,0.999,minimize_generator,full_grid,False,0.0,3416.153,5000,inf
2021-02-26,586.315,504.275,1090.59,845.74,106.8,952.54,952.54,0.0,0.0,138.05,0.0,0.0,0.0,0.0,0.0,0.0,405.852,0.406,0.995,0.0,0.0,0.0,0.0,0.0,0.0,1.0,1.0,0.999,minimize_generator,full_grid,False,0.0,3416.153,5000,inf
2021-02-27,583.89,487.188,1071.078,823.865,275.2,1099.065,1071.078,27.987,27.987,0.0,0.0,0.0,0.0,0.0,0.0,0.0,432.44,0.432,0.995,0.0,0.0,0.0,0.0,0.0,0.0,1.0,1.0,1.0,minimize_generator,full_grid,False,0.0,3416.153,5000,inf
2021-02-28,660.42,560.857,1221.277,769.06,402.2,1171.26,1171.26,0.0,0.0,50.017,0.0,0.0,0.0,0.0,0.0,0.0,379.79,0.38,0.995,0.0,0.0,0.0,0.0,0.0,0.0,1.0,1.0,1.0,minimize_generator,full_grid,False,0.0,3416.153,5000,inf
2021-03-01,588.005,493.953,1081.958,868.635,253.72,1122.355,1081.958,40.397,40.397,0.0,0.0,0.0,0.0,0.0,0.0,0.0,418.167,0.418,0.995,0.0,0.0,0.0,0.0,0.0,0.0,1.0,1.0,1.0,minimize_generator,full_grid,False,0.0,0.0,5000,inf
2021-03-02,589.485,517.684,1107.169,875.622,319.52,1195.142,1107.169,87.973,87.973,0.0,0.0,0.0,0.0,0.0,0.0,0.0,501.741,0.502,0.996,0.0,0.0,0.0,0.0,0.0,0.0,1.0,1.0,1.0,minimize_generator,full_grid,False,0.0,0.0,5000,inf
2021-03-03,660.245,535.181,1195.426,896.719,512.08,1408.799,1195.426,213.373,213.373,0.0,0.0,0.0,0.0,0.0,0.0,0.0,704.445,0.704,0.997,0.0,0.0,0.0,0.0,0.0,0.0,1.0,1.0,1.0,minimize_generator,full_grid,False,0.0,0.0,5000,inf
2021-03-04,585.22,481.486,1066.706,902.891,467.4,1370.291,1066.706,303.585,100.584,0.0,0.0,203.001,0.0,0.0,0.0,0.0,800.0,0.8,0.998,0.0,0.0,0.0,0.0,0.0,0.0,1.0,0.852,1.0,minimize_generator,full_grid,False,0.0,203.001,5000,inf
2021-03-05,658.38,539.272,1197.652,920.286,119.08,1039.366,1039.366,0.0,0.0,158.286,0.0,0.0,0.0,0.0,0.0,0.0,633.384,0.633,0.998,0.0,0.0,0.0,0.0,0.0,0.0,1.0,1.0,1.0,minimize_generator,full_grid,False,0.0,203.001,5000,inf
2021-03-06,587.445,590.735,1178.18,923.318,105.2,1028.518,1028.518,0.0,0.0,149.662,0.0,0.0,0.0,0.0,0.0,0.0,475.845,0.476,0.998,0.0,0.0,0.0,0.0,0.0,0.0,1.0,1.0,1.0,minimize_generator,full_grid,False,0.0,203.001,5000,inf
2021-03-07,589.31,638.347,1227.657,915.739,340.28,1256.019,1227.657,28.362,28.362,0.0,0.0,0.0,0.0,0.0,0.0,0.0,502.789,0.503,0.998,0.0,0.0,0.0,0.0,0.0,0.0,1.0,1.0,1.0,minimize_generator,full_grid,False,0.0,203.001,5000,inf
2021-03-08,657.25,634.425,1291.675,923.328,416.6,1339.928,1291.675,48.253,48.253,0.0,0.0,0.0,0.0,0.0,0.0,0.0,548.63,0.549,0.998,0.0,0.0,0.0,0.0,0.0,0.0,1.0,1.0,1.0,minimize_generator,full_grid,False,0.0,203.001,5000,inf
2021-03-09,584.835,583.895,1168.73,894.171,6.6,900.771,900.771,0.0,0.0,267.959,0.0,0.0,0.0,0.0,0.0,0.0,266.568,0.267,0.998,0.0,0.0,0.0,0.0,0.0,0.0,1.0,1.0,1.0,minimize_generator,full_grid,False,0.0,203.001,5000,inf
2021-03-10,587.62,594.374,1181.994,857.41,8.2,865.61,865.61,0.0,0.0,63.239,253.144,0.0,0.0,0.0,0.0,0.0,200.0,0.2,0.998,0.0,0.0,23.203,0.0,0.0,23.203,0.786,1.0,0.786,minimize_generator,full_grid,False,253.144,203.001,5000,inf
2021-03-11,663.07,664.395,1327.465,882.912,142.4,1025.312,1025.312,0.0,0.0,0.0,302.153,0.0,0.0,0.0,0.0,0.0,200.0,0.2,0.998,0.0,0.0,27.705,0.0,0.0,27.705,0.772,1.0,0.772,minimize_generator,full_grid,False,555.297,203.001,5000,inf
2021-03-12,661.165,638.152,1299.317,835.511,540.72,1376.231,1299.317,76.914,76.914,0.0,0.0,0.0,0.0,0.0,0.0,0.0,273.068,0.273,0.998,0.0,0.0,0.0,0.0,0.0,0.0,1.0,1.0,1.0,minimize_generator,full_grid,False,555.297,203.001,5000,inf
2021-03-13,657.995,607.561,1265.556,950.093,242.4,1192.493,1192.493,0.0,0.0,69.415,3.648,0.0,0.0,0.0,0.0,0.0,200.0,0.2,0.998,0.0,0.0,0.336,0.0,0.0,0.336,0.997,1.0,0.997,minimize_generator,full_grid,False,558.946,203.001,5000,inf
2021-03-14,659.3,629.103,1288.403,811.414,182.68,994.094,994.094,0.0,0.0,0.0,294.309,0.0,0.0,0.0,0.0,0.0,200.0,0.2,0.998,0.0,0.0,27.036,0.0,0.0,27.036,0.772,1.0,0.772,minimize_generator,full_grid,False,853.255,203.001,5000,inf
2021-03-15,657.61,640.729,1298.339,770.936,149.52,920.456,920.456,0.0,0.0,0.0,377.883,0.0,0.0,0.0,0.0,0.0,200.0,0.2,0.998,0.0,0.0,34.686,0.0,0.0,34.686,0.709,1.0,0.709,minimize_generator,full_grid,False,1231.138,203.001,5000,inf
2021-03-16,664.55,622.66,1287.21,878.729,317.76,1196.489,1196.489,0.0,0.0,0.0,90.721,0.0,0.0,0.0,0.0,0.0,200.0,0.2,0.998,0.0,0.0,8.34,0.0,0.0,8.34,0.93,1.0,0.93,minimize_generator,full_grid,False,1321.859,203.001,5000,inf
2021-03-17,658.555,632.536,1291.091,925.731,392.52,1318.251,1291.091,27.16,27.16,0.0,0.0,0.0,0.0,0.0,0.0,0.0,225.802,0.226,0.999,0.0,0.0,0.0,0.0,0.0,0.0,1.0,1.0,1.0,minimize_generator,full_grid,False,1321.859,203.001,5000,inf
2021-03-18,660.42,668.464,1328.884,893.742,376.32,1270.062,1270.062,0.0,0.0,24.512,34.31,0.0,0.0,0.0,0.0,0.0,200.0,0.2,0.999,0.0,0.0,3.145,0.0,0.0,3.145,0.974,1.0,0.974,minimize_generator,full_grid,False,1356.169,203.001,5000,inf
2021-03-19,664.55,629.178,1293.728,933.277,297.2,1230.477,1230.477,0.0,0.0,0.0,63.251,0.0,0.0,0.0,0.0,0.0,200.0,0.2,0.999,0.0,0.0,5.812,0.0,0.0,5.812,0.951,1.0,0.951,minimize_generator,full_grid,False,1419.42,203.001,5000,inf
2021-03-20,657.25,641.363,1298.613,904.629,5.24,909.869,909.869,0.0,0.0,0.0,388.744,0.0,0.0,0.0,0.0,0.0,200.0,0.2,0.999,0.0,0.0,35.681,0.0,0.0,35.681,0.701,1.0,0.701,minimize_generator,full_grid,False,1808.164,203.001,5000,inf
2021-03-21,729.625,673.586,1403.211,799.426,13.4,812.826,812.826,0.0,0.0,0.0,590.385,0.0,0.0,0.0,0.0,0.0,200.0,0.2,0.999,0.0,0.0,54.303,0.0,0.0,54.303,0.579,1.0,0.579,minimize_generator,full_grid,False,2398.549,203.001,5000,inf
2021-03-22,588.18,763.349,1351.529,813.867,168.72,982.587,982.587,0.0,0.0,0.0,368.942,0.0,0.0,0.0,0.0,0.0,200.0,0.2,0.999,0.0,0.0,33.497,0.0,0.0,33.497,0.727,1.0,0.727,minimize_generator,full_grid,False,2767.491,203.001,5000,inf
2021-03-23,730.57,773.211,1503.781,853.653,357.8,1211.453,1211.453,0.0,0.0,0.0,292.328,0.0,0.0,0.0,0.0,0.0,200.0,0.2,0.999,0.0,0.0,26.748,0.0,0.0,26.748,0.806,1.0,0.806,minimize_generator,full_grid,False,3059.819,203.001,5000,inf
2021-03-24,659.86,675.036,1334.896,845.705,534.84,1380.545,1334.896,45.649,45.649,0.0,0.0,0.0,0.0,0.0,0.0,0.0,243.367,0.243,0.999,0.0,0.0,0.0,0.0,0.0,0.0,1.0,1.0,1.0,minimize_generator,full_grid,False,3059.819,203.001,5000,inf
2021-03-25,660.805,661.936,1322.741,988.131,422.16,1410.291,1322.741,87.55,87.55,0.0,0.0,0.0,0.0,0.0,0.0,0.0,326.539,0.327,0.999,0.0,0.0,0.0,0.0,0.0,0.0,1.0,1.0,1.0,minimize_generator,full_grid,False,3059.819,203.001,5000,inf
2021-03-26,588.005,653.031,1241.036,1001.861,517.24,1519.101,1241.036,278.065,278.065,0.0,0.0,0.0,0.0,0.0,0.0,0.0,590.701,0.591,1.0,0.0,0.0,0.0,0.0,0.0,0.0,1.0,1.0,1.0,minimize_generator,full_grid,False,3059.819,203.001,5000,inf
2021-03-27,660.42,853.533,1513.953,1035.025,312.48,1347.505,1347.505,0.0,0.0,166.448,0.0,0.0,0.0,0.0,0.0,0.0,415.492,0.415,1.0,0.0,0.0,0.0,0.0,0.0,0.0,1.0,1.0,1.0,minimize_generator,full_grid,False,3059.819,203.001,5000,inf
2021-03-28,658.555,892.791,1551.346,1017.002,352.88,1369.882,1369.882,0.0,0.0,181.464,0.0,0.0,0.0,0.0,0.0,0.0,224.478,0.224,1.0,0.0,0.0,0.0,0.0,0.0,0.0,1.0,1.0,1.0,minimize_generator,full_grid,False,3059.819,203.001,5000,inf
2021-03-29,660.595,819.928,1480.523,999.71,264.04,1263.75,1263.75,0.0,0.0,23.254,193.519,0.0,0.0,0.0,0.0,0.0,200.0,0.2,1.0,0.0,0.0,17.6,0.0,0.0,17.6,0.869,1.0,0.869,minimize_generator,full_grid,False,3253.338,203.001,5000,inf
2021-03-30,663.07,628.835,1291.905,992.59,469.12,1461.71,1291.905,169.805,169.805,0.0,0.0,0.0,0.0,0.0,0.0,0.0,361.314,0.361,1.0,0.0,0.0,0.0,0.0,0.0,0.0,1.0,1.0,1.0,minimize_generator,full_grid,False,3253.338,203.001,5000,inf
2021-03-31,730.37,365.878,1096.248,1047.856,421.48,1469.336,1096.248,373.088,373.088,0.0,0.0,0.0,0.0,0.0,0.0,0.0,715.748,0.716,1.0,0.0,0.0,0.0,0.0,0.0,0.0,1.0,1.0,1.0,minimize_generator,full_grid,False,3253.338,203.001,5000,inf
2021-04-01,664.935,828.266,1493.201,1012.687,317.76,1330.447,1330.447,0.0,0.0,162.754,0.0,0.0,0.0,0.0,0.0,0.0,544.428,0.544,1.0,0.0,0.0,0.0,0.0,0.0,0.0,1.0,1.0,1.0,minimize_generator,full_grid,False,0.0,0.0,5000,inf
2021-04-02,665.67,824.197,1489.867,1049.573,426.96,1476.533,1476.533,0.0,0.0,13.334,0.0,0.0,0.0,0.0,0.0,0.0,530.392,0.53,1.0,0.0,0.0,0.0,0.0,0.0,0.0,1.0,1.0,1.0,minimize_generator,full_grid,False,0.0,0.0,5000,inf
2021-04-03,660.245,929.493,1589.738,1095.649,328.24,1423.889,1423.889,0.0,0.0,165.849,0.0,0.0,0.0,0.0,0.0,0.0,355.814,0.356,1.0,0.0,0.0,0.0,0.0,0.0,0.0,1.0,1.0,1.0,minimize_generator,full_grid,False,0.0,0.0,5000,inf
2021-04-04,661.34,1049.681,1711.021,1076.719,222.48,1299.199,1299.199,0.0,0.0,148.023,263.799,0.0,0.0,0.0,0.0,0.0,200.0,0.2,1.0,0.0,0.0,24.782,0.0,0.0,24.782,0.846,1.0,0.846,minimize_generator,full_grid,False,263.799,0.0,5000,inf
2021-04-05,735.045,1137.144,1872.189,1046.661,66.32,1112.981,1112.981,0.0,0.0,0.0,759.208,0.0,0.0,0.0,0.0,0.0,200.0,0.2,1.0,0.0,0.0,71.39,0.0,0.0,71.39,0.594,1.0,0.594,minimize_generator,full_grid,False,1023.006,0.0,5000,inf
2021-04-06,662.86,961.529,1624.389,950.686,7.48,958.166,958.166,0.0,0.0,0.0,666.223,0.0,0.0,0.0,0.0,0.0,200.0,0.2,1.0,0.0,0.0,62.797,0.0,0.0,62.797,0.59,1.0,0.59,minimize_generator,full_grid,False,1689.229,0.0,5000,inf
2021-04-07,735.22,1060.233,1795.453,1016.431,36.36,1052.791,1052.791,0.0,0.0,0.0,742.662,0.0,0.0,0.0,0.0,0.0,200.0,0.2,1.0,0.0,0.0,70.017,0.0,0.0,70.017,0.586,1.0,0.586,minimize_generator,full_grid,False,2431.891,0.0,5000,inf
2021-04-08,665.47,1090.606,1756.076,1044.95,273.36,1318.31,1318.31,0.0,0.0,0.0,437.766,0.0,0.0,0.0,0.0,0.0,200.0,0.2,1.0,0.0,0.0,41.077,0.0,0.0,41.077,0.751,1.0,0.751,minimize_generator,full_grid,False,2869.657,0.0,5000,inf
2021-04-09,729.625,1010.901,1740.526,1050.8,543.28,1594.08,1594.08,0.0,0.0,0.0,146.446,0.0,0.0,0.0,0.0,0.0,200.0,0.2,1.0,0.0,0.0,13.828,0.0,0.0,13.828,0.916,1.0,0.916,minimize_generator,full_grid,False,3016.103,0.0,5000,inf
2021-04-10,733.925,844.045,1577.97,1109.801,548.52,1658.321,1577.97,80.351,80.351,0.0,0.0,0.0,0.0,0.0,0.0,0.0,276.333,0.276,1.0,0.0,0.0,0.0,0.0,0.0,0.0,1.0,1.0,1.0,minimize_generator,full_grid,False,3016.103,0.0,5000,inf
2021-04-11,735.045,906.856,1641.901,1135.321,477.88,1613.201,1613.201,0.0,0.0,28.7,0.0,0.0,0.0,0.0,0.0,0.0,246.122,0.246,1.0,0.0,0.0,0.0,0.0,0.0,0.0,1.0,1.0,1.0,minimize_generator,full_grid,False,3016.103,0.0,5000,inf
2021-04-12,730.195,857.277,1587.472,1107.495,442.72,1550.215,1550.215,0.0,0.0,37.257,0.0,0.0,0.0,0.0,0.0,0.0,206.904,0.207,1.0,0.0,0.0,0.0,0.0,0.0,0.0,1.0,1.0,1.0,minimize_generator,full_grid,False,3016.103,0.0,5000,inf
2021-04-13,729.45,817.215,1546.665,1122.055,188.32,1310.375,1310.375,0.0,0.0,6.559,229.731,0.0,0.0,0.0,0.0,0.0,200.0,0.2,1.0,0.0,0.0,21.867,0.0,0.0,21.867,0.851,1.0,0.851,minimize_generator,full_grid,False,3245.834,0.0,5000,inf
2021-04-14,731.14,835.2,1566.34,1090.12,202.52,1292.64,1292.64,0.0,0.0,0.0,273.7,0.0,0.0,0.0,0.0,0.0,200.0,0.2,1.0,0.0,0.0,26.033,0.0,0.0,26.033,0.825,1.0,0.825,minimize_generator,full_grid,False,3519.535,0.0,5000,inf
2021-04-15,732.795,844.982,1577.777,1078.383,174.28,1252.663,1252.663,0.0,0.0,0.0,325.114,0.0,0.0,0.0,0.0,0.0,200.0,0.2,1.0,0.0,0.0,30.912,0.0,0.0,30.912,0.794,1.0,0.794,minimize_generator,full_grid,False,3844.649,0.0,5000,inf
2021-04-16,735.22,884.346,1619.566,1049.593,134.44,1184.033,1184.033,0.0,0.0,0.0,435.533,0.0,0.0,0.0,0.0,0.0,200.0,0.2,1.0,0.0,0.0,41.344,0.0,0.0,41.344,0.731,1.0,0.731,minimize_generator,full_grid,False,4280.182,0.0,5000,inf
2021-04-17,732.235,770.625,1502.86,1035.999,76.24,1112.239,1112.239,0.0,0.0,0.0,390.621,0.0,0.0,0.0,0.0,0.0,200.0,0.2,1.0,0.0,0.0,37.271,0.0,0.0,37.271,0.74,1.0,0.74,minimize_generator,full_grid,False,4670.803,0.0,5000,inf
2021-04-18,734.87,695.357,1430.227,990.055,17.48,1007.535,1007.535,0.0,0.0,0.0,329.197,0.0,93.495,0.0,0.0,0.0,200.0,0.2,1.0,56.097,6.233,31.538,0.0,29.417,60.955,0.77,1.0,0.704,minimize_generator,full_grid,False,5000.0,0.0,5000,inf
2021-04-19,809.905,627.289,1437.194,951.231,31.2,982.431,982.431,0.0,0.0,0.0,0.0,0.0,454.763,0.0,0.0,0.0,200.0,0.2,1.0,234.953,24.0,0.0,0.0,123.209,123.209,1.0,1.0,0.684,minimize_generator,full_grid,False,5000.0,0.0,5000,inf
2021-04-20,734.66,577.541,1312.201,944.085,20.88,964.965,964.965,0.0,0.0,0.0,0.0,0.0,347.236,0.0,0.0,0.0,200.0,0.2,1.0,208.341,23.149,0.0,0.0,109.254,109.254,1.0,1.0,0.735,minimize_generator,full_grid,False,5000.0,0.0,5000,inf
2021-04-21,734.66,531.809,1266.469,913.702,415.2,1328.902,1266.469,62.433,62.433,0.0,0.0,0.0,0.0,0.0,0.0,0.0,259.311,0.259,1.0,0.0,0.0,0.0,0.0,0.0,0.0,1.0,1.0,1.0,minimize_generator,full_grid,False,5000.0,0.0,5000,inf
2021-04-22,665.11,437.14,1102.25,968.835,397.04,1365.875,1102.25,263.625,263.625,0.0,0.0,0.0,0.0,0.0,0.0,0.0,509.754,0.51,1.0,0.0,0.0,0.0,0.0,0.0,0.0,1.0,1.0,1.0,minimize_generator,full_grid,False,5000.0,0.0,5000,inf
2021-04-23,660.98,354.101,1015.081,1041.192,388.72,1429.912,1015.081,414.831,305.522,0.0,0.0,109.309,0.0,0.0,0.0,0.0,800.0,0.8,1.0,0.0,0.0,0.0,0.0,0.0,0.0,1.0,0.924,1.0,minimize_generator,full_grid,False,5000.0,109.309,5000,inf
2021-04-24,735.99,274.36,1010.35,1064.418,326.52,1390.938,1010.35,380.588,0.0,0.0,0.0,380.588,0.0,0.0,0.0,0.0,800.0,0.8,1.0,0.0,0.0,0.0,0.0,0.0,0.0,1.0,0.726,1.0,minimize_generator,full_grid,False,5000.0,489.898,5000,inf
2021-04-25,734.485,210.156,944.641,1092.518,20.24,1112.758,944.641,168.117,0.0,0.0,0.0,168.117,0.0,0.0,0.0,0.0,800.0,0.8,1.0,0.0,0.0,0.0,0.0,0.0,0.0,1.0,0.849,1.0,minimize_generator,full_grid,False,5000.0,658.015,5000,inf
2021-04-26,733.18,151.266,884.446,1041.862,470.24,1512.102,884.446,627.656,0.0,0.0,0.0,627.656,0.0,0.0,0.0,0.0,800.0,0.8,1.0,0.0,0.0,0.0,0.0,0.0,0.0,1.0,0.585,1.0,minimize_generator,full_grid,False,5000.0,1285.672,5000,inf
2021-04-27,736.35,110.515,846.865,1159.641,326.52,1486.161,846.865,639.296,0.0,0.0,0.0,639.296,0.0,0.0,0.0,0.0,800.0,0.8,1.0,0.0,0.0,0.0,0.0,0.0,0.0,1.0,0.57,1.0,minimize_generator,full_grid,False,5000.0,1924.967,5000,inf
2021-04-28,735.605,79.832,815.437,1138.155,52.0,1190.155,815.437,374.718,0.0,0.0,0.0,374.718,0.0,0.0,0.0,0.0,800.0,0.8,1.0,0.0,0.0,0.0,0.0,0.0,0.0,1.0,0.685,1.0,minimize_generator,full_grid,False,5000.0,2299.685,5000,inf
2021-04-29,811.21,61.737,872.947,1109.841,57.12,1166.961,872.947,294.014,0.0,0.0,0.0,294.014,0.0,0.0,0.0,0.0,800.0,0.8,1.0,0.0,0.0,0.0,0.0,0.0,0.0,1.0,0.748,1.0,minimize_generator,full_grid,False,5000.0,2593.7,5000,inf
2021-04-30,736.735,55.1,791.835,1104.077,86.12,1190.197,791.835,398.362,0.0,0.0,0.0,398.362,0.0,0.0,0.0,0.0,800.0,0.8,1.0,0.0,0.0,0.0,0.0,0.0,0.0,1.0,0.665,1.0,minimize_generator,full_grid,False,5000.0,2992.062,5000,inf
2021-05-01,733.925,1485.778,2219.703,1095.928,216.76,1312.688,1312.688,0.0,0.0,570.0,337.015,0.0,0.0,0.0,0.0,0.0,200.0,0.2,1.0,0.0,0.0,31.599,0.0,0.0,31.599,0.848,1.0,0.848,minimize_generator,full_grid,False,337.015,0.0,5000,inf
2021-05-02,811.595,1421.027,2232.622,1078.601,139.72,1218.321,1218.321,0.0,0.0,0.0,1014.301,0.0,0.0,0.0,0.0,0.0,200.0,0.2,1.0,0.0,0.0,95.591,0.0,0.0,95.591,0.546,1.0,0.546,minimize_generator,full_grid,False,1351.316,0.0,5000,inf
2021-05-03,736.525,1452.32,2188.845,1054.453,182.68,1237.133,1237.133,0.0,0.0,0.0,951.712,0.0,0.0,0.0,0.0,0.0,200.0,0.2,1.0,0.0,0.0,89.315,0.0,0.0,89.315,0.565,1.0,0.565,minimize_generator,full_grid,False,2303.028,0.0,5000,inf
2021-05-04,810.475,1363.463,2173.938,1087.999,201.56,1289.559,1289.559,0.0,0.0,0.0,884.379,0.0,0.0,0.0,0.0,0.0,200.0,0.2,1.0,0.0,0.0,83.468,0.0,0.0,83.468,0.593,1.0,0.593,minimize_generator,full_grid,False,3187.408,0.0,5000,inf
2021-05-05,736.165,1207.829,1943.994,1007.146,141.48,1148.626,1148.626,0.0,0.0,0.0,795.368,0.0,0.0,0.0,0.0,0.0,200.0,0.2,1.0,0.0,0.0,75.136,0.0,0.0,75.136,0.591,1.0,0.591,minimize_generator,full_grid,False,3982.776,0.0,5000,inf
2021-05-06,735.79,1186.162,1921.952,1071.231,283.52,1354.751,1354.751,0.0,0.0,0.0,567.201,0.0,0.0,0.0,0.0,0.0,200.0,0.2,1.0,0.0,0.0,53.616,0.0,0.0,53.616,0.705,1.0,0.705,minimize_generator,full_grid,False,4549.977,0.0,5000,inf
2021-05-07,809.73,1186.378,1996.108,1052.234,242.4,1294.634,1294.634,0.0,0.0,0.0,450.023,0.0,251.451,0.0,0.0,0.0,200.0,0.2,1.0,150.871,16.763,42.691,0.0,82.888,125.579,0.775,1.0,0.649,minimize_generator,full_grid,False,5000.0,0.0,5000,inf
2021-05-08,809.905,1099.403,1909.308,1106.265,169.64,1275.905,1275.905,0.0,0.0,0.0,0.0,0.0,633.403,0.0,0.0,0.0,200.0,0.2,1.0,270.681,24.0,0.0,0.0,148.712,148.712,1.0,1.0,0.668,minimize_generator,full_grid,False,5000.0,0.0,5000,inf
2021-05-09,811.77,1010.419,1822.189,1076.114,50.32,1126.434,1126.434,0.0,0.0,0.0,0.0,0.0,695.755,0.0,0.0,0.0,200.0,0.2,1.0,283.151,24.0,0.0,0.0,155.563,155.563,1.0,1.0,0.618,minimize_generator,full_grid,False,5000.0,0.0,5000,inf
2021-05-10,738.39,905.766,1644.156,827.488,167.8,995.288,995.288,0.0,0.0,0.0,0.0,0.0,648.868,0.0,0.0,0.0,200.0,0.2,1.0,273.774,24.0,0.0,0.0,150.411,150.411,1.0,1.0,0.605,minimize_generator,full_grid,False,5000.0,0.0,5000,inf
2021-05-11,732.795,844.779,1577.574,1027.634,330.0,1357.634,1357.634,0.0,0.0,0.0,0.0,0.0,219.94,0.0,0.0,0.0,200.0,0.2,1.0,131.964,14.663,0.0,0.0,72.501,72.501,1.0,1.0,0.861,minimize_generator,full_grid,False,5000.0,0.0,5000,inf
2021-05-12,738.39,768.267,1506.657,1121.694,264.04,1385.734,1385.734,0.0,0.0,0.0,0.0,0.0,120.923,0.0,0.0,0.0,200.0,0.2,1.0,72.554,8.062,0.0,0.0,39.861,39.861,1.0,1.0,0.92,minimize_generator,full_grid,False,5000.0,0.0,5000,inf
2021-05-13,814.205,696.9,1511.105,1135.496,265.92,1401.416,1401.416,0.0,0.0,0.0,0.0,0.0,109.689,0.0,0.0,0.0,200.0,0.2,1.0,65.814,7.313,0.0,0.0,36.158,36.158,1.0,1.0,0.927,minimize_generator,full_grid,False,5000.0,0.0,5000,inf
2021-05-14,810.475,689.113,1499.588,1173.844,311.56,1485.404,1485.404,0.0,75.816,0.0,0.0,0.0,14.184,75.816,0.0,0.0,272.025,0.272,0.735,54.0,6.0,0.0,0.0,29.668,29.668,1.0,1.0,0.991,minimize_generator,full_grid,False,5000.0,0.0,5000,inf
2021-05-15,810.85,617.875,1428.725,1171.014,312.48,1483.494,1428.725,54.769,54.769,0.0,0.0,0.0,0.0,0.0,0.0,0.0,324.056,0.324,0.778,0.0,0.0,0.0,0.0,0.0,0.0,1.0,1.0,1.0,minimize_generator,full_grid,False,5000.0,0.0,5000,inf
2021-05-16,815.71,552.363,1368.073,1159.289,209.16,1368.449,1368.073,0.376,0.376,0.0,0.0,0.0,0.0,0.0,0.0,0.0,324.413,0.324,0.778,0.0,0.0,0.0,0.0,0.0,0.0,1.0,1.0,1.0,minimize_generator,full_grid,False,5000.0,0.0,5000,inf
2021-05-17,809.73,481.978,1291.708,1125.183,352.04,1477.223,1291.708,185.515,185.515,0.0,0.0,0.0,0.0,0.0,0.0,0.0,500.652,0.501,0.856,0.0,0.0,0.0,0.0,0.0,0.0,1.0,1.0,1.0,minimize_generator,full_grid,False,5000.0,0.0,5000,inf
2021-05-18,735.99,424.752,1160.742,1142.303,347.04,1489.343,1160.742,328.601,315.103,0.0,0.0,13.498,0.0,0.0,0.0,0.0,800.0,0.8,0.91,0.0,0.0,0.0,0.0,0.0,0.0,1.0,0.991,1.0,minimize_generator,full_grid,False,5000.0,13.498,5000,inf
2021-05-19,812.34,375.118,1187.458,1128.803,317.76,1446.563,1187.458,259.105,0.0,0.0,0.0,259.105,0.0,0.0,0.0,0.0,800.0,0.8,0.91,0.0,0.0,0.0,0.0,0.0,0.0,1.0,0.821,1.0,minimize_generator,full_grid,False,5000.0,272.603,5000,inf
2021-05-20,811.42,241.341,1052.761,1075.558,456.36,1531.918,1052.761,479.157,0.0,0.0,0.0,479.157,0.0,0.0,0.0,0.0,800.0,0.8,0.91,0.0,0.0,0.0,0.0,0.0,0.0,1.0,0.687,1.0,minimize_generator,full_grid,False,5000.0,751.76,5000,inf
2021-05-21,809.905,203.489,1013.394,1097.357,420.8,1518.157,1013.394,504.763,0.0,0.0,0.0,504.763,0.0,0.0,0.0,0.0,800.0,0.8,0.91,0.0,0.0,0.0,0.0,0.0,0.0,1.0,0.668,1.0,minimize_generator,full_grid,False,5000.0,1256.524,5000,inf
2021-05-22,813.075,224.886,1037.961,1152.975,474.64,1627.615,1037.961,589.654,0.0,0.0,0.0,589.654,0.0,0.0,0.0,0.0,800.0,0.8,0.91,0.0,0.0,0.0,0.0,0.0,0.0,1.0,0.638,1.0,minimize_generator,full_grid,False,5000.0,1846.178,5000,inf
2021-05-23,815.885,214.45,1030.335,1184.662,415.2,1599.862,1030.335,569.527,0.0,0.0,0.0,569.527,0.0,0.0,0.0,0.0,800.0,0.8,0.91,0.0,0.0,0.0,0.0,0.0,0.0,1.0,0.644,1.0,minimize_generator,full_grid,False,5000.0,2415.705,5000,inf
2021-05-24,814.205,173.965,988.17,1156.46,174.28,1330.74,988.17,342.57,0.0,0.0,0.0,342.57,0.0,0.0,0.0,0.0,800.0,0.8,0.91,0.0,0.0,0.0,0.0,0.0,0.0,1.0,0.743,1.0,minimize_generator,full_grid,False,5000.0,2758.276,5000,inf
2021-05-25,815.71,105.174,920.884,1179.841,73.52,1253.361,920.884,332.477,0.0,0.0,0.0,332.477,0.0,0.0,0.0,0.0,800.0,0.8,0.91,0.0,0.0,0.0,0.0,0.0,0.0,1.0,0.735,1.0,minimize_generator,full_grid,False,5000.0,3090.753,5000,inf
2021-05-26,892.085,94.184,986.269,1152.252,50.88,1203.132,986.269,216.863,0.0,0.0,0.0,216.863,0.0,0.0,0.0,0.0,800.0,0.8,0.91,0.0,0.0,0.0,0.0,0.0,0.0,1.0,0.82,1.0,minimize_generator,full_grid,False,5000.0,3307.616,5000,inf
2021-05-27,813.635,83.74,897.375,1150.716,212.0,1362.716,897.375,465.341,0.0,0.0,0.0,465.341,0.0,0.0,0.0,0.0,800.0,0.8,0.91,0.0,0.0,0.0,0.0,0.0,0.0,1.0,0.659,1.0,minimize_generator,full_grid,False,5000.0,3772.956,5000,inf
2021-05-28,816.27,72.402,888.672,1148.611,317.76,1466.371,888.672,577.699,0.0,0.0,0.0,577.699,0.0,0.0,0.0,0.0,800.0,0.8,0.91,0.0,0.0,0.0,0.0,0.0,0.0,1.0,0.606,1.0,minimize_generator,full_grid,False,5000.0,4350.655,5000,inf
2021-05-29,813.635,59.402,873.037,1116.244,417.28,1533.524,873.037,660.487,0.0,0.0,0.0,660.487,0.0,0.0,0.0,0.0,800.0,0.8,0.91,0.0,0.0,0.0,0.0,0.0,0.0,1.0,0.569,1.0,minimize_generator,full_grid,False,5000.0,5011.142,5000,inf
2021-05-30,812.54,45.784,858.324,1037.602,224.36,1261.962,858.324,403.638,0.0,0.0,0.0,403.638,0.0,0.0,0.0,0.0,800.0,0.8,0.91,0.0,0.0,0.0,0.0,0.0,0.0,1.0,0.68,1.0,minimize_generator,full_grid,False,5000.0,5414.78,5000,inf
2021-05-31,813.845,37.331,851.176,1092.778,182.68,1275.458,851.176,424.282,0.0,0.0,0.0,424.282,0.0,0.0,0.0,0.0,800.0,0.8,0.91,0.0,0.0,0.0,0.0,0.0,0.0,1.0,0.667,1.0,minimize_generator,full_grid,False,5000.0,5839.062,5000,inf
2021-06-01,814.405,899.533,1713.938,1122.628,383.36,1505.988,1505.988,0.0,0.0,207.95,0.0,0.0,0.0,0.0,0.0,0.0,581.106,0.581,0.91,0.0,0.0,0.0,0.0,0.0,0.0,1.0,1.0,0.989,minimize_generator,full_grid,False,0.0,0.0,5000,inf
2021-06-02,817.75,897.202,1714.952,1143.41,492.08,1635.49,1635.49,0.0,0.0,79.462,0.0,0.0,0.0,0.0,0.0,0.0,497.461,0.497,0.91,0.0,0.0,0.0,0.0,0.0,0.0,1.0,1.0,0.996,minimize_generator,full_grid,False,0.0,0.0,5000,inf
2021-06-03,896.0,965.014,1861.014,1131.865,503.2,1635.065,1635.065,0.0,0.0,225.949,0.0,0.0,0.0,0.0,0.0,0.0,259.62,0.26,0.91,0.0,0.0,0.0,0.0,0.0,0.0,1.0,1.0,0.989,minimize_generator,full_grid,False,0.0,0.0,5000,inf
2021-06-04,814.205,883.83,1698.035,1159.491,522.76,1682.251,1682.251,0.0,0.0,15.784,0.0,0.0,0.0,0.0,0.0,0.0,243.005,0.243,0.91,0.0,0.0,0.0,0.0,0.0,0.0,1.0,1.0,0.999,minimize_generator,full_grid,False,0.0,0.0,5000,inf
2021-06-05,815.5,851.793,1667.293,1167.118,500.08,1667.198,1667.198,0.0,0.0,0.095,0.0,0.0,0.0,0.0,0.0,0.0,242.905,0.243,0.91,0.0,0.0,0.0,0.0,0.0,0.0,1.0,1.0,1.0,minimize_generator,full_grid,False,0.0,0.0,5000,inf
2021-06-06,817.015,824.642,1641.657,1159.674,394.04,1553.714,1553.714,0.0,0.0,40.76,47.183,0.0,0.0,0.0,0.0,0.0,200.0,0.2,0.91,0.0,0.0,4.917,0.0,0.0,4.917,0.971,1.0,0.969,minimize_generator,full_grid,False,47.183,0.0,5000,inf
2021-06-07,818.88,858.148,1677.028,1184.434,430.32,1614.754,1614.754,0.0,0.0,0.0,62.274,0.0,0.0,0.0,0.0,0.0,200.0,0.2,0.91,0.0,0.0,6.48,0.0,0.0,6.48,0.963,1.0,0.963,minimize_generator,full_grid,False,109.456,0.0,5000,inf
2021-06-08,818.67,859.857,1678.527,1165.902,482.6,1648.502,1648.502,0.0,0.0,0.0,30.025,0.0,0.0,0.0,0.0,0.0,200.0,0.2,0.91,0.0,0.0,3.124,0.0,0.0,3.124,0.982,1.0,0.982,minimize_generator,full_grid,False,139.481,0.0,5000,inf
2021-06-09,893.215,910.193,1803.408,1151.166,201.56,1352.726,1352.726,0.0,0.0,0.0,450.682,0.0,0.0,0.0,0.0,0.0,200.0,0.2,0.91,0.0,0.0,46.95,0.0,0.0,46.95,0.75,1.0,0.75,minimize_generator,full_grid,False,590.163,0.0,5000,inf
2021-06-10,738.03,798.356,1536.386,1128.036,218.68,1346.716,1346.716,0.0,0.0,0.0,189.67,0.0,0.0,0.0,0.0,0.0,200.0,0.2,0.91,0.0,0.0,19.714,0.0,0.0,19.714,0.877,1.0,0.877,minimize_generator,full_grid,False,779.833,0.0,5000,inf
2021-06-11,738.39,783.23,1521.62,1133.21,336.88,1470.09,1470.09,0.0,0.0,0.0,51.53,0.0,0.0,0.0,0.0,0.0,200.0,0.2,0.91,0.0,0.0,5.36,0.0,0.0,5.36,0.966,1.0,0.966,minimize_generator,full_grid,False,831.363,0.0,5000,inf
2021-06-12,816.63,725.019,1541.649,1132.233,34.6,1166.833,1166.833,0.0,0.0,0.0,374.816,0.0,0.0,0.0,0.0,0.0,200.0,0.2,0.91,0.0,0.0,39.252,0.0,0.0,39.252,0.757,1.0,0.757,minimize_generator,full_grid,False,1206.179,0.0,5000,inf
2021-06-13,893.215,677.708,1570.923,1119.422,336.88,1456.302,1456.302,0.0,0.0,0.0,114.621,0.0,0.0,0.0,0.0,0.0,200.0,0.2,0.91,0.0,0.0,12.074,0.0,0.0,12.074,0.927,1.0,0.927,minimize_generator,full_grid,False,1320.8,0.0,5000,inf
2021-06-14,812.9,609.13,1422.03,1087.127,540.44,1627.567,1422.03,205.537,205.537,0.0,0.0,0.0,0.0,0.0,0.0,0.0,395.26,0.395,0.954,0.0,0.0,0.0,0.0,0.0,0.0,1.0,1.0,1.0,minimize_generator,full_grid,False,1320.8,0.0,5000,inf
2021-06-15,736.735,636.726,1373.461,1176.79,390.24,1567.03,1373.461,193.569,193.569,0.0,0.0,0.0,0.0,0.0,0.0,0.0,579.15,0.579,0.969,0.0,0.0,0.0,0.0,0.0,0.0,1.0,1.0,1.0,minimize_generator,full_grid,False,1320.8,0.0,5000,inf
2021-06-16,891.91,625.599,1517.509,1166.304,450.28,1616.584,1517.509,99.075,99.075,0.0,0.0,0.0,0.0,0.0,0.0,0.0,673.272,0.673,0.973,0.0,0.0,0.0,0.0,0.0,0.0,1.0,1.0,1.0,minimize_generator,full_grid,False,1320.8,0.0,5000,inf
2021-06-17,890.78,560.344,1451.124,1169.054,395.52,1564.574,1451.124,113.45,113.45,0.0,0.0,0.0,0.0,0.0,0.0,0.0,781.049,0.781,0.977,0.0,0.0,0.0,0.0,0.0,0.0,1.0,1.0,1.0,minimize_generator,full_grid,False,1320.8,0.0,5000,inf
2021-06-18,815.325,568.445,1383.77,1153.2,352.88,1506.08,1383.77,122.31,19.948,0.0,0.0,102.361,0.0,0.0,0.0,0.0,800.0,0.8,0.977,0.0,0.0,0.0,0.0,0.0,0.0,1.0,0.932,1.0,minimize_generator,full_grid,False,1320.8,102.361,5000,inf
2021-06-19,815.885,586.381,1402.266,1167.107,426.96,1594.067,1402.266,191.801,0.0,0.0,0.0,191.801,0.0,0.0,0.0,0.0,800.0,0.8,0.977,0.0,0.0,0.0,0.0,0.0,0.0,1.0,0.88,1.0,minimize_generator,full_grid,False,1320.8,294.162,5000,inf
2021-06-20,816.07,565.609,1381.679,1176.543,360.28,1536.823,1381.679,155.144,0.0,0.0,0.0,155.144,0.0,0.0,0.0,0.0,800.0,0.8,0.977,0.0,0.0,0.0,0.0,0.0,0.0,1.0,0.899,1.0,minimize_generator,full_grid,False,1320.8,449.306,5000,inf
2021-06-21,890.78,478.973,1369.753,1147.621,127.52,1275.141,1275.141,0.0,0.0,94.612,0.0,0.0,0.0,0.0,0.0,0.0,700.409,0.7,0.977,0.0,0.0,0.0,0.0,0.0,0.0,1.0,1.0,0.998,minimize_generator,full_grid,False,1320.8,449.306,5000,inf
2021-06-22,817.575,487.08,1304.655,1140.8,292.68,1433.48,1304.655,128.825,104.833,0.0,0.0,23.992,0.0,0.0,0.0,0.0,800.0,0.8,0.98,0.0,0.0,0.0,0.0,0.0,0.0,1.0,0.983,1.0,minimize_generator,full_grid,False,1320.8,473.297,5000,inf
2021-06-23,892.645,450.414,1343.059,1133.712,405.88,1539.592,1343.059,196.533,0.0,0.0,0.0,196.533,0.0,0.0,0.0,0.0,800.0,0.8,0.98,0.0,0.0,0.0,0.0,0.0,0.0,1.0,0.872,1.0,minimize_generator,full_grid,False,1320.8,669.83,5000,inf
2021-06-24,738.6,476.269,1214.869,1144.05,373.16,1517.21,1214.869,302.341,0.0,0.0,0.0,302.341,0.0,0.0,0.0,0.0,800.0,0.8,0.98,0.0,0.0,0.0,0.0,0.0,0.0,1.0,0.801,1.0,minimize_generator,full_grid,False,1320.8,972.172,5000,inf
2021-06-25,817.19,414.679,1231.869,1151.913,336.0,1487.913,1231.869,256.044,0.0,0.0,0.0,256.044,0.0,0.0,0.0,0.0,800.0,0.8,0.98,0.0,0.0,0.0,0.0,0.0,0.0,1.0,0.828,1.0,minimize_generator,full_grid,False,1320.8,1228.216,5000,inf
2021-06-26,816.27,337.627,1153.897,1142.859,300.84,1443.699,1153.897,289.802,0.0,0.0,0.0,289.802,0.0,0.0,0.0,0.0,800.0,0.8,0.98,0.0,0.0,0.0,0.0,0.0,0.0,1.0,0.799,1.0,minimize_generator,full_grid,False,1320.8,1518.018,5000,inf
2021-06-27,890.22,367.634,1257.854,1155.219,197.76,1352.979,1257.854,95.125,0.0,0.0,0.0,95.125,0.0,0.0,0.0,0.0,800.0,0.8,0.98,0.0,0.0,0.0,0.0,0.0,0.0,1.0,0.93,1.0,minimize_generator,full_grid,False,1320.8,1613.143,5000,inf
2021-06-28,818.67,338.382,1157.052,1155.18,208.2,1363.38,1157.052,206.328,0.0,0.0,0.0,206.328,0.0,0.0,0.0,0.0,800.0,0.8,0.98,0.0,0.0,0.0,0.0,0.0,0.0,1.0,0.849,1.0,minimize_generator,full_grid,False,1320.8,1819.471,5000,inf
2021-06-29,894.31,112.257,1006.567,1150.124,278.0,1428.124,1006.567,421.557,0.0,0.0,0.0,421.557,0.0,0.0,0.0,0.0,800.0,0.8,0.98,0.0,0.0,0.0,0.0,0.0,0.0,1.0,0.705,1.0,minimize_generator,full_grid,False,1320.8,2241.028,5000,inf
2021-06-30,814.02,16.088,830.108,1128.15,305.32,1433.47,830.108,603.362,0.0,0.0,0.0,603.362,0.0,0.0,0.0,0.0,800.0,0.8,0.98,0.0,0.0,0.0,0.0,0.0,0.0,1.0,0.579,1.0,minimize_generator,full_grid,False,1320.8,2844.39,5000,inf
2021-07-01,891.7,18.84,910.54,1121.722,316.88,1438.602,910.54,528.062,0.0,0.0,0.0,528.062,0.0,0.0,0.0,0.0,800.0,0.8,0.98,0.0,0.0,0.0,0.0,0.0,0.0,1.0,0.633,1.0,minimize_generator,full_grid,False,0.0,528.062,5000,inf
2021-07-02,893.775,25.457,919.232,1121.32,302.64,1423.96,919.232,504.728,0.0,0.0,0.0,504.728,0.0,0.0,0.0,0.0,800.0,0.8,0.98,0.0,0.0,0.0,0.0,0.0,0.0,1.0,0.646,1.0,minimize_generator,full_grid,False,0.0,1032.79,5000,inf
2021-07-03,898.6,39.78,938.38,1134.622,253.72,1388.342,938.38,449.962,0.0,0.0,0.0,449.962,0.0,0.0,0.0,0.0,800.0,0.8,0.98,0.0,0.0,0.0,0.0,0.0,0.0,1.0,0.676,1.0,minimize_generator,full_grid,False,0.0,1482.753,5000,inf
2021-07-04,890.045,39.282,929.327,1154.275,451.48,1605.755,929.327,676.428,0.0,0.0,0.0,676.428,0.0,0.0,0.0,0.0,800.0,0.8,0.98,0.0,0.0,0.0,0.0,0.0,0.0,1.0,0.579,1.0,minimize_generator,full_grid,False,0.0,2159.181,5000,inf
2021-07-05,893.005,39.141,932.146,1165.814,406.6,1572.414,932.146,640.268,0.0,0.0,0.0,640.268,0.0,0.0,0.0,0.0,800.0,0.8,0.98,0.0,0.0,0.0,0.0,0.0,0.0,1.0,0.593,1.0,minimize_generator,full_grid,False,0.0,2799.449,5000,inf
2021-07-06,814.58,39.108,853.688,1159.2,363.52,1522.72,853.688,669.032,0.0,0.0,0.0,669.032,0.0,0.0,0.0,0.0,800.0,0.8,0.98,0.0,0.0,0.0,0.0,0.0,0.0,1.0,0.561,1.0,minimize_generator,full_grid,False,0.0,3468.48,5000,inf
2021-07-07,812.54,39.012,851.552,1144.542,293.6,1438.142,851.552,586.59,0.0,0.0,0.0,586.59,0.0,0.0,0.0,0.0,800.0,0.8,0.98,0.0,0.0,0.0,0.0,0.0,0.0,1.0,0.592,1.0,minimize_generator,full_grid,False,0.0,4055.07,5000,inf
2021-07-08,895.255,38.396,933.651,1133.942,335.16,1469.102,933.651,535.451,0.0,0.0,0.0,535.451,0.0,0.0,0.0,0.0,800.0,0.8,0.98,0.0,0.0,0.0,0.0,0.0,0.0,1.0,0.636,1.0,minimize_generator,full_grid,False,0.0,4590.522,5000,inf
2021-07-09,892.085,37.361,929.446,1119.588,376.32,1495.908,929.446,566.462,0.0,0.0,0.0,566.462,0.0,0.0,0.0,0.0,800.0,0.8,0.98,0.0,0.0,0.0,0.0,0.0,0.0,1.0,0.621,1.0,minimize_generator,full_grid,False,0.0,5156.983,5000,inf
2021-07-10,896.56,37.132,933.692,1109.923,367.56,1477.483,933.692,543.791,0.0,0.0,0.0,543.791,0.0,0.0,0.0,0.0,800.0,0.8,0.98,0.0,0.0,0.0,0.0,0.0,0.0,1.0,0.632,1.0,minimize_generator,full_grid,False,0.0,5700.774,5000,inf
2021-07-11,816.445,37.811,854.256,1110.249,268.72,1378.969,854.256,524.713,0.0,0.0,0.0,524.713,0.0,0.0,0.0,0.0,800.0,0.8,0.98,0.0,0.0,0.0,0.0,0.0,0.0,1.0,0.619,1.0,minimize_generator,full_grid,False,0.0,6225.487,5000,inf
2021-07-12,894.135,38.434,932.569,1105.701,229.12,1334.821,932.569,402.252,0.0,0.0,0.0,402.252,0.0,0.0,0.0,0.0,800.0,0.8,0.98,0.0,0.0,0.0,0.0,0.0,0.0,1.0,0.699,1.0,minimize_generator,full_grid,False,0.0,6627.739,5000,inf
2021-07-13,899.16,38.615,937.775,1110.77,331.72,1442.49,937.775,504.715,0.0,0.0,0.0,504.715,0.0,0.0,0.0,0.0,800.0,0.8,0.98,0.0,0.0,0.0,0.0,0.0,0.0,1.0,0.65,1.0,minimize_generator,full_grid,False,0.0,7132.455,5000,inf
2021-07-14,893.775,37.981,931.756,1140.422,378.68,1519.102,931.756,587.346,0.0,0.0,0.0,587.346,0.0,0.0,0.0,0.0,800.0,0.8,0.98,0.0,0.0,0.0,0.0,0.0,0.0,1.0,0.613,1.0,minimize_generator,full_grid,False,0.0,7719.801,5000,inf
2021-07-15,893.215,38.691,931.906,1139.687,242.4,1382.087,931.906,450.181,0.0,0.0,0.0,450.181,0.0,0.0,0.0,0.0,800.0,0.8,0.98,0.0,0.0,0.0,0.0,0.0,0.0,1.0,0.674,1.0,minimize_generator,full_grid,False,0.0,8169.982,5000,inf
2021-07-16,892.27,39.413,931.683,1092.92,207.24,1300.16,931.683,368.477,0.0,0.0,0.0,368.477,0.0,0.0,0.0,0.0,800.0,0.8,0.98,0.0,0.0,0.0,0.0,0.0,0.0,1.0,0.717,1.0,minimize_generator,full_grid,False,0.0,8538.458,5000,inf
2021-07-17,815.71,41.908,857.618,1071.492,131.84,1203.332,857.618,345.714,0.0,0.0,0.0,345.714,0.0,0.0,0.0,0.0,800.0,0.8,0.98,0.0,0.0,0.0,0.0,0.0,0.0,1.0,0.713,1.0,minimize_generator,full_grid,False,0.0,8884.173,5000,inf
2021-07-18,897.295,43.673,940.968,1057.799,247.12,1304.919,940.968,363.951,0.0,0.0,0.0,363.951,0.0,0.0,0.0,0.0,800.0,0.8,0.98,0.0,0.0,0.0,0.0,0.0,0.0,1.0,0.721,1.0,minimize_generator,full_grid,False,0.0,9248.124,5000,inf
2021-07-19,890.045,43.845,933.89,1002.808,413.76,1416.568,933.89,482.678,0.0,0.0,0.0,482.678,0.0,0.0,0.0,0.0,800.0,0.8,0.98,0.0,0.0,0.0,0.0,0.0,0.0,1.0,0.659,1.0,minimize_generator,full_grid,False,0.0,9730.802,5000,inf
2021-07-20,894.135,41.066,935.201,1002.72,404.4,1407.12,935.201,471.919,0.0,0.0,0.0,471.919,0.0,0.0,0.0,0.0,800.0,0.8,0.98,0.0,0.0,0.0,0.0,0.0,0.0,1.0,0.665,1.0,minimize_generator,full_grid,False,0.0,10202.721,5000,inf
2021-07-21,815.71,27.368,843.078,1052.996,405.88,1458.876,843.078,615.798,0.0,0.0,0.0,615.798,0.0,0.0,0.0,0.0,800.0,0.8,0.98,0.0,0.0,0.0,0.0,0.0,0.0,1.0,0.578,1.0,minimize_generator,full_grid,False,0.0,10818.519,5000,inf
2021-07-22,817.19,14.207,831.397,1088.569,459.32,1547.889,831.397,716.492,0.0,0.0,0.0,716.492,0.0,0.0,0.0,0.0,800.0,0.8,0.98,0.0,0.0,0.0,0.0,0.0,0.0,1.0,0.537,1.0,minimize_generator,full_grid,False,0.0,11535.011,5000,inf
2021-07-23,897.505,12.759,910.264,1090.405,408.76,1499.165,910.264,588.901,0.0,0.0,0.0,588.901,0.0,0.0,0.0,0.0,800.0,0.8,0.98,0.0,0.0,0.0,0.0,0.0,0.0,1.0,0.607,1.0,minimize_generator,full_grid,False,0.0,12123.912,5000,inf
2021-07-24,890.78,11.881,902.661,1093.152,373.16,1466.312,902.661,563.651,0.0,0.0,0.0,563.651,0.0,0.0,0.0,0.0,800.0,0.8,0.98,0.0,0.0,0.0,0.0,0.0,0.0,1.0,0.616,1.0,minimize_generator,full_grid,False,0.0,12687.562,5000,inf
2021-07-25,897.505,11.262,908.767,1074.347,213.92,1288.267,908.767,379.5,0.0,0.0,0.0,379.5,0.0,0.0,0.0,0.0,800.0,0.8,0.98,0.0,0.0,0.0,0.0,0.0,0.0,1.0,0.705,1.0,minimize_generator,full_grid,False,0.0,13067.062,5000,inf
2021-07-26,891.7,11.832,903.532,1053.445,267.8,1321.245,903.532,417.713,0.0,0.0,0.0,417.713,0.0,0.0,0.0,0.0,800.0,0.8,0.98,0.0,0.0,0.0,0.0,0.0,0.0,1.0,0.684,1.0,minimize_generator,full_grid,False,0.0,13484.775,5000,inf
2021-07-27,814.405,12.854,827.259,1044.032,434.96,1478.992,827.259,651.733,0.0,0.0,0.0,651.733,0.0,0.0,0.0,0.0,800.0,0.8,0.98,0.0,0.0,0.0,0.0,0.0,0.0,1.0,0.559,1.0,minimize_generator,full_grid,False,0.0,14136.507,5000,inf
2021-07-28,895.255,13.971,909.226,1047.898,366.76,1414.658,909.226,505.432,0.0,0.0,0.0,505.432,0.0,0.0,0.0,0.0,800.0,0.8,0.98,0.0,0.0,0.0,0.0,0.0,0.0,1.0,0.643,1.0,minimize_generator,full_grid,False,0.0,14641.94,5000,inf
2021-07-29,889.66,12.83,902.49,1098.866,329.12,1427.986,902.49,525.496,0.0,0.0,0.0,525.496,0.0,0.0,0.0,0.0,800.0,0.8,0.98,0.0,0.0,0.0,0.0,0.0,0.0,1.0,0.632,1.0,minimize_generator,full_grid,False,0.0,15167.436,5000,inf
2021-07-30,894.31,11.547,905.857,1122.028,215.8,1337.828,905.857,431.971,0.0,0.0,0.0,431.971,0.0,0.0,0.0,0.0,800.0,0.8,0.98,0.0,0.0,0.0,0.0,0.0,0.0,1.0,0.677,1.0,minimize_generator,full_grid,False,0.0,15599.407,5000,inf
2021-07-31,891.7,10.786,902.486,1096.103,106.8,1202.903,902.486,300.417,0.0,0.0,0.0,300.417,0.0,0.0,0.0,0.0,800.0,0.8,0.98,0.0,0.0,0.0,0.0,0.0,0.0,1.0,0.75,1.0,minimize_generator,full_grid,False,0.0,15899.824,5000,inf
2021-08-01,815.15,9.461,824.611,1067.201,11.72,1078.921,824.611,254.31,0.0,0.0,0.0,254.31,0.0,0.0,0.0,0.0,800.0,0.8,0.98,0.0,0.0,0.0,0.0,0.0,0.0,1.0,0.764,1.0,minimize_generator,full_grid,False,0.0,254.31,5000,inf
2021-08-02,892.085,9.023,901.108,1056.296,3.8,1060.096,901.108,158.988,0.0,0.0,0.0,158.988,0.0,0.0,0.0,0.0,800.0,0.8,0.98,0.0,0.0,0.0,0.0,0.0,0.0,1.0,0.85,1.0,minimize_generator,full_grid,False,0.0,413.297,5000,inf
2021-08-03,899.545,8.815,908.36,1037.519,2.84,1040.359,908.36,131.999,0.0,0.0,0.0,131.999,0.0,0.0,0.0,0.0,800.0,0.8,0.98,0.0,0.0,0.0,0.0,0.0,0.0,1.0,0.873,1.0,minimize_generator,full_grid,False,0.0,545.296,5000,inf
2021-08-04,893.215,8.584,901.799,1001.892,4.8,1006.692,901.799,104.893,0.0,0.0,0.0,104.893,0.0,0.0,0.0,0.0,800.0,0.8,0.98,0.0,0.0,0.0,0.0,0.0,0.0,1.0,0.896,1.0,minimize_generator,full_grid,False,0.0,650.189,5000,inf
2021-08-05,890.965,7.82,898.785,837.568,15.76,853.328,853.328,0.0,0.0,45.457,0.0,0.0,0.0,0.0,0.0,0.0,752.151,0.752,0.98,0.0,0.0,0.0,0.0,0.0,0.0,1.0,1.0,0.999,minimize_generator,full_grid,False,0.0,650.189,5000,inf
2021-08-06,895.08,8.189,903.269,971.813,3.68,975.493,903.269,72.224,50.368,0.0,0.0,21.856,0.0,0.0,0.0,0.0,800.0,0.8,0.981,0.0,0.0,0.0,0.0,0.0,0.0,1.0,0.978,1.0,minimize_generator,full_grid,False,0.0,672.046,5000,inf
2021-08-07,891.7,8.815,900.515,1024.878,13.92,1038.798,900.515,138.283,0.0,0.0,0.0,138.283,0.0,0.0,0.0,0.0,800.0,0.8,0.981,0.0,0.0,0.0,0.0,0.0,0.0,1.0,0.867,1.0,minimize_generator,full_grid,False,0.0,810.329,5000,inf
2021-08-08,891.7,9.786,901.486,1032.61,134.44,1167.05,901.486,265.564,0.0,0.0,0.0,265.564,0.0,0.0,0.0,0.0,800.0,0.8,0.981,0.0,0.0,0.0,0.0,0.0,0.0,1.0,0.772,1.0,minimize_generator,full_grid,False,0.0,1075.893,5000,inf
2021-08-09,816.07,10.11,826.18,1048.367,296.32,1344.687,826.18,518.507,0.0,0.0,0.0,518.507,0.0,0.0,0.0,0.0,800.0,0.8,0.981,0.0,0.0,0.0,0.0,0.0,0.0,1.0,0.614,1.0,minimize_generator,full_grid,False,0.0,1594.4,5000,inf
2021-08-10,891.525,9.947,901.472,1064.084,331.72,1395.804,901.472,494.332,0.0,0.0,0.0,494.332,0.0,0.0,0.0,0.0,800.0,0.8,0.981,0.0,0.0,0.0,0.0,0.0,0.0,1.0,0.646,1.0,minimize_generator,full_grid,False,0.0,2088.732,5000,inf
2021-08-11,894.31,9.972,904.282,1061.866,303.52,1365.386,904.282,461.104,0.0,0.0,0.0,461.104,0.0,0.0,0.0,0.0,800.0,0.8,0.981,0.0,0.0,0.0,0.0,0.0,0.0,1.0,0.662,1.0,minimize_generator,full_grid,False,0.0,2549.836,5000,inf
2021-08-12,816.63,8.488,825.118,1057.42,144.16,1201.58,825.118,376.462,0.0,0.0,0.0,376.462,0.0,0.0,0.0,0.0,800.0,0.8,0.981,0.0,0.0,0.0,0.0,0.0,0.0,1.0,0.687,1.0,minimize_generator,full_grid,False,0.0,2926.298,5000,inf
2021-08-13,895.43,0.595,896.025,1049.838,114.92,1164.758,896.025,268.733,0.0,0.0,0.0,268.733,0.0,0.0,0.0,0.0,800.0,0.8,0.981,0.0,0.0,0.0,0.0,0.0,0.0,1.0,0.769,1.0,minimize_generator,full_grid,False,0.0,3195.031,5000,inf
2021-08-14,889.66,0.0,889.66,1016.39,352.88,1369.27,889.66,479.61,0.0,0.0,0.0,479.61,0.0,0.0,0.0,0.0,800.0,0.8,0.981,0.0,0.0,0.0,0.0,0.0,0.0,1.0,0.65,1.0,minimize_generator,full_grid,False,0.0,3674.641,5000,inf
2021-08-15,816.07,0.0,816.07,1043.188,233.88,1277.068,816.07,460.998,0.0,0.0,0.0,460.998,0.0,0.0,0.0,0.0,800.0,0.8,0.981,0.0,0.0,0.0,0.0,0.0,0.0,1.0,0.639,1.0,minimize_generator,full_grid,False,0.0,4135.639,5000,inf
2021-08-16,893.39,0.0,893.39,1052.939,358.64,1411.579,893.39,518.189,0.0,0.0,0.0,518.189,0.0,0.0,0.0,0.0,800.0,0.8,0.981,0.0,0.0,0.0,0.0,0.0,0.0,1.0,0.633,1.0,minimize_generator,full_grid,False,0.0,4653.828,5000,inf
2021-08-17,817.935,0.0,817.935,1067.284,434.32,1501.604,817.935,683.669,0.0,0.0,0.0,683.669,0.0,0.0,0.0,0.0,800.0,0.8,0.981,0.0,0.0,0.0,0.0,0.0,0.0,1.0,0.545,1.0,minimize_generator,full_grid,False,0.0,5337.497,5000,inf
2021-08-18,892.27,0.0,892.27,1048.022,406.6,1454.622,892.27,562.352,0.0,0.0,0.0,562.352,0.0,0.0,0.0,0.0,800.0,0.8,0.981,0.0,0.0,0.0,0.0,0.0,0.0,1.0,0.613,1.0,minimize_generator,full_grid,False,0.0,5899.849,5000,inf
2021-08-19,817.575,0.0,817.575,1051.864,394.8,1446.664,817.575,629.089,0.0,0.0,0.0,629.089,0.0,0.0,0.0,0.0,800.0,0.8,0.981,0.0,0.0,0.0,0.0,0.0,0.0,1.0,0.565,1.0,minimize_generator,full_grid,False,0.0,6528.938,5000,inf
2021-08-20,818.31,0.0,818.31,1053.035,380.24,1433.275,818.31,614.965,0.0,0.0,0.0,614.965,0.0,0.0,0.0,0.0,800.0,0.8,0.981,0.0,0.0,0.0,0.0,0.0,0.0,1.0,0.571,1.0,minimize_generator,full_grid,False,0.0,7143.903,5000,inf
2021-08-21,890.78,0.0,890.78,1023.373,302.64,1326.013,890.78,435.233,0.0,0.0,0.0,435.233,0.0,0.0,0.0,0.0,800.0,0.8,0.981,0.0,0.0,0.0,0.0,0.0,0.0,1.0,0.672,1.0,minimize_generator,full_grid,False,0.0,7579.137,5000,inf
2021-08-22,889.835,0.0,889.835,1007.957,283.52,1291.477,889.835,401.642,0.0,0.0,0.0,401.642,0.0,0.0,0.0,0.0,800.0,0.8,0.981,0.0,0.0,0.0,0.0,0.0,0.0,1.0,0.689,1.0,minimize_generator,full_grid,False,0.0,7980.778,5000,inf
2021-08-23,810.475,0.0,810.475,1010.76,289.04,1299.8,810.475,489.325,0.0,0.0,0.0,489.325,0.0,0.0,0.0,0.0,800.0,0.8,0.981,0.0,0.0,0.0,0.0,0.0,0.0,1.0,0.624,1.0,minimize_generator,full_grid,False,0.0,8470.103,5000,inf
2021-08-24,813.46,0.0,813.46,1010.685,311.56,1322.245,813.46,508.785,0.0,0.0,0.0,508.785,0.0,0.0,0.0,0.0,800.0,0.8,0.981,0.0,0.0,0.0,0.0,0.0,0.0,1.0,0.615,1.0,minimize_generator,full_grid,False,0.0,8978.888,5000,inf
2021-08-25,891.525,0.0,891.525,978.154,460.48,1438.634,891.525,547.109,0.0,0.0,0.0,547.109,0.0,0.0,0.0,0.0,800.0,0.8,0.981,0.0,0.0,0.0,0.0,0.0,0.0,1.0,0.62,1.0,minimize_generator,full_grid,False,0.0,9525.997,5000,inf
2021-08-26,816.805,0.0,816.805,921.33,485.64,1406.97,816.805,590.165,0.0,0.0,0.0,590.165,0.0,0.0,0.0,0.0,800.0,0.8,0.981,0.0,0.0,0.0,0.0,0.0,0.0,1.0,0.581,1.0,minimize_generator,full_grid,False,0.0,10116.162,5000,inf
2021-08-27,815.15,0.0,815.15,826.312,445.28,1271.592,815.15,456.442,0.0,0.0,0.0,456.442,0.0,0.0,0.0,0.0,800.0,0.8,0.981,0.0,0.0,0.0,0.0,0.0,0.0,1.0,0.641,1.0,minimize_generator,full_grid,False,0.0,10572.604,5000,inf
2021-08-28,811.77,0.0,811.77,933.23,452.72,1385.95,811.77,574.18,0.0,0.0,0.0,574.18,0.0,0.0,0.0,0.0,800.0,0.8,0.981,0.0,0.0,0.0,0.0,0.0,0.0,1.0,0.586,1.0,minimize_generator,full_grid,False,0.0,11146.784,5000,inf
2021-08-29,812.715,0.0,812.715,981.638,436.28,1417.918,812.715,605.203,0.0,0.0,0.0,605.203,0.0,0.0,0.0,0.0,800.0,0.8,0.981,0.0,0.0,0.0,0.0,0.0,0.0,1.0,0.573,1.0,minimize_generator,full_grid,False,0.0,11751.988,5000,inf
2021-08-30,738.03,0.0,738.03,987.871,425.6,1413.471,738.03,675.441,0.0,0.0,0.0,675.441,0.0,0.0,0.0,0.0,800.0,0.8,0.981,0.0,0.0,0.0,0.0,0.0,0.0,1.0,0.522,1.0,minimize_generator,full_grid,False,0.0,12427.429,5000,inf
2021-08-31,815.885,0.0,815.885,949.914,369.96,1319.874,815.885,503.989,0.0,0.0,0.0,503.989,0.0,0.0,0.0,0.0,800.0,0.8,0.981,0.0,0.0,0.0,0.0,0.0,0.0,1.0,0.618,1.0,minimize_generator,full_grid,False,0.0,12931.418,5000,inf
2021-09-01,813.845,421.145,1234.99,943.719,364.32,1308.039,1234.99,73.049,0.0,0.0,0.0,73.049,0.0,0.0,0.0,0.0,800.0,0.8,0.981,0.0,0.0,0.0,0.0,0.0,0.0,1.0,0.944,1.0,minimize_generator,full_grid,False,0.0,73.049,5000,inf
2021-09-02,812.155,375.743,1187.898,925.083,414.48,1339.563,1187.898,151.665,0.0,0.0,0.0,151.665,0.0,0.0,0.0,0.0,800.0,0.8,0.981,0.0,0.0,0.0,0.0,0.0,0.0,1.0,0.887,1.0,minimize_generator,full_grid,False,0.0,224.715,5000,inf
2021-09-03,815.325,374.831,1190.156,900.984,485.64,1386.624,1190.156,196.468,0.0,0.0,0.0,196.468,0.0,0.0,0.0,0.0,800.0,0.8,0.981,0.0,0.0,0.0,0.0,0.0,0.0,1.0,0.858,1.0,minimize_generator,full_grid,False,0.0,421.183,5000,inf
2021-09-04,816.63,375.743,1192.373,943.662,420.08,1363.742,1192.373,171.369,0.0,0.0,0.0,171.369,0.0,0.0,0.0,0.0,800.0,0.8,0.981,0.0,0.0,0.0,0.0,0.0,0.0,1.0,0.874,1.0,minimize_generator,full_grid,False,0.0,592.552,5000,inf
2021-09-05,893.39,369.359,1262.749,929.36,446.52,1375.88,1262.749,113.131,0.0,0.0,0.0,113.131,0.0,0.0,0.0,0.0,800.0,0.8,0.981,0.0,0.0,0.0,0.0,0.0,0.0,1.0,0.918,1.0,minimize_generator,full_grid,False,0.0,705.682,5000,inf
2021-09-06,738.215,378.478,1116.693,957.979,469.12,1427.099,1116.693,310.406,0.0,0.0,0.0,310.406,0.0,0.0,0.0,0.0,800.0,0.8,0.981,0.0,0.0,0.0,0.0,0.0,0.0,1.0,0.782,1.0,minimize_generator,full_grid,False,0.0,1016.088,5000,inf
2021-09-07,818.88,370.27,1189.15,922.589,428.32,1350.909,1189.15,161.759,0.0,0.0,0.0,161.759,0.0,0.0,0.0,0.0,800.0,0.8,0.981,0.0,0.0,0.0,0.0,0.0,0.0,1.0,0.88,1.0,minimize_generator,full_grid,False,0.0,1177.847,5000,inf
2021-09-08,817.935,412.222,1230.157,914.482,286.28,1200.762,1200.762,0.0,0.0,29.395,0.0,0.0,0.0,0.0,0.0,0.0,769.058,0.769,0.981,0.0,0.0,0.0,0.0,0.0,0.0,1.0,1.0,1.0,minimize_generator,full_grid,False,0.0,1177.847,5000,inf
2021-09-09,811.21,400.367,1211.577,922.865,283.52,1206.385,1206.385,0.0,0.0,5.192,0.0,0.0,0.0,0.0,0.0,0.0,763.593,0.764,0.981,0.0,0.0,0.0,0.0,0.0,0.0,1.0,1.0,1.0,minimize_generator,full_grid,False,0.0,1177.847,5000,inf
2021-09-10,814.58,365.711,1180.291,894.304,522.76,1417.064,1180.291,236.773,38.323,0.0,0.0,198.449,0.0,0.0,0.0,0.0,800.0,0.8,0.982,0.0,0.0,0.0,0.0,0.0,0.0,1.0,0.86,1.0,minimize_generator,full_grid,False,0.0,1376.297,5000,inf
2021-09-11,811.77,367.535,1179.305,952.288,458.12,1410.408,1179.305,231.103,0.0,0.0,0.0,231.103,0.0,0.0,0.0,0.0,800.0,0.8,0.982,0.0,0.0,0.0,0.0,0.0,0.0,1.0,0.836,1.0,minimize_generator,full_grid,False,0.0,1607.399,5000,inf
2021-09-12,814.02,396.956,1210.976,959.287,384.88,1344.167,1210.976,133.191,0.0,0.0,0.0,133.191,0.0,0.0,0.0,0.0,800.0,0.8,0.982,0.0,0.0,0.0,0.0,0.0,0.0,1.0,0.901,1.0,minimize_generator,full_grid,False,0.0,1740.59,5000,inf
2021-09-13,818.67,413.997,1232.667,928.331,195.88,1124.211,1124.211,0.0,0.0,108.456,0.0,0.0,0.0,0.0,0.0,0.0,685.836,0.686,0.982,0.0,0.0,0.0,0.0,0.0,0.0,1.0,1.0,0.998,minimize_generator,full_grid,False,0.0,1740.59,5000,inf
2021-09-14,814.94,376.908,1191.848,914.222,247.12,1161.342,1161.342,0.0,0.0,30.506,0.0,0.0,0.0,0.0,0.0,0.0,653.724,0.654,0.982,0.0,0.0,0.0,0.0,0.0,0.0,1.0,1.0,1.0,minimize_generator,full_grid,False,0.0,1740.59,5000,inf
2021-09-15,814.405,369.114,1183.519,914.079,309.8,1223.879,1183.519,40.36,40.36,0.0,0.0,0.0,0.0,0.0,0.0,0.0,692.067,0.692,0.983,0.0,0.0,0.0,0.0,0.0,0.0,1.0,1.0,1.0,minimize_generator,full_grid,False,0.0,1740.59,5000,inf
2021-09-16,810.475,388.567,1199.042,928.004,453.32,1381.324,1199.042,182.282,113.614,0.0,0.0,68.667,0.0,0.0,0.0,0.0,800.0,0.8,0.986,0.0,0.0,0.0,0.0,0.0,0.0,1.0,0.95,1.0,minimize_generator,full_grid,False,0.0,1809.258,5000,inf
2021-09-17,735.43,366.394,1101.824,920.363,365.16,1285.523,1101.824,183.699,0.0,0.0,0.0,183.699,0.0,0.0,0.0,0.0,800.0,0.8,0.986,0.0,0.0,0.0,0.0,0.0,0.0,1.0,0.857,1.0,minimize_generator,full_grid,False,0.0,1992.957,5000,inf
2021-09-18,810.85,352.076,1162.926,894.727,121.6,1016.327,1016.327,0.0,0.0,146.599,0.0,0.0,0.0,0.0,0.0,0.0,645.686,0.646,0.986,0.0,0.0,0.0,0.0,0.0,0.0,1.0,1.0,0.998,minimize_generator,full_grid,False,0.0,1992.957,5000,inf
2021-09-19,815.885,376.606,1192.491,885.214,154.96,1040.174,1040.174,0.0,0.0,152.317,0.0,0.0,0.0,0.0,0.0,0.0,485.351,0.485,0.986,0.0,0.0,0.0,0.0,0.0,0.0,1.0,1.0,0.998,minimize_generator,full_grid,False,0.0,1992.957,5000,inf
2021-09-20,734.3,414.6,1148.9,863.473,177.08,1040.553,1040.553,0.0,0.0,108.347,0.0,0.0,0.0,0.0,0.0,0.0,371.302,0.371,0.986,0.0,0.0,0.0,0.0,0.0,0.0,1.0,1.0,0.999,minimize_generator,full_grid,False,0.0,1992.957,5000,inf
2021-09-21,735.79,417.763,1153.553,861.023,230.08,1091.103,1091.103,0.0,0.0,62.45,0.0,0.0,0.0,0.0,0.0,0.0,305.565,0.306,0.986,0.0,0.0,0.0,0.0,0.0,0.0,1.0,1.0,0.999,minimize_generator,full_grid,False,0.0,1992.957,5000,inf
2021-09-22,810.85,421.03,1231.88,880.806,352.04,1232.846,1231.88,0.966,0.966,0.0,0.0,0.0,0.0,0.0,0.0,0.0,306.483,0.306,0.986,0.0,0.0,0.0,0.0,0.0,0.0,1.0,1.0,1.0,minimize_generator,full_grid,False,0.0,1992.957,5000,inf
2021-09-23,735.605,412.705,1148.31,916.951,347.88,1264.831,1148.31,116.521,116.521,0.0,0.0,0.0,0.0,0.0,0.0,0.0,417.178,0.417,0.989,0.0,0.0,0.0,0.0,0.0,0.0,1.0,1.0,1.0,minimize_generator,full_grid,False,0.0,1992.957,5000,inf
2021-09-24,735.99,362.266,1098.256,868.828,389.48,1258.308,1098.256,160.052,160.052,0.0,0.0,0.0,0.0,0.0,0.0,0.0,569.228,0.569,0.992,0.0,0.0,0.0,0.0,0.0,0.0,1.0,1.0,1.0,minimize_generator,full_grid,False,0.0,1992.957,5000,inf
2021-09-25,737.085,352.862,1089.947,888.083,183.64,1071.723,1071.723,0.0,0.0,18.224,0.0,0.0,0.0,0.0,0.0,0.0,550.044,0.55,0.992,0.0,0.0,0.0,0.0,0.0,0.0,1.0,1.0,1.0,minimize_generator,full_grid,False,0.0,1992.957,5000,inf
2021-09-26,733.18,392.901,1126.081,873.026,256.56,1129.586,1126.081,3.505,3.505,0.0,0.0,0.0,0.0,0.0,0.0,0.0,553.374,0.553,0.992,0.0,0.0,0.0,0.0,0.0,0.0,1.0,1.0,1.0,minimize_generator,full_grid,False,0.0,1992.957,5000,inf
2021-09-27,734.3,391.867,1126.167,817.424,481.56,1298.984,1126.167,172.817,172.817,0.0,0.0,0.0,0.0,0.0,0.0,0.0,717.55,0.718,0.994,0.0,0.0,0.0,0.0,0.0,0.0,1.0,1.0,1.0,minimize_generator,full_grid,False,0.0,1992.957,5000,inf
2021-09-28,811.21,440.007,1251.217,882.9,391.0,1273.9,1251.217,22.683,22.683,0.0,0.0,0.0,0.0,0.0,0.0,0.0,739.099,0.739,0.994,0.0,0.0,0.0,0.0,0.0,0.0,1.0,1.0,1.0,minimize_generator,full_grid,False,0.0,1992.957,5000,inf
2021-09-29,732.435,456.329,1188.764,888.664,341.12,1229.784,1188.764,41.02,41.02,0.0,0.0,0.0,0.0,0.0,0.0,0.0,778.067,0.778,0.995,0.0,0.0,0.0,0.0,0.0,0.0,1.0,1.0,1.0,minimize_generator,full_grid,False,0.0,1992.957,5000,inf
2021-09-30,731.14,470.578,1201.718,869.713,296.32,1166.033,1166.033,0.0,0.0,35.685,0.0,0.0,0.0,0.0,0.0,0.0,740.504,0.741,0.995,0.0,0.0,0.0,0.0,0.0,0.0,1.0,1.0,1.0,minimize_generator,full_grid,False,0.0,1992.957,5000,inf
2021-10-01,734.485,790.795,1525.28,836.771,379.44,1216.211,1216.211,0.0,0.0,309.069,0.0,0.0,0.0,0.0,0.0,0.0,415.168,0.415,0.995,0.0,0.0,0.0,0.0,0.0,0.0,1.0,1.0,0.999,minimize_generator,full_grid,False,0.0,0.0,5000,inf
2021-10-02,810.115,727.769,1537.884,842.043,381.8,1223.843,1223.843,0.0,0.0,204.409,109.631,0.0,0.0,0.0,0.0,0.0,200.0,0.2,0.995,0.0,0.0,10.441,0.0,0.0,10.441,0.929,1.0,0.928,minimize_generator,full_grid,False,109.631,0.0,5000,inf
2021-10-03,735.43,775.905,1511.335,845.303,367.56,1212.863,1212.863,0.0,0.0,0.0,298.472,0.0,0.0,0.0,0.0,0.0,200.0,0.2,0.995,0.0,0.0,28.252,0.0,0.0,28.252,0.803,1.0,0.803,minimize_generator,full_grid,False,408.103,0.0,5000,inf
2021-10-04,734.125,712.859,1446.984,836.669,277.08,1113.749,1113.749,0.0,0.0,0.0,333.235,0.0,0.0,0.0,0.0,0.0,200.0,0.2,0.995,0.0,0.0,31.643,0.0,0.0,31.643,0.77,1.0,0.77,minimize_generator,full_grid,False,741.339,0.0,5000,inf
2021-10-05,735.605,748.941,1484.546,820.976,295.4,1116.376,1116.376,0.0,0.0,0.0,368.17,0.0,0.0,0.0,0.0,0.0,200.0,0.2,0.995,0.0,0.0,34.897,0.0,0.0,34.897,0.752,1.0,0.752,minimize_generator,full_grid,False,1109.508,0.0,5000,inf
2021-10-06,665.67,686.818,1352.488,829.03,269.64,1098.67,1098.67,0.0,0.0,0.0,253.818,0.0,0.0,0.0,0.0,0.0,200.0,0.2,0.995,0.0,0.0,24.046,0.0,0.0,24.046,0.812,1.0,0.812,minimize_generator,full_grid,False,1363.326,0.0,5000,inf
2021-10-07,736.735,672.83,1409.565,826.722,60.72,887.442,887.442,0.0,0.0,0.0,522.123,0.0,0.0,0.0,0.0,0.0,200.0,0.2,0.995,0.0,0.0,49.695,0.0,0.0,49.695,0.63,1.0,0.63,minimize_generator,full_grid,False,1885.449,0.0,5000,inf
2021-10-08,735.99,745.105,1481.095,826.212,215.8,1042.012,1042.012,0.0,0.0,0.0,439.083,0.0,0.0,0.0,0.0,0.0,200.0,0.2,0.995,0.0,0.0,41.627,0.0,0.0,41.627,0.704,1.0,0.704,minimize_generator,full_grid,False,2324.532,0.0,5000,inf
2021-10-09,732.795,780.302,1513.097,796.56,256.56,1053.12,1053.12,0.0,0.0,0.0,459.977,0.0,0.0,0.0,0.0,0.0,200.0,0.2,0.995,0.0,0.0,43.524,0.0,0.0,43.524,0.696,1.0,0.696,minimize_generator,full_grid,False,2784.509,0.0,5000,inf
2021-10-10,737.655,799.725,1537.38,759.821,277.08,1036.901,1036.901,0.0,0.0,0.0,500.479,0.0,0.0,0.0,0.0,0.0,200.0,0.2,0.995,0.0,0.0,47.324,0.0,0.0,47.324,0.674,1.0,0.674,minimize_generator,full_grid,False,3284.988,0.0,5000,inf
2021-10-11,729.45,739.017,1468.467,687.361,171.48,858.841,858.841,0.0,0.0,0.0,609.626,0.0,0.0,0.0,0.0,0.0,200.0,0.2,0.995,0.0,0.0,57.794,0.0,0.0,57.794,0.585,1.0,0.585,minimize_generator,full_grid,False,3894.614,0.0,5000,inf
2021-10-12,737.47,720.768,1458.238,689.964,165.96,855.924,855.924,0.0,0.0,0.0,602.314,0.0,0.0,0.0,0.0,0.0,200.0,0.2,0.995,0.0,0.0,57.18,0.0,0.0,57.18,0.587,1.0,0.587,minimize_generator,full_grid,False,4496.928,0.0,5000,inf
2021-10-13,733.565,661.075,1394.64,682.679,197.76,880.439,880.439,0.0,78.872,0.0,503.072,0.0,11.128,78.872,0.0,0.0,274.928,0.275,0.723,54.0,6.0,47.906,0.0,30.591,78.497,0.639,1.0,0.631,minimize_generator,full_grid,False,5000.0,0.0,5000,inf
2021-10-14,731.315,640.414,1371.729,663.171,91.28,754.451,754.451,0.0,0.0,71.182,0.0,0.0,546.097,0.0,0.0,0.0,200.0,0.2,0.723,253.219,24.0,0.0,0.0,143.449,143.449,1.0,1.0,0.588,minimize_generator,full_grid,False,5000.0,0.0,5000,inf
2021-10-15,732.235,692.417,1424.652,725.966,128.4,854.366,854.366,0.0,0.0,0.0,0.0,0.0,570.286,0.0,0.0,0.0,200.0,0.2,0.723,258.057,24.0,0.0,0.0,146.189,146.189,1.0,1.0,0.6,minimize_generator,full_grid,False,5000.0,0.0,5000,inf
2021-10-16,731.7,886.278,1617.978,753.309,413.08,1166.389,1166.389,0.0,0.0,0.0,0.0,0.0,451.589,0.0,0.0,0.0,200.0,0.2,0.723,234.318,24.0,0.0,0.0,132.741,132.741,1.0,1.0,0.721,minimize_generator,full_grid,False,5000.0,0.0,5000,inf
2021-10-17,736.165,757.749,1493.914,734.581,387.2,1121.781,1121.781,0.0,0.0,0.0,0.0,0.0,372.133,0.0,0.0,0.0,200.0,0.2,0.723,218.427,24.0,0.0,0.0,123.739,123.739,1.0,1.0,0.751,minimize_generator,full_grid,False,5000.0,0.0,5000,inf
2021-10-18,664.375,699.85,1364.225,753.021,397.76,1150.781,1150.781,0.0,0.0,0.0,0.0,0.0,213.444,0.0,0.0,0.0,200.0,0.2,0.723,128.067,14.23,0.0,0.0,72.55,72.55,1.0,1.0,0.844,minimize_generator,full_grid,False,5000.0,0.0,5000,inf
2021-10-19,665.11,740.044,1405.154,773.137,384.88,1158.017,1158.017,0.0,0.0,0.0,0.0,0.0,247.137,0.0,0.0,0.0,200.0,0.2,0.723,148.282,16.476,0.0,0.0,84.002,84.002,1.0,1.0,0.824,minimize_generator,full_grid,False,5000.0,0.0,5000,inf
2021-10-20,734.66,680.315,1414.975,745.196,382.56,1127.756,1127.756,0.0,0.0,0.0,0.0,0.0,287.219,0.0,0.0,0.0,200.0,0.2,0.723,172.331,19.148,0.0,0.0,97.626,97.626,1.0,1.0,0.797,minimize_generator,full_grid,False,5000.0,0.0,5000,inf
2021-10-21,665.11,571.827,1236.937,739.56,311.56,1051.12,1051.12,0.0,0.0,0.0,0.0,0.0,185.817,0.0,0.0,0.0,200.0,0.2,0.723,111.49,12.388,0.0,0.0,63.159,63.159,1.0,1.0,0.85,minimize_generator,full_grid,False,5000.0,0.0,5000,inf
2021-10-22,733.355,533.989,1267.344,734.88,349.52,1084.4,1084.4,0.0,0.0,0.0,0.0,0.0,182.944,0.0,0.0,0.0,200.0,0.2,0.723,109.766,12.196,0.0,0.0,62.183,62.183,1.0,1.0,0.856,minimize_generator,full_grid,False,5000.0,0.0,5000,inf
2021-10-23,736.165,525.526,1261.691,736.98,170.56,907.54,907.54,0.0,0.0,0.0,0.0,0.0,354.151,0.0,0.0,0.0,200.0,0.2,0.723,212.49,23.61,0.0,0.0,120.376,120.376,1.0,1.0,0.719,minimize_generator,full_grid,False,5000.0,0.0,5000,inf
2021-10-24,664.935,428.968,1093.903,729.806,120.76,850.566,850.566,0.0,0.0,0.0,0.0,0.0,243.337,0.0,0.0,0.0,200.0,0.2,0.723,146.002,16.222,0.0,0.0,82.71,82.71,1.0,1.0,0.778,minimize_generator,full_grid,False,5000.0,0.0,5000,inf
2021-10-25,731.7,431.477,1163.177,728.008,102.8,830.808,830.808,0.0,0.0,0.0,0.0,0.0,332.369,0.0,0.0,0.0,200.0,0.2,0.723,199.421,22.158,0.0,0.0,112.972,112.972,1.0,1.0,0.714,minimize_generator,full_grid,False,5000.0,0.0,5000,inf
2021-10-26,661.165,427.788,1088.953,721.056,138.84,859.896,859.896,0.0,0.0,0.0,0.0,0.0,229.057,0.0,0.0,0.0,200.0,0.2,0.723,137.434,15.27,0.0,0.0,77.857,77.857,1.0,1.0,0.79,minimize_generator,full_grid,False,5000.0,0.0,5000,inf
2021-10-27,731.315,392.979,1124.294,703.113,35.92,739.033,739.033,0.0,0.0,0.0,0.0,0.0,385.261,0.0,0.0,0.0,200.0,0.2,0.723,221.052,24.0,0.0,0.0,125.226,125.226,1.0,1.0,0.657,minimize_generator,full_grid,False,5000.0,0.0,5000,inf
2021-10-28,665.855,291.974,957.829,662.401,5.36,667.761,667.761,0.0,0.0,0.0,0.0,0.0,290.068,0.0,0.0,0.0,200.0,0.2,0.723,174.041,19.338,0.0,0.0,98.594,98.594,1.0,1.0,0.697,minimize_generator,full_grid,False,5000.0,0.0,5000,inf
2021-10-29,729.625,271.859,1001.484,690.124,11.96,702.084,702.084,0.0,0.0,0.0,0.0,0.0,299.4,0.0,0.0,0.0,200.0,0.2,0.723,179.64,19.96,0.0,0.0,101.766,101.766,1.0,1.0,0.701,minimize_generator,full_grid,False,5000.0,0.0,5000,inf
2021-10-30,661.725,163.884,825.609,539.495,130.12,669.615,669.615,0.0,0.0,0.0,0.0,0.0,155.994,0.0,0.0,0.0,200.0,0.2,0.723,93.596,10.4,0.0,0.0,53.022,53.022,1.0,1.0,0.811,minimize_generator,full_grid,False,5000.0,0.0,5000,inf
2021-10-31,657.61,72.313,729.923,332.002,57.12,389.122,389.122,0.0,0.0,0.0,0.0,0.0,340.801,0.0,0.0,0.0,200.0,0.2,0.723,204.481,22.72,0.0,0.0,115.838,115.838,1.0,1.0,0.533,minimize_generator,full_grid,False,5000.0,0.0,5000,inf
2021-11-01,665.855,641.507,1307.362,587.381,63.8,651.181,651.181,0.0,0.0,0.0,656.181,0.0,0.0,0.0,0.0,0.0,200.0,0.2,0.723,0.0,0.0,61.177,0.0,0.0,61.177,0.498,1.0,0.498,minimize_generator,full_grid,False,656.181,0.0,5000,inf
2021-11-02,588.75,723.579,1312.329,637.169,359.44,996.609,996.609,0.0,0.0,0.0,315.72,0.0,0.0,0.0,0.0,0.0,200.0,0.2,0.723,0.0,0.0,29.163,0.0,0.0,29.163,0.759,1.0,0.759,minimize_generator,full_grid,False,971.901,0.0,5000,inf
2021-11-03,661.725,749.616,1411.341,682.77,217.72,900.49,900.49,0.0,0.0,0.0,510.851,0.0,0.0,0.0,0.0,0.0,200.0,0.2,0.723,0.0,0.0,47.334,0.0,0.0,47.334,0.638,1.0,0.638,minimize_generator,full_grid,False,1482.753,0.0,5000,inf
2021-11-04,729.45,671.514,1400.964,670.332,67.6,737.932,737.932,0.0,0.0,0.0,663.032,0.0,0.0,0.0,0.0,0.0,200.0,0.2,0.723,0.0,0.0,61.923,0.0,0.0,61.923,0.527,1.0,0.527,minimize_generator,full_grid,False,2145.785,0.0,5000,inf
2021-11-05,663.43,711.638,1375.068,660.532,102.8,763.332,763.332,0.0,0.0,0.0,611.736,0.0,0.0,0.0,0.0,0.0,200.0,0.2,0.723,0.0,0.0,56.8,0.0,0.0,56.8,0.555,1.0,0.555,minimize_generator,full_grid,False,2757.52,0.0,5000,inf
2021-11-06,732.62,724.725,1457.345,659.355,134.44,793.795,793.795,0.0,0.0,0.0,663.55,0.0,0.0,0.0,0.0,0.0,200.0,0.2,0.723,0.0,0.0,61.802,0.0,0.0,61.802,0.545,1.0,0.545,minimize_generator,full_grid,False,3421.071,0.0,5000,inf
2021-11-07,665.855,704.304,1370.159,659.558,95.8,755.358,755.358,0.0,0.0,0.0,614.801,0.0,0.0,0.0,0.0,0.0,200.0,0.2,0.723,0.0,0.0,57.115,0.0,0.0,57.115,0.551,1.0,0.551,minimize_generator,full_grid,False,4035.871,0.0,5000,inf
2021-11-08,658.94,682.907,1341.847,665.78,40.56,706.34,706.34,0.0,0.0,0.0,635.507,0.0,0.0,0.0,0.0,0.0,200.0,0.2,0.723,0.0,0.0,59.085,0.0,0.0,59.085,0.526,1.0,0.526,minimize_generator,full_grid,False,4671.378,0.0,5000,inf
2021-11-09,661.165,668.938,1330.103,651.847,26.84,678.687,678.687,0.0,0.0,0.0,328.622,0.0,322.794,0.0,0.0,0.0,200.0,0.2,0.723,193.676,21.52,30.581,0.0,115.373,145.954,0.753,1.0,0.51,minimize_generator,full_grid,False,5000.0,0.0,5000,inf
2021-11-10,660.595,687.609,1348.204,637.152,122.44,759.592,759.592,0.0,0.0,0.0,0.0,0.0,588.612,0.0,0.0,0.0,200.0,0.2,0.723,261.722,24.0,0.0,0.0,155.908,155.908,1.0,1.0,0.563,minimize_generator,full_grid,False,5000.0,0.0,5000,inf
2021-11-11,587.83,654.187,1242.017,564.839,159.52,724.359,724.359,0.0,0.0,0.0,0.0,0.0,517.658,0.0,0.0,0.0,200.0,0.2,0.723,247.532,24.0,0.0,0.0,147.455,147.455,1.0,1.0,0.583,minimize_generator,full_grid,False,5000.0,0.0,5000,inf
2021-11-12,656.69,510.248,1166.938,550.099,3.24,553.339,553.339,0.0,0.0,0.0,0.0,0.0,613.599,0.0,0.0,0.0,200.0,0.2,0.723,266.72,24.0,0.0,0.0,158.885,158.885,1.0,1.0,0.474,minimize_generator,full_grid,False,5000.0,0.0,5000,inf
2021-11-13,657.81,480.505,1138.315,177.657,43.0,220.657,220.657,0.0,0.0,0.0,0.0,0.0,917.658,0.0,0.0,0.0,200.0,0.2,0.723,327.532,24.0,0.0,0.0,195.111,195.111,1.0,1.0,0.194,minimize_generator,full_grid,False,5000.0,0.0,5000,inf
2021-11-14,585.22,536.864,1122.084,367.307,41.52,408.827,408.827,0.0,0.0,0.0,0.0,0.0,713.257,0.0,0.0,0.0,200.0,0.2,0.723,286.651,24.0,0.0,0.0,170.758,170.758,1.0,1.0,0.364,minimize_generator,full_grid,False,5000.0,0.0,5000,inf
2021-11-15,659.475,635.674,1295.149,595.272,48.72,643.992,643.992,0.0,0.0,0.0,0.0,0.0,651.157,0.0,0.0,0.0,200.0,0.2,0.723,274.231,24.0,0.0,0.0,163.36,163.36,1.0,1.0,0.497,minimize_generator,full_grid,False,5000.0,0.0,5000,inf
2021-11-16,658.17,651.321,1309.491,540.258,166.88,707.138,707.138,0.0,0.0,0.0,0.0,0.0,602.353,0.0,0.0,0.0,200.0,0.2,0.723,264.471,24.0,0.0,0.0,157.545,157.545,1.0,1.0,0.54,minimize_generator,full_grid,False,5000.0,0.0,5000,inf
2021-11-17,585.755,711.731,1297.486,575.45,219.6,795.05,795.05,0.0,0.0,0.0,0.0,0.0,502.436,0.0,0.0,0.0,200.0,0.2,0.723,244.487,24.0,0.0,0.0,145.641,145.641,1.0,1.0,0.613,minimize_generator,full_grid,False,5000.0,0.0,5000,inf
2021-11-18,660.035,716.451,1376.486,603.907,357.0,960.907,960.907,0.0,0.0,0.0,0.0,0.0,415.579,0.0,0.0,0.0,200.0,0.2,0.723,227.116,24.0,0.0,0.0,135.293,135.293,1.0,1.0,0.698,minimize_generator,full_grid,False,5000.0,0.0,5000,inf
2021-11-19,660.98,745.313,1406.293,599.192,407.32,1006.512,1006.512,0.0,0.0,0.0,0.0,0.0,399.781,0.0,0.0,0.0,200.0,0.2,0.723,223.956,24.0,0.0,0.0,133.411,133.411,1.0,1.0,0.716,minimize_generator,full_grid,False,5000.0,0.0,5000,inf
2021-11-20,658.94,649.536,1308.476,609.27,313.36,922.63,922.63,0.0,0.0,0.0,0.0,0.0,385.846,0.0,0.0,0.0,200.0,0.2,0.723,221.169,24.0,0.0,0.0,131.751,131.751,1.0,1.0,0.705,minimize_generator,full_grid,False,5000.0,0.0,5000,inf
2021-11-21,589.695,621.783,1211.478,584.211,270.56,854.771,854.771,0.0,0.0,0.0,0.0,0.0,356.707,0.0,0.0,0.0,200.0,0.2,0.723,214.024,23.78,0.0,0.0,127.494,127.494,1.0,1.0,0.706,minimize_generator,full_grid,False,5000.0,0.0,5000,inf
2021-11-22,659.675,576.103,1235.778,604.585,49.24,653.825,653.825,0.0,0.0,0.0,0.0,0.0,581.953,0.0,0.0,0.0,200.0,0.2,0.723,260.391,24.0,0.0,0.0,155.115,155.115,1.0,1.0,0.529,minimize_generator,full_grid,False,5000.0,0.0,5000,inf
2021-11-23,659.86,676.404,1336.264,617.625,88.32,705.945,705.945,0.0,0.0,0.0,0.0,0.0,630.319,0.0,0.0,0.0,200.0,0.2,0.723,270.064,24.0,0.0,0.0,160.877,160.877,1.0,1.0,0.528,minimize_generator,full_grid,False,5000.0,0.0,5000,inf
2021-11-24,658.17,678.325,1336.495,599.721,177.08,776.801,776.801,0.0,0.0,0.0,0.0,0.0,559.694,0.0,0.0,0.0,200.0,0.2,0.723,255.939,24.0,0.0,0.0,152.463,152.463,1.0,1.0,0.581,minimize_generator,full_grid,False,5000.0,0.0,5000,inf
2021-11-25,586.885,674.144,1261.029,595.285,159.52,754.805,754.805,0.0,0.0,0.0,0.0,0.0,506.224,0.0,0.0,0.0,200.0,0.2,0.723,245.245,24.0,0.0,0.0,146.092,146.092,1.0,1.0,0.599,minimize_generator,full_grid,False,5000.0,0.0,5000,inf
2021-11-26,657.435,661.608,1319.043,600.193,214.84,815.033,815.033,0.0,0.0,0.0,0.0,0.0,504.01,0.0,0.0,0.0,200.0,0.2,0.723,244.802,24.0,0.0,0.0,145.829,145.829,1.0,1.0,0.618,minimize_generator,full_grid,False,5000.0,0.0,5000,inf
2021-11-27,660.805,549.779,1210.584,600.735,59.52,660.255,660.255,0.0,0.0,0.0,0.0,0.0,550.329,0.0,0.0,0.0,200.0,0.2,0.723,254.066,24.0,0.0,0.0,151.347,151.347,1.0,1.0,0.545,minimize_generator,full_grid,False,5000.0,0.0,5000,inf
2021-11-28,586.885,542.838,1129.723,595.51,41.52,637.03,637.03,0.0,0.0,0.0,0.0,0.0,492.693,0.0,0.0,0.0,200.0,0.2,0.723,242.539,24.0,0.0,0.0,144.48,144.48,1.0,1.0,0.564,minimize_generator,full_grid,False,5000.0,0.0,5000,inf
2021-11-29,663.99,442.072,1106.062,577.483,14.44,591.923,591.923,0.0,0.0,0.0,0.0,0.0,514.139,0.0,0.0,0.0,200.0,0.2,0.723,246.828,24.0,0.0,0.0,147.035,147.035,1.0,1.0,0.535,minimize_generator,full_grid,False,5000.0,0.0,5000,inf
2021-11-30,586.7,342.458,929.158,557.487,30.76,588.247,588.247,0.0,0.0,0.0,0.0,0.0,340.911,0.0,0.0,0.0,200.0,0.2,0.723,204.547,22.727,0.0,0.0,121.849,121.849,1.0,1.0,0.633,minimize_generator,full_grid,False,5000.0,0.0,5000,inf
2021-12-01,588.565,687.297,1275.862,550.802,479.96,1030.762,1030.762,0.0,0.0,0.0,245.1,0.0,0.0,0.0,0.0,0.0,200.0,0.2,0.723,0.0,0.0,22.635,0.0,0.0,22.635,0.808,1.0,0.808,minimize_generator,full_grid,False,245.1,0.0,5000,inf
2021-12-02,585.755,582.573,1168.328,568.638,202.52,771.158,771.158,0.0,0.0,0.0,397.17,0.0,0.0,0.0,0.0,0.0,200.0,0.2,0.723,0.0,0.0,36.905,0.0,0.0,36.905,0.66,1.0,0.66,minimize_generator,full_grid,False,642.27,0.0,5000,inf
2021-12-03,588.95,484.512,1073.462,538.612,17.48,556.092,556.092,0.0,0.0,0.0,517.37,0.0,0.0,0.0,0.0,0.0,200.0,0.2,0.723,0.0,0.0,48.421,0.0,0.0,48.421,0.518,1.0,0.518,minimize_generator,full_grid,False,1159.64,0.0,5000,inf
2021-12-04,581.29,439.554,1020.844,554.823,1.88,556.703,556.703,0.0,0.0,0.0,464.141,0.0,0.0,0.0,0.0,0.0,200.0,0.2,0.723,0.0,0.0,43.576,0.0,0.0,43.576,0.545,1.0,0.545,minimize_generator,full_grid,False,1623.781,0.0,5000,inf
2021-12-05,585.58,335.576,921.156,497.459,267.8,765.259,765.259,0.0,0.0,0.0,155.897,0.0,0.0,0.0,0.0,0.0,200.0,0.2,0.723,0.0,0.0,14.783,0.0,0.0,14.783,0.831,1.0,0.831,minimize_generator,full_grid,False,1779.678,0.0,5000,inf
2021-12-06,583.355,242.104,825.459,542.112,6.28,548.392,548.392,0.0,0.0,0.0,277.067,0.0,0.0,0.0,0.0,0.0,200.0,0.2,0.723,0.0,0.0,26.553,0.0,0.0,26.553,0.664,1.0,0.664,minimize_generator,full_grid,False,2056.745,0.0,5000,inf
2021-12-07,587.62,265.093,852.713,411.637,68.24,479.877,479.877,0.0,0.0,0.0,372.836,0.0,0.0,0.0,0.0,0.0,200.0,0.2,0.723,0.0,0.0,35.638,0.0,0.0,35.638,0.563,1.0,0.563,minimize_generator,full_grid,False,2429.581,0.0,5000,inf
2021-12-08,657.61,355.428,1013.038,541.235,454.52,995.755,995.755,0.0,0.0,0.0,17.283,0.0,0.0,0.0,0.0,0.0,200.0,0.2,0.723,0.0,0.0,1.642,0.0,0.0,1.642,0.983,1.0,0.983,minimize_generator,full_grid,False,2446.864,0.0,5000,inf
2021-12-09,589.31,305.617,894.927,517.172,176.16,693.332,693.332,0.0,0.0,0.0,201.595,0.0,0.0,0.0,0.0,0.0,200.0,0.2,0.723,0.0,0.0,19.182,0.0,0.0,19.182,0.775,1.0,0.775,minimize_generator,full_grid,False,2648.459,0.0,5000,inf
2021-12-10,571.665,316.688,888.353,538.036,52.56,590.596,590.596,0.0,0.0,0.0,297.757,0.0,0.0,0.0,0.0,0.0,200.0,0.2,0.723,0.0,0.0,28.268,0.0,0.0,28.268,0.665,1.0,0.665,minimize_generator,full_grid,False,2946.216,0.0,5000,inf
2021-12-11,660.805,255.604,916.409,444.839,17.2,462.039,462.039,0.0,0.0,0.0,454.37,0.0,0.0,0.0,0.0,0.0,200.0,0.2,0.723,0.0,0.0,43.637,0.0,0.0,43.637,0.504,1.0,0.504,minimize_generator,full_grid,False,3400.587,0.0,5000,inf
2021-12-12,587.445,237.27,824.715,323.417,41.04,364.457,364.457,0.0,0.0,0.0,460.258,0.0,0.0,0.0,0.0,0.0,200.0,0.2,0.723,0.0,0.0,44.146,0.0,0.0,44.146,0.442,1.0,0.442,minimize_generator,full_grid,False,3860.845,0.0,5000,inf
2021-12-13,583.155,201.828,784.983,378.306,0.64,378.946,378.946,0.0,0.0,0.0,406.037,0.0,0.0,0.0,0.0,0.0,200.0,0.2,0.723,0.0,0.0,39.121,0.0,0.0,39.121,0.483,1.0,0.483,minimize_generator,full_grid,False,4266.882,0.0,5000,inf
2021-12-14,586.525,320.963,907.488,494.752,240.52,735.272,735.272,0.0,0.0,0.0,172.216,0.0,0.0,0.0,0.0,0.0,200.0,0.2,0.723,0.0,0.0,16.357,0.0,0.0,16.357,0.81,1.0,0.81,minimize_generator,full_grid,False,4439.098,0.0,5000,inf
2021-12-15,586.315,318.113,904.428,539.379,418.68,958.059,904.428,53.631,53.631,0.0,0.0,0.0,0.0,0.0,0.0,0.0,250.949,0.251,0.78,0.0,0.0,0.0,0.0,0.0,0.0,1.0,1.0,1.0,minimize_generator,full_grid,False,4439.098,0.0,5000,inf
2021-12-16,583.155,273.651,856.806,482.276,287.2,769.476,769.476,0.0,0.0,48.402,38.928,0.0,0.0,0.0,0.0,0.0,200.0,0.2,0.78,0.0,0.0,3.716,0.0,0.0,3.716,0.955,1.0,0.942,minimize_generator,full_grid,False,4478.026,0.0,5000,inf
2021-12-17,586.14,286.055,872.195,509.535,297.2,806.735,806.735,0.0,0.0,0.0,65.46,0.0,0.0,0.0,0.0,0.0,200.0,0.2,0.78,0.0,0.0,6.241,0.0,0.0,6.241,0.925,1.0,0.925,minimize_generator,full_grid,False,4543.486,0.0,5000,inf
2021-12-18,582.97,267.069,850.039,561.113,217.72,778.833,778.833,0.0,0.0,0.0,71.206,0.0,0.0,0.0,0.0,0.0,200.0,0.2,0.78,0.0,0.0,6.803,0.0,0.0,6.803,0.916,1.0,0.916,minimize_generator,full_grid,False,4614.692,0.0,5000,inf
2021-12-19,583.715,252.279,835.994,554.445,110.8,665.245,665.245,0.0,0.0,0.0,170.749,0.0,0.0,0.0,0.0,0.0,200.0,0.2,0.78,0.0,0.0,16.343,0.0,0.0,16.343,0.796,1.0,0.796,minimize_generator,full_grid,False,4785.442,0.0,5000,inf
2021-12-20,582.41,251.227,833.637,469.852,382.56,852.412,833.637,18.775,18.775,0.0,0.0,0.0,0.0,0.0,0.0,0.0,217.836,0.218,0.798,0.0,0.0,0.0,0.0,0.0,0.0,1.0,1.0,1.0,minimize_generator,full_grid,False,4785.442,0.0,5000,inf
2021-12-21,572.155,292.836,864.991,560.369,295.4,855.769,855.769,0.0,0.0,9.222,0.0,0.0,0.0,0.0,0.0,0.0,208.128,0.208,0.798,0.0,0.0,0.0,0.0,0.0,0.0,1.0,1.0,0.998,minimize_generator,full_grid,False,4785.442,0.0,5000,inf
2021-12-22,585.22,303.501,888.721,548.2,267.8,816.0,816.0,0.0,0.0,7.722,64.999,0.0,0.0,0.0,0.0,0.0,200.0,0.2,0.798,0.0,0.0,6.185,0.0,0.0,6.185,0.927,1.0,0.925,minimize_generator,full_grid,False,4850.44,0.0,5000,inf
2021-12-23,586.7,291.125,877.825,443.69,287.2,730.89,730.89,0.0,0.0,0.0,146.935,0.0,0.0,0.0,0.0,0.0,200.0,0.2,0.798,0.0,0.0,14.002,0.0,0.0,14.002,0.833,1.0,0.833,minimize_generator,full_grid,False,4997.376,0.0,5000,inf
2021-12-24,586.315,35.755,622.07,528.651,352.04,880.691,622.07,258.621,258.621,0.0,0.0,0.0,0.0,0.0,0.0,0.0,445.69,0.446,0.909,0.0,0.0,0.0,0.0,0.0,0.0,1.0,1.0,1.0,minimize_generator,full_grid,False,4997.376,0.0,5000,inf
2021-12-25,587.445,24.975,612.42,576.454,137.96,714.414,612.42,101.994,101.994,0.0,0.0,0.0,0.0,0.0,0.0,0.0,542.585,0.543,0.925,0.0,0.0,0.0,0.0,0.0,0.0,1.0,1.0,1.0,minimize_generator,full_grid,False,4997.376,0.0,5000,inf
2021-12-26,585.395,24.164,609.559,564.148,137.08,701.228,609.559,91.669,91.669,0.0,0.0,0.0,0.0,0.0,0.0,0.0,629.67,0.63,0.936,0.0,0.0,0.0,0.0,0.0,0.0,1.0,1.0,1.0,minimize_generator,full_grid,False,4997.376,0.0,5000,inf
2021-12-27,582.235,23.688,605.923,548.548,89.04,637.588,605.923,31.665,31.665,0.0,0.0,0.0,0.0,0.0,0.0,0.0,659.752,0.66,0.939,0.0,0.0,0.0,0.0,0.0,0.0,1.0,1.0,1.0,minimize_generator,full_grid,False,4997.376,0.0,5000,inf
2021-12-28,587.26,22.932,610.192,396.739,218.68,615.419,610.192,5.227,5.227,0.0,0.0,0.0,0.0,0.0,0.0,0.0,664.718,0.665,0.939,0.0,0.0,0.0,0.0,0.0,0.0,1.0,1.0,1.0,minimize_generator,full_grid,False,4997.376,0.0,5000,inf
2021-12-29,571.985,20.704,592.689,546.241,313.36,859.601,592.689,266.912,142.402,0.0,0.0,124.51,0.0,0.0,0.0,0.0,800.0,0.8,0.949,0.0,0.0,0.0,0.0,0.0,0.0,1.0,0.855,1.0,minimize_generator,full_grid,False,4997.376,124.51,5000,inf
2021-12-30,580.545,21.821,602.366,463.48,61.32,524.8,524.8,0.0,0.0,77.566,0.0,0.0,0.0,0.0,0.0,0.0,718.352,0.718,0.949,0.0,0.0,0.0,0.0,0.0,0.0,1.0,1.0,0.993,minimize_generator,full_grid,False,4997.376,124.51,5000,inf
2021-12-31,572.365,22.885,595.25,317.108,62.56,379.668,379.668,0.0,0.0,215.582,0.0,0.0,0.0,0.0,0.0,0.0,491.423,0.491,0.949,0.0,0.0,0.0,0.0,0.0,0.0,1.0,1.0,0.982,minimize_generator,full_grid,False,4997.376,124.51,5000,inf
2022-01-01,588.75,24.098,612.848,337.183,91.28,428.463,428.463,0.0,0.0,184.385,0.0,0.0,0.0,0.0,0.0,0.0,297.333,0.297,0.949,0.0,0.0,0.0,0.0,0.0,0.0,1.0,1.0,0.985,minimize_generator,full_grid,False,0.0,0.0,5000,inf
2022-01-02,588.18,22.47,610.65,527.894,357.8,885.694,610.65,275.044,275.044,0.0,0.0,0.0,0.0,0.0,0.0,0.0,558.625,0.559,0.973,0.0,0.0,0.0,0.0,0.0,0.0,1.0,1.0,1.0,minimize_generator,full_grid,False,0.0,0.0,5000,inf
2022-01-03,586.525,20.283,606.808,463.586,249.96,713.546,606.808,106.738,106.738,0.0,0.0,0.0,0.0,0.0,0.0,0.0,660.026,0.66,0.977,0.0,0.0,0.0,0.0,0.0,0.0,1.0,1.0,1.0,minimize_generator,full_grid,False,0.0,0.0,5000,inf
2022-01-04,588.565,19.623,608.188,595.976,136.2,732.176,608.188,123.988,123.988,0.0,0.0,0.0,0.0,0.0,0.0,0.0,777.815,0.778,0.981,0.0,0.0,0.0,0.0,0.0,0.0,1.0,1.0,1.0,minimize_generator,full_grid,False,0.0,0.0,5000,inf
2022-01-05,581.29,19.948,601.238,602.682,57.72,660.402,601.238,59.164,23.353,0.0,0.0,35.811,0.0,0.0,0.0,0.0,800.0,0.8,0.981,0.0,0.0,0.0,0.0,0.0,0.0,1.0,0.946,1.0,minimize_generator,full_grid,False,0.0,35.811,5000,inf
2022-01-06,585.755,20.917,606.672,562.844,1.12,563.964,563.964,0.0,0.0,42.708,0.0,0.0,0.0,0.0,0.0,0.0,755.045,0.755,0.981,0.0,0.0,0.0,0.0,0.0,0.0,1.0,1.0,0.999,minimize_generator,full_grid,False,0.0,35.811,5000,inf
2022-01-07,583.89,22.105,605.995,593.866,28.0,621.866,605.995,15.871,15.871,0.0,0.0,0.0,0.0,0.0,0.0,0.0,770.122,0.77,0.982,0.0,0.0,0.0,0.0,0.0,0.0,1.0,1.0,1.0,minimize_generator,full_grid,False,0.0,35.811,5000,inf
2022-01-08,587.62,21.457,609.077,571.225,30.76,601.985,601.985,0.0,0.0,7.092,0.0,0.0,0.0,0.0,0.0,0.0,762.656,0.763,0.982,0.0,0.0,0.0,0.0,0.0,0.0,1.0,1.0,1.0,minimize_generator,full_grid,False,0.0,35.811,5000,inf
2022-01-09,583.89,20.974,604.864,431.008,72.84,503.848,503.848,0.0,0.0,101.016,0.0,0.0,0.0,0.0,0.0,0.0,656.323,0.656,0.982,0.0,0.0,0.0,0.0,0.0,0.0,1.0,1.0,0.997,minimize_generator,full_grid,False,0.0,35.811,5000,inf
2022-01-10,582.97,18.699,601.669,543.876,212.96,756.836,601.669,155.167,151.239,0.0,0.0,3.928,0.0,0.0,0.0,0.0,800.0,0.8,0.985,0.0,0.0,0.0,0.0,0.0,0.0,1.0,0.995,1.0,minimize_generator,full_grid,False,0.0,39.739,5000,inf
2022-01-11,586.315,17.33,603.645,615.751,21.88,637.631,603.645,33.986,0.0,0.0,0.0,33.986,0.0,0.0,0.0,0.0,800.0,0.8,0.985,0.0,0.0,0.0,0.0,0.0,0.0,1.0,0.947,1.0,minimize_generator,full_grid,False,0.0,73.725,5000,inf
2022-01-12,587.62,19.26,606.88,468.647,28.36,497.007,497.007,0.0,0.0,109.873,0.0,0.0,0.0,0.0,0.0,0.0,684.344,0.684,0.985,0.0,0.0,0.0,0.0,0.0,0.0,1.0,1.0,0.997,minimize_generator,full_grid,False,0.0,73.725,5000,inf
2022-01-13,581.85,20.32,602.17,518.575,360.28,878.855,602.17,276.685,121.743,0.0,0.0,154.941,0.0,0.0,0.0,0.0,800.0,0.8,0.987,0.0,0.0,0.0,0.0,0.0,0.0,1.0,0.824,1.0,minimize_generator,full_grid,False,0.0,228.667,5000,inf
2022-01-14,584.1,5.772,589.872,620.797,414.48,1035.277,589.872,445.405,0.0,0.0,0.0,445.405,0.0,0.0,0.0,0.0,800.0,0.8,0.987,0.0,0.0,0.0,0.0,0.0,0.0,1.0,0.57,1.0,minimize_generator,full_grid,False,0.0,674.072,5000,inf
2022-01-15,572.425,7.994,580.419,594.272,364.32,958.592,580.419,378.173,0.0,0.0,0.0,378.173,0.0,0.0,0.0,0.0,800.0,0.8,0.987,0.0,0.0,0.0,0.0,0.0,0.0,1.0,0.605,1.0,minimize_generator,full_grid,False,0.0,1052.245,5000,inf
2022-01-16,570.855,8.55,579.405,557.151,307.12,864.271,579.405,284.866,0.0,0.0,0.0,284.866,0.0,0.0,0.0,0.0,800.0,0.8,0.987,0.0,0.0,0.0,0.0,0.0,0.0,1.0,0.67,1.0,minimize_generator,full_grid,False,0.0,1337.111,5000,inf
2022-01-17,585.02,8.086,593.106,457.262,184.56,641.822,593.106,48.716,0.0,0.0,0.0,48.716,0.0,0.0,0.0,0.0,800.0,0.8,0.987,0.0,0.0,0.0,0.0,0.0,0.0,1.0,0.924,1.0,minimize_generator,full_grid,False,0.0,1385.827,5000,inf
2022-01-18,586.525,7.939,594.464,647.406,130.12,777.526,594.464,183.062,0.0,0.0,0.0,183.062,0.0,0.0,0.0,0.0,800.0,0.8,0.987,0.0,0.0,0.0,0.0,0.0,0.0,1.0,0.765,1.0,minimize_generator,full_grid,False,0.0,1568.888,5000,inf
2022-01-19,585.22,9.634,594.854,523.878,410.92,934.798,594.854,339.944,0.0,0.0,0.0,339.944,0.0,0.0,0.0,0.0,800.0,0.8,0.987,0.0,0.0,0.0,0.0,0.0,0.0,1.0,0.636,1.0,minimize_generator,full_grid,False,0.0,1908.833,5000,inf
2022-01-20,571.445,9.336,580.781,657.32,258.44,915.76,580.781,334.979,0.0,0.0,0.0,334.979,0.0,0.0,0.0,0.0,800.0,0.8,0.987,0.0,0.0,0.0,0.0,0.0,0.0,1.0,0.634,1.0,minimize_generator,full_grid,False,0.0,2243.811,5000,inf
2022-01-21,582.97,7.723,590.693,668.585,42.04,710.625,590.693,119.932,0.0,0.0,0.0,119.932,0.0,0.0,0.0,0.0,800.0,0.8,0.987,0.0,0.0,0.0,0.0,0.0,0.0,1.0,0.831,1.0,minimize_generator,full_grid,False,0.0,2363.743,5000,inf
2022-01-22,571.175,9.185,580.36,671.364,284.44,955.804,580.36,375.444,0.0,0.0,0.0,375.444,0.0,0.0,0.0,0.0,800.0,0.8,0.987,0.0,0.0,0.0,0.0,0.0,0.0,1.0,0.607,1.0,minimize_generator,full_grid,False,0.0,2739.187,5000,inf
2022-01-23,589.485,9.78,599.265,660.729,351.2,1011.929,599.265,412.664,0.0,0.0,0.0,412.664,0.0,0.0,0.0,0.0,800.0,0.8,0.987,0.0,0.0,0.0,0.0,0.0,0.0,1.0,0.592,1.0,minimize_generator,full_grid,False,0.0,3151.851,5000,inf
2022-01-24,572.425,8.689,581.114,666.037,302.64,968.677,581.114,387.563,0.0,0.0,0.0,387.563,0.0,0.0,0.0,0.0,800.0,0.8,0.987,0.0,0.0,0.0,0.0,0.0,0.0,1.0,0.6,1.0,minimize_generator,full_grid,False,0.0,3539.414,5000,inf
2022-01-25,589.31,9.014,598.324,687.104,349.52,1036.624,598.324,438.3,0.0,0.0,0.0,438.3,0.0,0.0,0.0,0.0,800.0,0.8,0.987,0.0,0.0,0.0,0.0,0.0,0.0,1.0,0.577,1.0,minimize_generator,full_grid,False,0.0,3977.713,5000,inf
2022-01-26,588.18,10.178,598.358,553.482,459.92,1013.402,598.358,415.044,0.0,0.0,0.0,415.044,0.0,0.0,0.0,0.0,800.0,0.8,0.987,0.0,0.0,0.0,0.0,0.0,0.0,1.0,0.59,1.0,minimize_generator,full_grid,False,0.0,4392.757,5000,inf
2022-01-27,581.29,8.516,589.806,613.308,401.48,1014.788,589.806,424.982,0.0,0.0,0.0,424.982,0.0,0.0,0.0,0.0,800.0,0.8,0.987,0.0,0.0,0.0,0.0,0.0,0.0,1.0,0.581,1.0,minimize_generator,full_grid,False,0.0,4817.739,5000,inf
2022-01-28,580.545,8.765,589.31,671.289,237.68,908.969,589.31,319.659,0.0,0.0,0.0,319.659,0.0,0.0,0.0,0.0,800.0,0.8,0.987,0.0,0.0,0.0,0.0,0.0,0.0,1.0,0.648,1.0,minimize_generator,full_grid,False,0.0,5137.398,5000,inf
2022-01-29,586.14,9.883,596.023,691.064,302.64,993.704,596.023,397.681,0.0,0.0,0.0,397.681,0.0,0.0,0.0,0.0,800.0,0.8,0.987,0.0,0.0,0.0,0.0,0.0,0.0,1.0,0.6,1.0,minimize_generator,full_grid,False,0.0,5535.079,5000,inf
2022-01-30,581.665,10.225,591.89,700.56,318.64,1019.2,591.89,427.31,0.0,0.0,0.0,427.31,0.0,0.0,0.0,0.0,800.0,0.8,0.987,0.0,0.0,0.0,0.0,0.0,0.0,1.0,0.581,1.0,minimize_generator,full_grid,False,0.0,5962.389,5000,inf
2022-01-31,585.395,9.386,594.781,576.353,357.8,934.153,594.781,339.372,0.0,0.0,0.0,339.372,0.0,0.0,0.0,0.0,800.0,0.8,0.987,0.0,0.0,0.0,0.0,0.0,0.0,1.0,0.637,1.0,minimize_generator,full_grid,False,0.0,6301.761,5000,inf
2022-02-01,583.355,7.667,591.022,611.434,42.52,653.954,591.022,62.932,0.0,0.0,0.0,62.932,0.0,0.0,0.0,0.0,800.0,0.8,0.987,0.0,0.0,0.0,0.0,0.0,0.0,1.0,0.904,1.0,minimize_generator,full_grid,False,0.0,62.932,5000,inf
2022-02-02,571.885,7.789,579.674,702.724,9.16,711.884,579.674,132.21,0.0,0.0,0.0,132.21,0.0,0.0,0.0,0.0,800.0,0.8,0.987,0.0,0.0,0.0,0.0,0.0,0.0,1.0,0.814,1.0,minimize_generator,full_grid,False,0.0,195.142,5000,inf
2022-02-03,571.445,10.783,582.228,641.52,161.36,802.88,582.228,220.652,0.0,0.0,0.0,220.652,0.0,0.0,0.0,0.0,800.0,0.8,0.987,0.0,0.0,0.0,0.0,0.0,0.0,1.0,0.725,1.0,minimize_generator,full_grid,False,0.0,415.794,5000,inf
2022-02-04,586.14,9.644,595.784,514.872,453.92,968.792,595.784,373.008,0.0,0.0,0.0,373.008,0.0,0.0,0.0,0.0,800.0,0.8,0.987,0.0,0.0,0.0,0.0,0.0,0.0,1.0,0.615,1.0,minimize_generator,full_grid,False,0.0,788.802,5000,inf
2022-02-05,583.355,9.736,593.091,638.248,400.0,1038.248,593.091,445.157,0.0,0.0,0.0,445.157,0.0,0.0,0.0,0.0,800.0,0.8,0.987,0.0,0.0,0.0,0.0,0.0,0.0,1.0,0.571,1.0,minimize_generator,full_grid,False,0.0,1233.959,5000,inf
2022-02-06,583.53,9.923,593.453,736.522,179.88,916.402,593.453,322.949,0.0,0.0,0.0,322.949,0.0,0.0,0.0,0.0,800.0,0.8,0.987,0.0,0.0,0.0,0.0,0.0,0.0,1.0,0.648,1.0,minimize_generator,full_grid,False,0.0,1556.908,5000,inf
2022-02-07,588.39,11.076,599.466,740.524,141.48,882.004,599.466,282.538,0.0,0.0,0.0,282.538,0.0,0.0,0.0,0.0,800.0,0.8,0.987,0.0,0.0,0.0,0.0,0.0,0.0,1.0,0.68,1.0,minimize_generator,full_grid,False,0.0,1839.446,5000,inf
2022-02-08,657.075,12.298,669.373,746.144,119.08,865.224,669.373,195.851,0.0,0.0,0.0,195.851,0.0,0.0,0.0,0.0,800.0,0.8,0.987,0.0,0.0,0.0,0.0,0.0,0.0,1.0,0.774,1.0,minimize_generator,full_grid,False,0.0,2035.297,5000,inf
2022-02-09,585.02,14.072,599.092,753.252,421.48,1174.732,599.092,575.64,0.0,0.0,0.0,575.64,0.0,0.0,0.0,0.0,800.0,0.8,0.987,0.0,0.0,0.0,0.0,0.0,0.0,1.0,0.51,1.0,minimize_generator,full_grid,False,0.0,2610.937,5000,inf
2022-02-10,584.835,10.055,594.89,730.59,492.08,1222.67,594.89,627.78,0.0,0.0,0.0,627.78,0.0,0.0,0.0,0.0,800.0,0.8,0.987,0.0,0.0,0.0,0.0,0.0,0.0,1.0,0.487,1.0,minimize_generator,full_grid,False,0.0,3238.717,5000,inf
2022-02-11,588.18,11.412,599.592,737.758,201.56,939.318,599.592,339.726,0.0,0.0,0.0,339.726,0.0,0.0,0.0,0.0,800.0,0.8,0.987,0.0,0.0,0.0,0.0,0.0,0.0,1.0,0.638,1.0,minimize_generator,full_grid,False,0.0,3578.443,5000,inf
2022-02-12,581.29,11.267,592.557,771.884,49.24,821.124,592.557,228.567,0.0,0.0,0.0,228.567,0.0,0.0,0.0,0.0,800.0,0.8,0.987,0.0,0.0,0.0,0.0,0.0,0.0,1.0,0.722,1.0,minimize_generator,full_grid,False,0.0,3807.009,5000,inf
2022-02-13,587.445,11.068,598.513,778.147,42.04,820.187,598.513,221.674,0.0,0.0,0.0,221.674,0.0,0.0,0.0,0.0,800.0,0.8,0.987,0.0,0.0,0.0,0.0,0.0,0.0,1.0,0.73,1.0,minimize_generator,full_grid,False,0.0,4028.684,5000,inf
2022-02-14,588.75,12.094,600.844,776.147,280.76,1056.907,600.844,456.063,0.0,0.0,0.0,456.063,0.0,0.0,0.0,0.0,800.0,0.8,0.987,0.0,0.0,0.0,0.0,0.0,0.0,1.0,0.568,1.0,minimize_generator,full_grid,False,0.0,4484.746,5000,inf
2022-02-15,589.31,507.526,1096.836,779.617,342.8,1122.417,1096.836,25.581,0.0,0.0,0.0,25.581,0.0,0.0,0.0,0.0,800.0,0.8,0.987,0.0,0.0,0.0,0.0,0.0,0.0,1.0,0.977,1.0,minimize_generator,full_grid,False,0.0,4510.327,5000,inf
2022-02-16,572.255,487.803,1060.058,795.549,199.68,995.229,995.229,0.0,0.0,64.829,0.0,0.0,0.0,0.0,0.0,0.0,731.759,0.732,0.987,0.0,0.0,0.0,0.0,0.0,0.0,1.0,1.0,0.999,minimize_generator,full_grid,False,0.0,4510.327,5000,inf
2022-02-17,584.275,332.417,916.692,483.989,108.4,592.389,592.389,0.0,0.0,324.303,0.0,0.0,0.0,0.0,0.0,0.0,390.387,0.39,0.987,0.0,0.0,0.0,0.0,0.0,0.0,1.0,1.0,0.995,minimize_generator,full_grid,False,0.0,4510.327,5000,inf
2022-02-18,584.1,350.214,934.314,486.149,224.36,710.509,710.509,0.0,0.0,180.868,42.937,0.0,0.0,0.0,0.0,0.0,200.0,0.2,0.987,0.0,0.0,4.122,0.0,0.0,4.122,0.954,1.0,0.952,minimize_generator,full_grid,False,42.937,4510.327,5000,inf
2022-02-19,588.005,403.151,991.156,540.142,497.32,1037.462,991.156,46.306,46.306,0.0,0.0,0.0,0.0,0.0,0.0,0.0,243.991,0.244,0.989,0.0,0.0,0.0,0.0,0.0,0.0,1.0,1.0,1.0,minimize_generator,full_grid,False,42.937,4510.327,5000,inf
2022-02-20,589.485,463.885,1053.37,790.024,199.68,989.704,989.704,0.0,0.0,41.791,21.874,0.0,0.0,0.0,0.0,0.0,200.0,0.2,0.989,0.0,0.0,2.079,0.0,0.0,2.079,0.979,1.0,0.979,minimize_generator,full_grid,False,64.811,4510.327,5000,inf
2022-02-21,660.245,441.516,1101.761,769.344,67.6,836.944,836.944,0.0,0.0,0.0,264.817,0.0,0.0,0.0,0.0,0.0,200.0,0.2,0.989,0.0,0.0,25.324,0.0,0.0,25.324,0.76,1.0,0.76,minimize_generator,full_grid,False,329.628,4510.327,5000,inf
2022-02-22,586.315,480.875,1067.19,818.322,95.8,914.122,914.122,0.0,0.0,0.0,153.068,0.0,0.0,0.0,0.0,0.0,200.0,0.2,0.989,0.0,0.0,14.528,0.0,0.0,14.528,0.857,1.0,0.857,minimize_generator,full_grid,False,482.696,4510.327,5000,inf
2022-02-23,586.525,476.431,1062.956,768.275,49.24,817.515,817.515,0.0,0.0,0.0,245.441,0.0,0.0,0.0,0.0,0.0,200.0,0.2,0.989,0.0,0.0,23.304,0.0,0.0,23.304,0.769,1.0,0.769,minimize_generator,full_grid,False,728.137,4510.327,5000,inf
2022-02-24,659.675,491.426,1151.101,742.889,339.44,1082.329,1082.329,0.0,0.0,0.0,68.772,0.0,0.0,0.0,0.0,0.0,200.0,0.2,0.989,0.0,0.0,6.551,0.0,0.0,6.551,0.94,1.0,0.94,minimize_generator,full_grid,False,796.909,4510.327,5000,inf
2022-02-25,656.69,452.691,1109.381,783.04,358.64,1141.68,1109.381,32.299,32.299,0.0,0.0,0.0,0.0,0.0,0.0,0.0,230.684,0.231,0.991,0.0,0.0,0.0,0.0,0.0,0.0,1.0,1.0,1.0,minimize_generator,full_grid,False,796.909,4510.327,5000,inf
2022-02-26,660.42,459.172,1119.592,809.588,263.12,1072.708,1072.708,0.0,0.0,29.149,17.735,0.0,0.0,0.0,0.0,0.0,200.0,0.2,0.991,0.0,0.0,1.694,0.0,0.0,1.694,0.984,1.0,0.984,minimize_generator,full_grid,False,814.644,4510.327,5000,inf
2022-02-27,657.075,491.426,1148.501,835.288,146.84,982.128,982.128,0.0,0.0,0.0,166.373,0.0,0.0,0.0,0.0,0.0,200.0,0.2,0.991,0.0,0.0,15.845,0.0,0.0,15.845,0.855,1.0,0.855,minimize_generator,full_grid,False,981.017,4510.327,5000,inf
2022-02-28,585.02,541.251,1126.271,853.521,230.08,1083.601,1083.601,0.0,0.0,0.0,42.67,0.0,0.0,0.0,0.0,0.0,200.0,0.2,0.991,0.0,0.0,4.031,0.0,0.0,4.031,0.962,1.0,0.962,minimize_generator,full_grid,False,1023.687,4510.327,5000,inf
2022-03-01,584.66,556.245,1140.905,857.87,143.28,1001.15,1001.15,0.0,0.0,0.0,139.755,0.0,0.0,0.0,0.0,0.0,200.0,0.2,0.991,0.0,0.0,14.037,0.0,0.0,14.037,0.878,1.0,0.878,minimize_generator,full_grid,False,139.755,0.0,5000,inf
2022-03-02,584.1,478.69,1062.79,735.468,8.96,744.428,744.428,0.0,0.0,0.0,318.362,0.0,0.0,0.0,0.0,0.0,200.0,0.2,0.991,0.0,0.0,32.157,0.0,0.0,32.157,0.7,1.0,0.7,minimize_generator,full_grid,False,458.117,0.0,5000,inf
2022-03-03,659.3,440.606,1099.906,666.287,462.24,1128.527,1099.906,28.621,28.621,0.0,0.0,0.0,0.0,0.0,0.0,0.0,227.19,0.227,0.992,0.0,0.0,0.0,0.0,0.0,0.0,1.0,1.0,1.0,minimize_generator,full_grid,False,458.117,0.0,5000,inf
2022-03-04,661.54,483.518,1145.058,843.918,299.92,1143.838,1143.838,0.0,0.0,1.22,0.0,0.0,0.0,0.0,0.0,0.0,225.905,0.226,0.992,0.0,0.0,0.0,0.0,0.0,0.0,1.0,1.0,1.0,minimize_generator,full_grid,False,458.117,0.0,5000,inf
2022-03-05,664.55,474.812,1139.362,736.935,108.4,845.335,845.335,0.0,0.0,24.61,269.417,0.0,0.0,0.0,0.0,0.0,200.0,0.2,0.992,0.0,0.0,27.352,0.0,0.0,27.352,0.764,1.0,0.763,minimize_generator,full_grid,False,727.534,0.0,5000,inf
2022-03-06,660.805,532.775,1193.58,689.62,65.68,755.3,755.3,0.0,0.0,0.0,438.28,0.0,0.0,0.0,0.0,0.0,200.0,0.2,0.992,0.0,0.0,44.297,0.0,0.0,44.297,0.633,1.0,0.633,minimize_generator,full_grid,False,1165.814,0.0,5000,inf
2022-03-07,662.11,573.978,1236.088,800.582,414.48,1215.062,1215.062,0.0,0.0,0.0,21.026,0.0,0.0,0.0,0.0,0.0,200.0,0.2,0.992,0.0,0.0,2.119,0.0,0.0,2.119,0.983,1.0,0.983,minimize_generator,full_grid,False,1186.84,0.0,5000,inf
2022-03-08,589.125,410.403,999.528,514.299,64.4,578.699,578.699,0.0,0.0,0.0,420.829,0.0,0.0,0.0,0.0,0.0,200.0,0.2,0.992,0.0,0.0,42.764,0.0,0.0,42.764,0.579,1.0,0.579,minimize_generator,full_grid,False,1607.669,0.0,5000,inf
2022-03-09,587.26,628.41,1215.67,764.317,184.56,948.877,948.877,0.0,0.0,0.0,266.793,0.0,0.0,0.0,0.0,0.0,200.0,0.2,0.992,0.0,0.0,26.677,0.0,0.0,26.677,0.781,1.0,0.781,minimize_generator,full_grid,False,1874.462,0.0,5000,inf
2022-03-10,661.725,592.08,1253.805,845.443,509.64,1355.083,1253.805,101.278,101.278,0.0,0.0,0.0,0.0,0.0,0.0,0.0,296.214,0.296,0.995,0.0,0.0,0.0,0.0,0.0,0.0,1.0,1.0,1.0,minimize_generator,full_grid,False,1874.462,0.0,5000,inf
2022-03-11,660.42,465.18,1125.6,846.319,522.76,1369.079,1125.6,243.479,243.479,0.0,0.0,0.0,0.0,0.0,0.0,0.0,527.518,0.528,0.997,0.0,0.0,0.0,0.0,0.0,0.0,1.0,1.0,1.0,minimize_generator,full_grid,False,1874.462,0.0,5000,inf
2022-03-12,659.475,509.111,1168.586,931.363,484.64,1416.003,1168.586,247.417,247.417,0.0,0.0,0.0,0.0,0.0,0.0,0.0,762.564,0.763,0.998,0.0,0.0,0.0,0.0,0.0,0.0,1.0,1.0,1.0,minimize_generator,full_grid,False,1874.462,0.0,5000,inf
2022-03-13,660.805,658.375,1319.18,954.733,376.32,1331.053,1319.18,11.873,11.873,0.0,0.0,0.0,0.0,0.0,0.0,0.0,773.844,0.774,0.998,0.0,0.0,0.0,0.0,0.0,0.0,1.0,1.0,1.0,minimize_generator,full_grid,False,1874.462,0.0,5000,inf
2022-03-14,660.805,584.286,1245.091,923.861,502.32,1426.181,1245.091,181.09,27.533,0.0,0.0,153.557,0.0,0.0,0.0,0.0,800.0,0.8,0.998,0.0,0.0,0.0,0.0,0.0,0.0,1.0,0.892,1.0,minimize_generator,full_grid,False,1874.462,153.557,5000,inf
2022-03-15,665.11,564.863,1229.973,939.347,517.24,1456.587,1229.973,226.614,0.0,0.0,0.0,226.614,0.0,0.0,0.0,0.0,800.0,0.8,0.998,0.0,0.0,0.0,0.0,0.0,0.0,1.0,0.844,1.0,minimize_generator,full_grid,False,1874.462,380.172,5000,inf
2022-03-16,665.47,613.818,1279.288,1005.034,252.8,1257.834,1257.834,0.0,0.0,21.454,0.0,0.0,0.0,0.0,0.0,0.0,777.417,0.777,0.998,0.0,0.0,0.0,0.0,0.0,0.0,1.0,1.0,1.0,minimize_generator,full_grid,False,1874.462,380.172,5000,inf
2022-03-17,662.86,588.896,1251.756,981.736,152.24,1133.976,1133.976,0.0,0.0,117.78,0.0,0.0,0.0,0.0,0.0,0.0,653.438,0.653,0.998,0.0,0.0,0.0,0.0,0.0,0.0,1.0,1.0,1.0,minimize_generator,full_grid,False,1874.462,380.172,5000,inf
2022-03-18,664.375,621.584,1285.959,961.634,355.36,1316.994,1285.959,31.035,31.035,0.0,0.0,0.0,0.0,0.0,0.0,0.0,682.922,0.683,0.998,0.0,0.0,0.0,0.0,0.0,0.0,1.0,1.0,1.0,minimize_generator,full_grid,False,1874.462,380.172,5000,inf
2022-03-19,663.245,652.162,1315.407,963.724,361.92,1325.644,1315.407,10.237,10.237,0.0,0.0,0.0,0.0,0.0,0.0,0.0,692.647,0.693,0.998,0.0,0.0,0.0,0.0,0.0,0.0,1.0,1.0,1.0,minimize_generator,full_grid,False,1874.462,380.172,5000,inf
2022-03-20,659.475,602.58,1262.055,897.376,264.96,1162.336,1162.336,0.0,0.0,99.719,0.0,0.0,0.0,0.0,0.0,0.0,587.68,0.588,0.998,0.0,0.0,0.0,0.0,0.0,0.0,1.0,1.0,1.0,minimize_generator,full_grid,False,1874.462,380.172,5000,inf
2022-03-21,664.725,587.617,1252.342,763.531,338.56,1102.091,1102.091,0.0,0.0,150.251,0.0,0.0,0.0,0.0,0.0,0.0,429.52,0.43,0.998,0.0,0.0,0.0,0.0,0.0,0.0,1.0,1.0,1.0,minimize_generator,full_grid,False,1874.462,380.172,5000,inf
2022-03-22,656.69,608.925,1265.615,956.391,490.16,1446.551,1265.615,180.936,180.936,0.0,0.0,0.0,0.0,0.0,0.0,0.0,601.41,0.601,0.999,0.0,0.0,0.0,0.0,0.0,0.0,1.0,1.0,1.0,minimize_generator,full_grid,False,1874.462,380.172,5000,inf
2022-03-23,729.45,643.002,1372.452,996.146,365.16,1361.306,1361.306,0.0,0.0,11.146,0.0,0.0,0.0,0.0,0.0,0.0,589.677,0.59,0.999,0.0,0.0,0.0,0.0,0.0,0.0,1.0,1.0,1.0,minimize_generator,full_grid,False,1874.462,380.172,5000,inf
2022-03-24,657.995,653.678,1311.673,993.739,374.72,1368.459,1311.673,56.786,56.786,0.0,0.0,0.0,0.0,0.0,0.0,0.0,643.624,0.644,0.999,0.0,0.0,0.0,0.0,0.0,0.0,1.0,1.0,1.0,minimize_generator,full_grid,False,1874.462,380.172,5000,inf
2022-03-25,664.165,626.718,1290.883,984.198,428.96,1413.158,1290.883,122.275,122.275,0.0,0.0,0.0,0.0,0.0,0.0,0.0,759.785,0.76,0.999,0.0,0.0,0.0,0.0,0.0,0.0,1.0,1.0,1.0,minimize_generator,full_grid,False,1874.462,380.172,5000,inf
2022-03-26,659.86,781.463,1441.323,1031.745,264.96,1296.705,1296.705,0.0,0.0,144.618,0.0,0.0,0.0,0.0,0.0,0.0,607.556,0.608,0.999,0.0,0.0,0.0,0.0,0.0,0.0,1.0,1.0,1.0,minimize_generator,full_grid,False,1874.462,380.172,5000,inf
2022-03-27,665.855,899.854,1565.709,1054.402,285.36,1339.762,1339.762,0.0,0.0,225.947,0.0,0.0,0.0,0.0,0.0,0.0,369.717,0.37,0.999,0.0,0.0,0.0,0.0,0.0,0.0,1.0,1.0,1.0,minimize_generator,full_grid,False,1874.462,380.172,5000,inf
2022-03-28,663.99,835.905,1499.895,1021.382,104.4,1125.782,1125.782,0.0,0.0,161.231,212.882,0.0,0.0,0.0,0.0,0.0,200.0,0.2,0.999,0.0,0.0,21.155,0.0,0.0,21.155,0.858,1.0,0.858,minimize_generator,full_grid,False,2087.344,380.172,5000,inf
2022-03-29,657.995,749.821,1407.816,859.998,38.2,898.198,898.198,0.0,0.0,0.0,509.618,0.0,0.0,0.0,0.0,0.0,200.0,0.2,0.999,0.0,0.0,50.835,0.0,0.0,50.835,0.638,1.0,0.638,minimize_generator,full_grid,False,2596.962,380.172,5000,inf
2022-03-30,666.24,916.3,1582.54,971.479,389.48,1360.959,1360.959,0.0,0.0,0.0,221.581,0.0,0.0,0.0,0.0,0.0,200.0,0.2,0.999,0.0,0.0,21.946,0.0,0.0,21.946,0.86,1.0,0.86,minimize_generator,full_grid,False,2818.542,380.172,5000,inf
2022-03-31,662.86,849.716,1512.576,992.865,29.16,1022.025,1022.025,0.0,0.0,0.0,490.551,0.0,0.0,0.0,0.0,0.0,200.0,0.2,0.999,0.0,0.0,48.714,0.0,0.0,48.714,0.676,1.0,0.676,minimize_generator,full_grid,False,3309.094,380.172,5000,inf
2022-04-01,731.7,899.562,1631.262,886.645,17.76,904.405,904.405,0.0,0.0,0.0,726.857,0.0,0.0,0.0,0.0,0.0,200.0,0.2,0.999,0.0,0.0,72.441,0.0,0.0,72.441,0.554,1.0,0.554,minimize_generator,full_grid,False,726.857,0.0,5000,inf
2022-04-02,665.67,956.573,1622.243,914.795,36.36,951.155,951.155,0.0,0.0,0.0,671.088,0.0,0.0,0.0,0.0,0.0,200.0,0.2,0.999,0.0,0.0,66.49,0.0,0.0,66.49,0.586,1.0,0.586,minimize_generator,full_grid,False,1397.946,0.0,5000,inf
2022-04-03,730.37,939.884,1670.254,834.077,92.76,926.837,926.837,0.0,0.0,0.0,743.417,0.0,0.0,0.0,0.0,0.0,200.0,0.2,0.999,0.0,0.0,73.963,0.0,0.0,73.963,0.555,1.0,0.555,minimize_generator,full_grid,False,2141.362,0.0,5000,inf
2022-04-04,662.685,1138.641,1801.326,895.391,149.52,1044.911,1044.911,0.0,0.0,0.0,756.415,0.0,0.0,0.0,0.0,0.0,200.0,0.2,0.999,0.0,0.0,74.453,0.0,0.0,74.453,0.58,1.0,0.58,minimize_generator,full_grid,False,2897.777,0.0,5000,inf
2022-04-05,664.375,1198.399,1862.774,1006.426,149.52,1155.946,1155.946,0.0,0.0,0.0,706.828,0.0,0.0,0.0,0.0,0.0,200.0,0.2,0.999,0.0,0.0,69.451,0.0,0.0,69.451,0.621,1.0,0.621,minimize_generator,full_grid,False,3604.605,0.0,5000,inf
2022-04-06,665.11,1231.734,1896.844,908.811,200.6,1109.411,1109.411,0.0,0.0,0.0,787.433,0.0,0.0,0.0,0.0,0.0,200.0,0.2,0.999,0.0,0.0,77.298,0.0,0.0,77.298,0.585,1.0,0.585,minimize_generator,full_grid,False,4392.038,0.0,5000,inf
2022-04-07,733.355,1035.971,1769.326,894.417,120.76,1015.177,1015.177,0.0,0.0,0.0,607.962,0.0,146.186,0.0,0.0,0.0,200.0,0.2,0.999,87.712,9.746,60.274,0.0,58.881,119.155,0.656,1.0,0.574,minimize_generator,full_grid,False,5000.0,0.0,5000,inf
2022-04-08,736.735,1055.141,1791.876,893.449,32.44,925.889,925.889,0.0,0.0,0.0,0.0,0.0,865.987,0.0,0.0,0.0,200.0,0.2,0.999,317.197,24.0,0.0,0.0,212.935,212.935,1.0,1.0,0.517,minimize_generator,full_grid,False,5000.0,0.0,5000,inf
2022-04-09,664.725,965.993,1630.718,1003.77,254.68,1258.45,1258.45,0.0,0.0,0.0,0.0,0.0,372.268,0.0,0.0,0.0,200.0,0.2,0.999,218.454,24.0,0.0,0.0,146.648,146.648,1.0,1.0,0.772,minimize_generator,full_grid,False,5000.0,0.0,5000,inf
2022-04-10,735.22,943.715,1678.935,991.988,103.6,1095.588,1095.588,0.0,0.0,0.0,0.0,0.0,583.347,0.0,0.0,0.0,200.0,0.2,0.999,260.669,24.0,0.0,0.0,174.987,174.987,1.0,1.0,0.653,minimize_generator,full_grid,False,5000.0,0.0,5000,inf
2022-04-11,659.86,883.28,1543.14,947.463,354.52,1301.983,1301.983,0.0,0.0,0.0,0.0,0.0,241.157,0.0,0.0,0.0,200.0,0.2,0.999,144.694,16.077,0.0,0.0,97.133,97.133,1.0,1.0,0.844,minimize_generator,full_grid,False,5000.0,0.0,5000,inf
2022-04-12,664.375,801.978,1466.353,1072.594,520.96,1593.554,1466.353,127.201,127.201,0.0,0.0,0.0,0.0,0.0,0.0,0.0,320.841,0.321,0.999,0.0,0.0,0.0,0.0,0.0,0.0,1.0,1.0,1.0,minimize_generator,full_grid,False,5000.0,0.0,5000,inf
2022-04-13,665.47,813.126,1478.596,1080.721,259.36,1340.081,1340.081,0.0,66.284,114.799,0.0,0.0,23.716,66.284,0.0,0.0,262.97,0.263,0.76,54.0,6.0,0.0,0.0,36.25,36.25,1.0,1.0,0.984,minimize_generator,full_grid,False,5000.0,0.0,5000,inf
2022-04-14,664.375,896.333,1560.708,1069.757,361.08,1430.837,1430.837,0.0,19.951,59.822,0.0,0.0,70.049,19.951,0.0,0.0,218.953,0.219,0.694,54.0,6.0,0.0,0.0,36.25,36.25,1.0,1.0,0.946,minimize_generator,full_grid,False,5000.0,0.0,5000,inf
2022-04-15,663.805,730.886,1394.691,1049.587,206.32,1255.907,1255.907,0.0,0.0,18.005,0.0,0.0,120.778,0.0,0.0,0.0,200.0,0.2,0.694,72.467,8.052,0.0,0.0,48.647,48.647,1.0,1.0,0.909,minimize_generator,full_grid,False,5000.0,0.0,5000,inf
2022-04-16,734.66,713.163,1447.823,984.055,150.44,1134.495,1134.495,0.0,0.0,0.0,0.0,0.0,313.328,0.0,0.0,0.0,200.0,0.2,0.694,187.997,20.889,0.0,0.0,126.202,126.202,1.0,1.0,0.784,minimize_generator,full_grid,False,5000.0,0.0,5000,inf
2022-04-17,732.62,676.764,1409.384,962.162,13.16,975.322,975.322,0.0,0.0,0.0,0.0,0.0,434.062,0.0,0.0,0.0,200.0,0.2,0.694,230.812,24.0,0.0,0.0,154.944,154.944,1.0,1.0,0.692,minimize_generator,full_grid,False,5000.0,0.0,5000,inf
2022-04-18,735.045,545.633,1280.678,790.832,138.84,929.672,929.672,0.0,0.0,0.0,0.0,0.0,351.006,0.0,0.0,0.0,200.0,0.2,0.694,210.604,23.4,0.0,0.0,141.378,141.378,1.0,1.0,0.726,minimize_generator,full_grid,False,5000.0,0.0,5000,inf
2022-04-19,736.525,501.634,1238.159,775.728,508.8,1284.528,1238.159,46.369,46.369,0.0,0.0,0.0,0.0,0.0,0.0,0.0,244.05,0.244,0.749,0.0,0.0,0.0,0.0,0.0,0.0,1.0,1.0,1.0,minimize_generator,full_grid,False,5000.0,0.0,5000,inf
2022-04-20,735.43,646.673,1382.103,1115.791,410.92,1526.711,1382.103,144.608,144.608,0.0,0.0,0.0,0.0,0.0,0.0,0.0,381.428,0.381,0.84,0.0,0.0,0.0,0.0,0.0,0.0,1.0,1.0,1.0,minimize_generator,full_grid,False,5000.0,0.0,5000,inf
2022-04-21,737.085,543.445,1280.53,1097.589,182.68,1280.269,1280.269,0.0,0.0,0.261,0.0,0.0,0.0,0.0,0.0,0.0,381.153,0.381,0.84,0.0,0.0,0.0,0.0,0.0,0.0,1.0,1.0,1.0,minimize_generator,full_grid,False,5000.0,0.0,5000,inf
2022-04-22,734.66,362.315,1096.975,920.573,194.0,1114.573,1096.975,17.598,17.598,0.0,0.0,0.0,0.0,0.0,0.0,0.0,397.871,0.398,0.846,0.0,0.0,0.0,0.0,0.0,0.0,1.0,1.0,1.0,minimize_generator,full_grid,False,5000.0,0.0,5000,inf
2022-04-23,730.93,380.58,1111.51,1058.876,315.12,1373.996,1111.51,262.486,262.486,0.0,0.0,0.0,0.0,0.0,0.0,0.0,647.233,0.647,0.906,0.0,0.0,0.0,0.0,0.0,0.0,1.0,1.0,1.0,minimize_generator,full_grid,False,5000.0,0.0,5000,inf
2022-04-24,810.475,294.074,1104.549,1035.099,120.76,1155.859,1104.549,51.31,51.31,0.0,0.0,0.0,0.0,0.0,0.0,0.0,695.978,0.696,0.912,0.0,0.0,0.0,0.0,0.0,0.0,1.0,1.0,1.0,minimize_generator,full_grid,False,5000.0,0.0,5000,inf
2022-04-25,733.74,215.148,948.888,906.519,45.56,952.079,948.888,3.191,3.191,0.0,0.0,0.0,0.0,0.0,0.0,0.0,699.009,0.699,0.913,0.0,0.0,0.0,0.0,0.0,0.0,1.0,1.0,1.0,minimize_generator,full_grid,False,5000.0,0.0,5000,inf
2022-04-26,732.795,165.773,898.568,956.666,18.08,974.746,898.568,76.178,76.178,0.0,0.0,0.0,0.0,0.0,0.0,0.0,771.378,0.771,0.921,0.0,0.0,0.0,0.0,0.0,0.0,1.0,1.0,1.0,minimize_generator,full_grid,False,5000.0,0.0,5000,inf
2022-04-27,735.99,117.524,853.514,968.714,153.16,1121.874,853.514,268.36,30.128,0.0,0.0,238.232,0.0,0.0,0.0,0.0,800.0,0.8,0.924,0.0,0.0,0.0,0.0,0.0,0.0,1.0,0.788,1.0,minimize_generator,full_grid,False,5000.0,238.232,5000,inf
2022-04-28,733.565,82.291,815.856,1050.717,181.76,1232.477,815.856,416.621,0.0,0.0,0.0,416.621,0.0,0.0,0.0,0.0,800.0,0.8,0.924,0.0,0.0,0.0,0.0,0.0,0.0,1.0,0.662,1.0,minimize_generator,full_grid,False,5000.0,654.853,5000,inf
2022-04-29,735.605,56.262,791.867,1017.98,23.24,1041.22,791.867,249.353,0.0,0.0,0.0,249.353,0.0,0.0,0.0,0.0,800.0,0.8,0.924,0.0,0.0,0.0,0.0,0.0,0.0,1.0,0.761,1.0,minimize_generator,full_grid,False,5000.0,904.206,5000,inf
2022-04-30,809.73,50.996,860.726,985.646,137.96,1123.606,860.726,262.88,0.0,0.0,0.0,262.88,0.0,0.0,0.0,0.0,800.0,0.8,0.924,0.0,0.0,0.0,0.0,0.0,0.0,1.0,0.766,1.0,minimize_generator,full_grid,False,5000.0,1167.086,5000,inf
2022-05-01,810.115,1305.882,2115.997,1110.239,382.56,1492.799,1492.799,0.0,0.0,570.0,53.198,0.0,0.0,0.0,0.0,0.0,200.0,0.2,0.924,0.0,0.0,5.147,0.0,0.0,5.147,0.975,1.0,0.954,minimize_generator,full_grid,False,53.198,0.0,5000,inf
2022-05-02,734.87,1160.415,1895.285,1034.116,29.16,1063.276,1063.276,0.0,0.0,0.0,832.009,0.0,0.0,0.0,0.0,0.0,200.0,0.2,0.924,0.0,0.0,80.552,0.0,0.0,80.552,0.561,1.0,0.561,minimize_generator,full_grid,False,885.207,0.0,5000,inf
2022-05-03,736.525,1229.956,1966.481,1025.275,13.4,1038.675,1038.675,0.0,0.0,0.0,927.806,0.0,0.0,0.0,0.0,0.0,200.0,0.2,0.924,0.0,0.0,89.643,0.0,0.0,89.643,0.528,1.0,0.528,minimize_generator,full_grid,False,1813.013,0.0,5000,inf
2022-05-04,813.635,1183.011,1996.646,1018.6,479.96,1498.56,1498.56,0.0,0.0,0.0,498.086,0.0,0.0,0.0,0.0,0.0,200.0,0.2,0.924,0.0,0.0,48.37,0.0,0.0,48.37,0.751,1.0,0.751,minimize_generator,full_grid,False,2311.099,0.0,5000,inf
2022-05-05,811.77,1216.027,2027.797,1112.744,508.8,1621.544,1621.544,0.0,0.0,0.0,406.253,0.0,0.0,0.0,0.0,0.0,200.0,0.2,0.924,0.0,0.0,39.409,0.0,0.0,39.409,0.8,1.0,0.8,minimize_generator,full_grid,False,2717.353,0.0,5000,inf
2022-05-06,818.135,1243.916,2062.051,1137.008,483.6,1620.608,1620.608,0.0,0.0,0.0,441.443,0.0,0.0,0.0,0.0,0.0,200.0,0.2,0.924,0.0,0.0,42.798,0.0,0.0,42.798,0.786,1.0,0.786,minimize_generator,full_grid,False,3158.795,0.0,5000,inf
2022-05-07,814.94,1092.031,1906.971,1134.162,269.64,1403.802,1403.802,0.0,0.0,0.0,503.169,0.0,0.0,0.0,0.0,0.0,200.0,0.2,0.924,0.0,0.0,49.014,0.0,0.0,49.014,0.736,1.0,0.736,minimize_generator,full_grid,False,3661.964,0.0,5000,inf
2022-05-08,815.15,1025.504,1840.654,1055.985,89.04,1145.025,1145.025,0.0,0.0,0.0,695.629,0.0,0.0,0.0,0.0,0.0,200.0,0.2,0.924,0.0,0.0,67.923,0.0,0.0,67.923,0.622,1.0,0.622,minimize_generator,full_grid,False,4357.593,0.0,5000,inf
2022-05-09,735.045,1006.397,1741.442,1010.624,8.2,1018.824,1018.824,0.0,9.789,0.0,642.407,0.0,80.211,9.789,0.0,0.0,209.3,0.209,0.883,54.0,6.0,62.526,0.0,35.44,97.967,0.631,1.0,0.585,minimize_generator,full_grid,False,5000.0,0.0,5000,inf
2022-05-10,814.405,1028.109,1842.514,1095.594,342.8,1438.394,1438.394,0.0,0.0,8.835,0.0,0.0,395.285,0.0,0.0,0.0,200.0,0.2,0.883,223.057,24.0,0.0,0.0,146.392,146.392,1.0,1.0,0.785,minimize_generator,full_grid,False,5000.0,0.0,5000,inf
2022-05-11,811.595,997.922,1809.517,1093.698,370.76,1464.458,1464.458,0.0,0.0,0.0,0.0,0.0,345.059,0.0,0.0,0.0,200.0,0.2,0.883,207.035,23.004,0.0,0.0,135.877,135.877,1.0,1.0,0.809,minimize_generator,full_grid,False,5000.0,0.0,5000,inf
2022-05-12,810.115,825.982,1636.097,1008.028,189.28,1197.308,1197.308,0.0,0.0,0.0,0.0,0.0,438.789,0.0,0.0,0.0,200.0,0.2,0.883,231.758,24.0,0.0,0.0,152.103,152.103,1.0,1.0,0.732,minimize_generator,full_grid,False,5000.0,0.0,5000,inf
2022-05-13,813.075,699.972,1513.047,934.828,21.52,956.348,956.348,0.0,0.0,0.0,0.0,0.0,556.699,0.0,0.0,0.0,200.0,0.2,0.883,255.34,24.0,0.0,0.0,167.58,167.58,1.0,1.0,0.632,minimize_generator,full_grid,False,5000.0,0.0,5000,inf
2022-05-14,816.27,769.21,1585.48,984.198,83.24,1067.438,1067.438,0.0,0.0,0.0,0.0,0.0,518.042,0.0,0.0,0.0,200.0,0.2,0.883,247.608,24.0,0.0,0.0,162.505,162.505,1.0,1.0,0.673,minimize_generator,full_grid,False,5000.0,0.0,5000,inf
2022-05-15,814.765,686.022,1500.787,908.33,533.68,1442.01,1442.01,0.0,31.223,0.0,0.0,0.0,58.777,31.223,0.0,0.0,229.662,0.23,0.769,54.0,6.0,0.0,0.0,35.44,35.44,1.0,1.0,0.961,minimize_generator,full_grid,False,5000.0,0.0,5000,inf
2022-05-16,809.905,664.418,1474.323,978.917,481.04,1459.957,1459.957,0.0,0.0,14.366,0.0,0.0,0.0,0.0,0.0,0.0,214.539,0.215,0.769,0.0,0.0,0.0,0.0,0.0,0.0,1.0,1.0,0.998,minimize_generator,full_grid,False,5000.0,0.0,5000,inf
2022-05-17,816.27,586.977,1403.247,904.804,434.32,1339.124,1339.124,0.0,39.69,13.812,0.0,0.0,50.31,39.69,0.0,0.0,237.705,0.238,0.647,54.0,6.0,0.0,0.0,35.44,35.44,1.0,1.0,0.962,minimize_generator,full_grid,False,5000.0,0.0,5000,inf
2022-05-18,811.42,518.153,1329.573,1104.893,230.08,1334.973,1329.573,5.4,5.4,0.0,0.0,0.0,0.0,0.0,0.0,0.0,242.836,0.243,0.654,0.0,0.0,0.0,0.0,0.0,0.0,1.0,1.0,1.0,minimize_generator,full_grid,False,5000.0,0.0,5000,inf
2022-05-19,814.94,450.319,1265.259,1021.302,316.88,1338.182,1265.259,72.923,72.923,0.0,0.0,0.0,0.0,0.0,0.0,0.0,312.113,0.312,0.731,0.0,0.0,0.0,0.0,0.0,0.0,1.0,1.0,1.0,minimize_generator,full_grid,False,5000.0,0.0,5000,inf
2022-05-20,813.285,279.522,1092.807,854.55,216.76,1071.31,1071.31,0.0,0.0,21.497,0.0,0.0,0.0,0.0,0.0,0.0,289.484,0.289,0.731,0.0,0.0,0.0,0.0,0.0,0.0,1.0,1.0,0.995,minimize_generator,full_grid,False,5000.0,0.0,5000,inf
2022-05-21,813.845,335.085,1148.93,942.421,489.64,1432.061,1148.93,283.131,283.131,0.0,0.0,0.0,0.0,0.0,0.0,0.0,558.459,0.558,0.861,0.0,0.0,0.0,0.0,0.0,0.0,1.0,1.0,1.0,minimize_generator,full_grid,False,5000.0,0.0,5000,inf
2022-05-22,817.75,209.874,1027.624,946.939,538.84,1485.779,1027.624,458.155,254.254,0.0,0.0,203.901,0.0,0.0,0.0,0.0,800.0,0.8,0.903,0.0,0.0,0.0,0.0,0.0,0.0,1.0,0.863,1.0,minimize_generator,full_grid,False,5000.0,203.901,5000,inf
2022-05-23,811.21,185.734,996.944,1165.824,341.96,1507.784,996.944,510.84,0.0,0.0,0.0,510.84,0.0,0.0,0.0,0.0,800.0,0.8,0.903,0.0,0.0,0.0,0.0,0.0,0.0,1.0,0.661,1.0,minimize_generator,full_grid,False,5000.0,714.741,5000,inf
2022-05-24,893.215,165.998,1059.213,1161.575,192.12,1353.695,1059.213,294.482,0.0,0.0,0.0,294.482,0.0,0.0,0.0,0.0,800.0,0.8,0.903,0.0,0.0,0.0,0.0,0.0,0.0,1.0,0.782,1.0,minimize_generator,full_grid,False,5000.0,1009.223,5000,inf
2022-05-25,737.855,149.625,887.48,1107.439,320.4,1427.839,887.48,540.359,0.0,0.0,0.0,540.359,0.0,0.0,0.0,0.0,800.0,0.8,0.903,0.0,0.0,0.0,0.0,0.0,0.0,1.0,0.622,1.0,minimize_generator,full_grid,False,5000.0,1549.582,5000,inf
2022-05-26,813.635,132.617,946.252,989.851,316.0,1305.851,946.252,359.599,0.0,0.0,0.0,359.599,0.0,0.0,0.0,0.0,800.0,0.8,0.903,0.0,0.0,0.0,0.0,0.0,0.0,1.0,0.725,1.0,minimize_generator,full_grid,False,5000.0,1909.18,5000,inf
2022-05-27,817.575,111.68,929.255,957.316,343.68,1300.996,929.255,371.741,0.0,0.0,0.0,371.741,0.0,0.0,0.0,0.0,800.0,0.8,0.903,0.0,0.0,0.0,0.0,0.0,0.0,1.0,0.714,1.0,minimize_generator,full_grid,False,5000.0,2280.921,5000,inf
2022-05-28,818.495,91.394,909.889,997.881,290.84,1288.721,909.889,378.832,0.0,0.0,0.0,378.832,0.0,0.0,0.0,0.0,800.0,0.8,0.903,0.0,0.0,0.0,0.0,0.0,0.0,1.0,0.706,1.0,minimize_generator,full_grid,False,5000.0,2659.754,5000,inf
2022-05-29,816.27,72.776,889.046,1072.441,121.6,1194.041,889.046,304.995,0.0,0.0,0.0,304.995,0.0,0.0,0.0,0.0,800.0,0.8,0.903,0.0,0.0,0.0,0.0,0.0,0.0,1.0,0.745,1.0,minimize_generator,full_grid,False,5000.0,2964.749,5000,inf
2022-05-30,816.63,56.529,873.159,1088.197,179.88,1268.077,873.159,394.918,0.0,0.0,0.0,394.918,0.0,0.0,0.0,0.0,800.0,0.8,0.903,0.0,0.0,0.0,0.0,0.0,0.0,1.0,0.689,1.0,minimize_generator,full_grid,False,5000.0,3359.667,5000,inf
2022-05-31,818.67,42.253,860.923,1095.269,381.0,1476.269,860.923,615.346,0.0,0.0,0.0,615.346,0.0,0.0,0.0,0.0,800.0,0.8,0.903,0.0,0.0,0.0,0.0,0.0,0.0,1.0,0.583,1.0,minimize_generator,full_grid,False,5000.0,3975.012,5000,inf
2022-06-01,816.445,813.993,1630.438,1112.129,470.24,1582.369,1582.369,0.0,0.0,48.069,0.0,0.0,0.0,0.0,0.0,0.0,749.401,0.749,0.903,0.0,0.0,0.0,0.0,0.0,0.0,1.0,1.0,0.997,minimize_generator,full_grid,False,0.0,0.0,5000,inf
2022-06-02,893.39,817.76,1711.15,1136.821,333.44,1470.261,1470.261,0.0,0.0,240.889,0.0,0.0,0.0,0.0,0.0,0.0,495.833,0.496,0.903,0.0,0.0,0.0,0.0,0.0,0.0,1.0,1.0,0.986,minimize_generator,full_grid,False,0.0,0.0,5000,inf
2022-06-03,891.525,755.981,1647.506,931.175,292.68,1223.855,1223.855,0.0,0.0,281.042,142.61,0.0,0.0,0.0,0.0,0.0,200.0,0.2,0.903,0.0,0.0,14.881,0.0,0.0,14.881,0.913,1.0,0.897,minimize_generator,full_grid,False,142.61,0.0,5000,inf
2022-06-04,891.91,781.875,1673.785,975.991,289.92,1265.911,1265.911,0.0,0.0,0.0,407.874,0.0,0.0,0.0,0.0,0.0,200.0,0.2,0.903,0.0,0.0,42.508,0.0,0.0,42.508,0.756,1.0,0.756,minimize_generator,full_grid,False,550.483,0.0,5000,inf
2022-06-05,814.58,814.447,1629.027,1043.989,292.68,1336.669,1336.669,0.0,0.0,0.0,292.358,0.0,0.0,0.0,0.0,0.0,200.0,0.2,0.903,0.0,0.0,30.318,0.0,0.0,30.318,0.821,1.0,0.821,minimize_generator,full_grid,False,842.842,0.0,5000,inf
2022-06-06,818.135,789.901,1608.036,1089.018,381.8,1470.818,1470.818,0.0,0.0,0.0,137.218,0.0,0.0,0.0,0.0,0.0,200.0,0.2,0.903,0.0,0.0,14.249,0.0,0.0,14.249,0.915,1.0,0.915,minimize_generator,full_grid,False,980.06,0.0,5000,inf
2022-06-07,817.575,806.369,1623.944,1134.892,315.12,1450.012,1450.012,0.0,0.0,0.0,173.932,0.0,0.0,0.0,0.0,0.0,200.0,0.2,0.903,0.0,0.0,18.046,0.0,0.0,18.046,0.893,1.0,0.893,minimize_generator,full_grid,False,1153.991,0.0,5000,inf
2022-06-08,815.15,867.941,1683.091,1132.754,301.72,1434.474,1434.474,0.0,0.0,0.0,248.617,0.0,0.0,0.0,0.0,0.0,200.0,0.2,0.903,0.0,0.0,25.72,0.0,0.0,25.72,0.852,1.0,0.852,minimize_generator,full_grid,False,1402.609,0.0,5000,inf
2022-06-09,890.965,850.737,1741.702,1125.883,166.88,1292.763,1292.763,0.0,0.0,0.0,448.939,0.0,0.0,0.0,0.0,0.0,200.0,0.2,0.903,0.0,0.0,46.637,0.0,0.0,46.637,0.742,1.0,0.742,minimize_generator,full_grid,False,1851.548,0.0,5000,inf
2022-06-10,817.19,845.79,1662.98,1114.473,179.88,1294.353,1294.353,0.0,0.0,0.0,368.627,0.0,0.0,0.0,0.0,0.0,200.0,0.2,0.903,0.0,0.0,38.176,0.0,0.0,38.176,0.778,1.0,0.778,minimize_generator,full_grid,False,2220.175,0.0,5000,inf
2022-06-11,892.445,851.106,1743.551,1118.254,198.72,1316.974,1316.974,0.0,0.0,0.0,426.577,0.0,0.0,0.0,0.0,0.0,200.0,0.2,0.903,0.0,0.0,44.316,0.0,0.0,44.316,0.755,1.0,0.755,minimize_generator,full_grid,False,2646.751,0.0,5000,inf
2022-06-12,815.5,771.304,1586.804,1074.625,379.44,1454.065,1454.065,0.0,0.0,0.0,132.739,0.0,0.0,0.0,0.0,0.0,200.0,0.2,0.903,0.0,0.0,13.794,0.0,0.0,13.794,0.916,1.0,0.916,minimize_generator,full_grid,False,2779.49,0.0,5000,inf
2022-06-13,896.735,693.432,1590.167,1151.855,372.36,1524.215,1524.215,0.0,0.0,0.0,65.952,0.0,0.0,0.0,0.0,0.0,200.0,0.2,0.903,0.0,0.0,6.906,0.0,0.0,6.906,0.959,1.0,0.959,minimize_generator,full_grid,False,2845.442,0.0,5000,inf
2022-06-14,816.63,634.001,1450.631,1130.711,229.12,1359.831,1359.831,0.0,0.0,0.0,90.8,0.0,0.0,0.0,0.0,0.0,200.0,0.2,0.903,0.0,0.0,9.506,0.0,0.0,9.506,0.937,1.0,0.937,minimize_generator,full_grid,False,2936.242,0.0,5000,inf
2022-06-15,891.525,657.976,1549.501,1112.48,361.92,1474.4,1474.4,0.0,0.0,0.0,75.101,0.0,0.0,0.0,0.0,0.0,200.0,0.2,0.903,0.0,0.0,7.877,0.0,0.0,7.877,0.952,1.0,0.952,minimize_generator,full_grid,False,3011.343,0.0,5000,inf
2022-06-16,893.775,672.996,1566.771,1084.684,413.76,1498.444,1498.444,0.0,0.0,0.0,68.327,0.0,0.0,0.0,0.0,0.0,200.0,0.2,0.903,0.0,0.0,7.162,0.0,0.0,7.162,0.956,1.0,0.956,minimize_generator,full_grid,False,3079.67,0.0,5000,inf
2022-06-17,818.31,608.668,1426.978,1046.986,437.6,1484.586,1426.978,57.608,57.608,0.0,0.0,0.0,0.0,0.0,0.0,0.0,254.728,0.255,0.924,0.0,0.0,0.0,0.0,0.0,0.0,1.0,1.0,1.0,minimize_generator,full_grid,False,3079.67,0.0,5000,inf
2022-06-18,894.31,587.819,1482.129,1138.343,304.44,1442.783,1442.783,0.0,0.0,39.346,0.0,0.0,0.0,0.0,0.0,0.0,213.311,0.213,0.924,0.0,0.0,0.0,0.0,0.0,0.0,1.0,1.0,0.998,minimize_generator,full_grid,False,3079.67,0.0,5000,inf
2022-06-19,816.07,576.036,1392.106,1127.832,420.8,1548.632,1392.106,156.526,156.526,0.0,0.0,0.0,0.0,0.0,0.0,0.0,362.011,0.362,0.955,0.0,0.0,0.0,0.0,0.0,0.0,1.0,1.0,1.0,minimize_generator,full_grid,False,3079.67,0.0,5000,inf
2022-06-20,896.945,565.697,1462.642,1100.011,513.72,1613.731,1462.642,151.089,151.089,0.0,0.0,0.0,0.0,0.0,0.0,0.0,505.546,0.506,0.968,0.0,0.0,0.0,0.0,0.0,0.0,1.0,1.0,1.0,minimize_generator,full_grid,False,3079.67,0.0,5000,inf
2022-06-21,891.7,617.856,1509.556,1087.206,550.56,1637.766,1509.556,128.21,128.21,0.0,0.0,0.0,0.0,0.0,0.0,0.0,627.345,0.627,0.974,0.0,0.0,0.0,0.0,0.0,0.0,1.0,1.0,1.0,minimize_generator,full_grid,False,3079.67,0.0,5000,inf
2022-06-22,818.88,454.064,1272.944,961.252,491.6,1452.852,1272.944,179.908,179.908,0.0,0.0,0.0,0.0,0.0,0.0,0.0,798.258,0.798,0.98,0.0,0.0,0.0,0.0,0.0,0.0,1.0,1.0,1.0,minimize_generator,full_grid,False,3079.67,0.0,5000,inf
2022-06-23,890.78,492.349,1383.129,1127.117,240.52,1367.637,1367.637,0.0,0.0,15.492,0.0,0.0,0.0,0.0,0.0,0.0,781.95,0.782,0.98,0.0,0.0,0.0,0.0,0.0,0.0,1.0,1.0,1.0,minimize_generator,full_grid,False,3079.67,0.0,5000,inf
2022-06-24,895.08,460.961,1356.041,1123.109,231.96,1355.069,1355.069,0.0,0.0,0.972,0.0,0.0,0.0,0.0,0.0,0.0,780.927,0.781,0.98,0.0,0.0,0.0,0.0,0.0,0.0,1.0,1.0,1.0,minimize_generator,full_grid,False,3079.67,0.0,5000,inf
2022-06-25,889.835,424.346,1314.181,1103.249,331.72,1434.969,1314.181,120.788,20.077,0.0,0.0,100.711,0.0,0.0,0.0,0.0,800.0,0.8,0.98,0.0,0.0,0.0,0.0,0.0,0.0,1.0,0.93,1.0,minimize_generator,full_grid,False,3079.67,100.711,5000,inf
2022-06-26,818.88,404.387,1223.267,1146.435,391.76,1538.195,1223.267,314.928,0.0,0.0,0.0,314.928,0.0,0.0,0.0,0.0,800.0,0.8,0.98,0.0,0.0,0.0,0.0,0.0,0.0,1.0,0.795,1.0,minimize_generator,full_grid,False,3079.67,415.638,5000,inf
2022-06-27,891.525,382.089,1273.614,1081.134,337.72,1418.854,1273.614,145.24,0.0,0.0,0.0,145.24,0.0,0.0,0.0,0.0,800.0,0.8,0.98,0.0,0.0,0.0,0.0,0.0,0.0,1.0,0.898,1.0,minimize_generator,full_grid,False,3079.67,560.879,5000,inf
2022-06-28,817.365,326.687,1144.052,1130.573,347.88,1478.453,1144.052,334.401,0.0,0.0,0.0,334.401,0.0,0.0,0.0,0.0,800.0,0.8,0.98,0.0,0.0,0.0,0.0,0.0,0.0,1.0,0.774,1.0,minimize_generator,full_grid,False,3079.67,895.279,5000,inf
2022-06-29,899.37,61.85,961.22,1124.984,244.28,1369.264,961.22,408.044,0.0,0.0,0.0,408.044,0.0,0.0,0.0,0.0,800.0,0.8,0.98,0.0,0.0,0.0,0.0,0.0,0.0,1.0,0.702,1.0,minimize_generator,full_grid,False,3079.67,1303.323,5000,inf
2022-06-30,890.58,12.839,903.419,1133.485,281.68,1415.165,903.419,511.746,0.0,0.0,0.0,511.746,0.0,0.0,0.0,0.0,800.0,0.8,0.98,0.0,0.0,0.0,0.0,0.0,0.0,1.0,0.638,1.0,minimize_generator,full_grid,False,3079.67,1815.069,5000,inf
2022-07-01,895.815,13.181,908.996,1100.804,289.04,1389.844,908.996,480.848,0.0,0.0,0.0,480.848,0.0,0.0,0.0,0.0,800.0,0.8,0.98,0.0,0.0,0.0,0.0,0.0,0.0,1.0,0.654,1.0,minimize_generator,full_grid,False,0.0,480.848,5000,inf
2022-07-02,893.565,14.616,908.181,1098.787,314.24,1413.027,908.181,504.846,0.0,0.0,0.0,504.846,0.0,0.0,0.0,0.0,800.0,0.8,0.98,0.0,0.0,0.0,0.0,0.0,0.0,1.0,0.643,1.0,minimize_generator,full_grid,False,0.0,985.695,5000,inf
2022-07-03,818.495,19.24,837.735,1109.512,176.16,1285.672,837.735,447.937,0.0,0.0,0.0,447.937,0.0,0.0,0.0,0.0,800.0,0.8,0.98,0.0,0.0,0.0,0.0,0.0,0.0,1.0,0.652,1.0,minimize_generator,full_grid,False,0.0,1433.632,5000,inf
2022-07-04,892.83,33.277,926.107,1118.563,171.48,1290.043,926.107,363.936,0.0,0.0,0.0,363.936,0.0,0.0,0.0,0.0,800.0,0.8,0.98,0.0,0.0,0.0,0.0,0.0,0.0,1.0,0.718,1.0,minimize_generator,full_grid,False,0.0,1797.568,5000,inf
2022-07-05,896.0,37.942,933.942,1094.893,195.88,1290.773,933.942,356.831,0.0,0.0,0.0,356.831,0.0,0.0,0.0,0.0,800.0,0.8,0.98,0.0,0.0,0.0,0.0,0.0,0.0,1.0,0.724,1.0,minimize_generator,full_grid,False,0.0,2154.399,5000,inf
2022-07-06,892.27,38.602,930.872,1122.991,298.12,1421.111,930.872,490.239,0.0,0.0,0.0,490.239,0.0,0.0,0.0,0.0,800.0,0.8,0.98,0.0,0.0,0.0,0.0,0.0,0.0,1.0,0.655,1.0,minimize_generator,full_grid,False,0.0,2644.638,5000,inf
2022-07-07,897.505,40.346,937.851,1123.881,342.8,1466.681,937.851,528.83,0.0,0.0,0.0,528.83,0.0,0.0,0.0,0.0,800.0,0.8,0.98,0.0,0.0,0.0,0.0,0.0,0.0,1.0,0.639,1.0,minimize_generator,full_grid,False,0.0,3173.468,5000,inf
2022-07-08,896.945,39.426,936.371,1116.786,291.76,1408.546,936.371,472.175,0.0,0.0,0.0,472.175,0.0,0.0,0.0,0.0,800.0,0.8,0.98,0.0,0.0,0.0,0.0,0.0,0.0,1.0,0.665,1.0,minimize_generator,full_grid,False,0.0,3645.643,5000,inf
2022-07-09,896.56,38.541,935.101,1094.712,422.16,1516.872,935.101,581.771,0.0,0.0,0.0,581.771,0.0,0.0,0.0,0.0,800.0,0.8,0.98,0.0,0.0,0.0,0.0,0.0,0.0,1.0,0.616,1.0,minimize_generator,full_grid,False,0.0,4227.414,5000,inf
2022-07-10,891.525,38.556,930.081,1095.186,431.64,1526.826,930.081,596.745,0.0,0.0,0.0,596.745,0.0,0.0,0.0,0.0,800.0,0.8,0.98,0.0,0.0,0.0,0.0,0.0,0.0,1.0,0.609,1.0,minimize_generator,full_grid,False,0.0,4824.159,5000,inf
2022-07-11,818.67,40.025,858.695,1082.824,379.44,1462.264,858.695,603.569,0.0,0.0,0.0,603.569,0.0,0.0,0.0,0.0,800.0,0.8,0.98,0.0,0.0,0.0,0.0,0.0,0.0,1.0,0.587,1.0,minimize_generator,full_grid,False,0.0,5427.727,5000,inf
2022-07-12,890.965,41.216,932.181,1076.916,361.08,1437.996,932.181,505.815,0.0,0.0,0.0,505.815,0.0,0.0,0.0,0.0,800.0,0.8,0.98,0.0,0.0,0.0,0.0,0.0,0.0,1.0,0.648,1.0,minimize_generator,full_grid,False,0.0,5933.543,5000,inf
2022-07-13,894.135,40.308,934.443,1028.721,474.64,1503.361,934.443,568.918,0.0,0.0,0.0,568.918,0.0,0.0,0.0,0.0,800.0,0.8,0.98,0.0,0.0,0.0,0.0,0.0,0.0,1.0,0.622,1.0,minimize_generator,full_grid,False,0.0,6502.461,5000,inf
2022-07-14,895.43,40.662,936.092,1126.337,504.08,1630.417,936.092,694.325,0.0,0.0,0.0,694.325,0.0,0.0,0.0,0.0,800.0,0.8,0.98,0.0,0.0,0.0,0.0,0.0,0.0,1.0,0.574,1.0,minimize_generator,full_grid,False,0.0,7196.787,5000,inf
2022-07-15,814.58,40.921,855.501,1109.179,479.96,1589.139,855.501,733.638,0.0,0.0,0.0,733.638,0.0,0.0,0.0,0.0,800.0,0.8,0.98,0.0,0.0,0.0,0.0,0.0,0.0,1.0,0.538,1.0,minimize_generator,full_grid,False,0.0,7930.425,5000,inf
2022-07-16,893.39,40.153,933.543,1133.687,457.52,1591.207,933.543,657.664,0.0,0.0,0.0,657.664,0.0,0.0,0.0,0.0,800.0,0.8,0.98,0.0,0.0,0.0,0.0,0.0,0.0,1.0,0.587,1.0,minimize_generator,full_grid,False,0.0,8588.089,5000,inf
2022-07-17,893.95,39.594,933.544,1087.297,455.76,1543.057,933.544,609.513,0.0,0.0,0.0,609.513,0.0,0.0,0.0,0.0,800.0,0.8,0.98,0.0,0.0,0.0,0.0,0.0,0.0,1.0,0.605,1.0,minimize_generator,full_grid,False,0.0,9197.602,5000,inf
2022-07-18,892.27,39.869,932.139,1058.634,279.84,1338.474,932.139,406.335,0.0,0.0,0.0,406.335,0.0,0.0,0.0,0.0,800.0,0.8,0.98,0.0,0.0,0.0,0.0,0.0,0.0,1.0,0.696,1.0,minimize_generator,full_grid,False,0.0,9603.937,5000,inf
2022-07-19,898.24,40.838,939.078,1061.866,193.04,1254.906,939.078,315.828,0.0,0.0,0.0,315.828,0.0,0.0,0.0,0.0,800.0,0.8,0.98,0.0,0.0,0.0,0.0,0.0,0.0,1.0,0.748,1.0,minimize_generator,full_grid,False,0.0,9919.765,5000,inf
2022-07-20,894.87,42.966,937.836,1046.582,352.04,1398.622,937.836,460.786,0.0,0.0,0.0,460.786,0.0,0.0,0.0,0.0,800.0,0.8,0.98,0.0,0.0,0.0,0.0,0.0,0.0,1.0,0.671,1.0,minimize_generator,full_grid,False,0.0,10380.551,5000,inf
2022-07-21,898.24,44.191,942.431,1006.512,488.68,1495.192,942.431,552.761,0.0,0.0,0.0,552.761,0.0,0.0,0.0,0.0,800.0,0.8,0.98,0.0,0.0,0.0,0.0,0.0,0.0,1.0,0.63,1.0,minimize_generator,full_grid,False,0.0,10933.312,5000,inf
2022-07-22,892.445,25.431,917.876,1079.721,439.52,1519.241,917.876,601.365,0.0,0.0,0.0,601.365,0.0,0.0,0.0,0.0,800.0,0.8,0.98,0.0,0.0,0.0,0.0,0.0,0.0,1.0,0.604,1.0,minimize_generator,full_grid,False,0.0,11534.677,5000,inf
2022-07-23,896.735,16.3,913.035,1090.311,456.92,1547.231,913.035,634.196,0.0,0.0,0.0,634.196,0.0,0.0,0.0,0.0,800.0,0.8,0.98,0.0,0.0,0.0,0.0,0.0,0.0,1.0,0.59,1.0,minimize_generator,full_grid,False,0.0,12168.873,5000,inf
2022-07-24,899.37,15.801,915.171,1045.616,394.04,1439.656,915.171,524.485,0.0,0.0,0.0,524.485,0.0,0.0,0.0,0.0,800.0,0.8,0.98,0.0,0.0,0.0,0.0,0.0,0.0,1.0,0.636,1.0,minimize_generator,full_grid,False,0.0,12693.358,5000,inf
2022-07-25,898.04,12.996,911.036,1087.236,234.8,1322.036,911.036,411.0,0.0,0.0,0.0,411.0,0.0,0.0,0.0,0.0,800.0,0.8,0.98,0.0,0.0,0.0,0.0,0.0,0.0,1.0,0.689,1.0,minimize_generator,full_grid,False,0.0,13104.358,5000,inf
2022-07-26,818.495,11.048,829.543,1100.422,61.92,1162.342,829.543,332.799,0.0,0.0,0.0,332.799,0.0,0.0,0.0,0.0,800.0,0.8,0.98,0.0,0.0,0.0,0.0,0.0,0.0,1.0,0.714,1.0,minimize_generator,full_grid,False,0.0,13437.157,5000,inf
2022-07-27,892.085,12.354,904.439,1106.69,234.8,1341.49,904.439,437.051,0.0,0.0,0.0,437.051,0.0,0.0,0.0,0.0,800.0,0.8,0.98,0.0,0.0,0.0,0.0,0.0,0.0,1.0,0.674,1.0,minimize_generator,full_grid,False,0.0,13874.209,5000,inf
2022-07-28,891.7,11.809,903.509,1092.071,109.2,1201.271,903.509,297.762,0.0,0.0,0.0,297.762,0.0,0.0,0.0,0.0,800.0,0.8,0.98,0.0,0.0,0.0,0.0,0.0,0.0,1.0,0.752,1.0,minimize_generator,full_grid,False,0.0,14171.97,5000,inf
2022-07-29,894.695,12.522,907.217,1039.544,339.44,1378.984,907.217,471.767,0.0,0.0,0.0,471.767,0.0,0.0,0.0,0.0,800.0,0.8,0.98,0.0,0.0,0.0,0.0,0.0,0.0,1.0,0.658,1.0,minimize_generator,full_grid,False,0.0,14643.738,5000,inf
2022-07-30,895.43,13.591,909.021,1018.6,449.04,1467.64,909.021,558.619,0.0,0.0,0.0,558.619,0.0,0.0,0.0,0.0,800.0,0.8,0.98,0.0,0.0,0.0,0.0,0.0,0.0,1.0,0.619,1.0,minimize_generator,full_grid,False,0.0,15202.357,5000,inf
2022-07-31,889.66,11.975,901.635,1084.225,382.56,1466.785,901.635,565.15,0.0,0.0,0.0,565.15,0.0,0.0,0.0,0.0,800.0,0.8,0.98,0.0,0.0,0.0,0.0,0.0,0.0,1.0,0.615,1.0,minimize_generator,full_grid,False,0.0,15767.507,5000,inf
2022-08-01,893.005,12.539,905.544,1085.386,293.6,1378.986,905.544,473.442,0.0,0.0,0.0,473.442,0.0,0.0,0.0,0.0,800.0,0.8,0.98,0.0,0.0,0.0,0.0,0.0,0.0,1.0,0.657,1.0,minimize_generator,full_grid,False,0.0,473.442,5000,inf
2022-08-02,814.58,10.502,825.082,1052.321,241.44,1293.761,825.082,468.679,0.0,0.0,0.0,468.679,0.0,0.0,0.0,0.0,800.0,0.8,0.98,0.0,0.0,0.0,0.0,0.0,0.0,1.0,0.638,1.0,minimize_generator,full_grid,False,0.0,942.121,5000,inf
2022-08-03,897.865,11.405,909.27,960.289,414.48,1374.769,909.27,465.499,0.0,0.0,0.0,465.499,0.0,0.0,0.0,0.0,800.0,0.8,0.98,0.0,0.0,0.0,0.0,0.0,0.0,1.0,0.661,1.0,minimize_generator,full_grid,False,0.0,1407.62,5000,inf
2022-08-04,890.58,10.271,900.851,866.392,327.4,1193.792,900.851,292.941,0.0,0.0,0.0,292.941,0.0,0.0,0.0,0.0,800.0,0.8,0.98,0.0,0.0,0.0,0.0,0.0,0.0,1.0,0.755,1.0,minimize_generator,full_grid,False,0.0,1700.56,5000,inf
2022-08-05,892.645,8.837,901.482,920.077,124.96,1045.037,901.482,143.555,0.0,0.0,0.0,143.555,0.0,0.0,0.0,0.0,800.0,0.8,0.98,0.0,0.0,0.0,0.0,0.0,0.0,1.0,0.863,1.0,minimize_generator,full_grid,False,0.0,1844.115,5000,inf
2022-08-06,891.14,9.578,900.718,936.147,251.84,1187.987,900.718,287.269,0.0,0.0,0.0,287.269,0.0,0.0,0.0,0.0,800.0,0.8,0.98,0.0,0.0,0.0,0.0,0.0,0.0,1.0,0.758,1.0,minimize_generator,full_grid,False,0.0,2131.384,5000,inf
2022-08-07,896.375,9.556,905.931,925.027,296.32,1221.347,905.931,315.416,0.0,0.0,0.0,315.416,0.0,0.0,0.0,0.0,800.0,0.8,0.98,0.0,0.0,0.0,0.0,0.0,0.0,1.0,0.742,1.0,minimize_generator,full_grid,False,0.0,2446.8,5000,inf
2022-08-08,810.85,9.625,820.475,935.133,407.32,1342.453,820.475,521.978,0.0,0.0,0.0,521.978,0.0,0.0,0.0,0.0,800.0,0.8,0.98,0.0,0.0,0.0,0.0,0.0,0.0,1.0,0.611,1.0,minimize_generator,full_grid,False,0.0,2968.778,5000,inf
2022-08-09,891.91,9.578,901.488,912.011,455.12,1367.131,901.488,465.643,0.0,0.0,0.0,465.643,0.0,0.0,0.0,0.0,800.0,0.8,0.98,0.0,0.0,0.0,0.0,0.0,0.0,1.0,0.659,1.0,minimize_generator,full_grid,False,0.0,3434.421,5000,inf
2022-08-10,891.35,9.461,900.811,952.525,446.52,1399.045,900.811,498.234,0.0,0.0,0.0,498.234,0.0,0.0,0.0,0.0,800.0,0.8,0.98,0.0,0.0,0.0,0.0,0.0,0.0,1.0,0.644,1.0,minimize_generator,full_grid,False,0.0,3932.656,5000,inf
2022-08-11,889.835,9.278,899.113,931.654,444.0,1375.654,899.113,476.541,0.0,0.0,0.0,476.541,0.0,0.0,0.0,0.0,800.0,0.8,0.98,0.0,0.0,0.0,0.0,0.0,0.0,1.0,0.654,1.0,minimize_generator,full_grid,False,0.0,4409.197,5000,inf
2022-08-12,897.865,9.208,907.073,962.22,450.88,1413.1,907.073,506.027,0.0,0.0,0.0,506.027,0.0,0.0,0.0,0.0,800.0,0.8,0.98,0.0,0.0,0.0,0.0,0.0,0.0,1.0,0.642,1.0,minimize_generator,full_grid,False,0.0,4915.224,5000,inf
2022-08-13,817.365,0.669,818.034,1002.389,497.76,1500.149,818.034,682.115,0.0,0.0,0.0,682.115,0.0,0.0,0.0,0.0,800.0,0.8,0.98,0.0,0.0,0.0,0.0,0.0,0.0,1.0,0.545,1.0,minimize_generator,full_grid,False,0.0,5597.338,5000,inf
2022-08-14,894.135,0.0,894.135,985.846,461.68,1447.526,894.135,553.391,0.0,0.0,0.0,553.391,0.0,0.0,0.0,0.0,800.0,0.8,0.98,0.0,0.0,0.0,0.0,0.0,0.0,1.0,0.618,1.0,minimize_generator,full_grid,False,0.0,6150.729,5000,inf
2022-08-15,892.445,0.0,892.445,995.647,405.16,1400.807,892.445,508.362,0.0,0.0,0.0,508.362,0.0,0.0,0.0,0.0,800.0,0.8,0.98,0.0,0.0,0.0,0.0,0.0,0.0,1.0,0.637,1.0,minimize_generator,full_grid,False,0.0,6659.091,5000,inf
2022-08-16,895.64,0.0,895.64,991.664,405.88,1397.544,895.64,501.904,0.0,0.0,0.0,501.904,0.0,0.0,0.0,0.0,800.0,0.8,0.98,0.0,0.0,0.0,0.0,0.0,0.0,1.0,0.641,1.0,minimize_generator,full_grid,False,0.0,7160.995,5000,inf
2022-08-17,817.575,0.0,817.575,999.829,400.0,1399.829,817.575,582.254,0.0,0.0,0.0,582.254,0.0,0.0,0.0,0.0,800.0,0.8,0.98,0.0,0.0,0.0,0.0,0.0,0.0,1.0,0.584,1.0,minimize_generator,full_grid,False,0.0,7743.249,5000,inf
2022-08-18,817.19,0.0,817.19,992.003,409.48,1401.483,817.19,584.293,0.0,0.0,0.0,584.293,0.0,0.0,0.0,0.0,800.0,0.8,0.98,0.0,0.0,0.0,0.0,0.0,0.0,1.0,0.583,1.0,minimize_generator,full_grid,False,0.0,8327.542,5000,inf
2022-08-19,894.51,0.0,894.51,999.921,402.96,1402.881,894.51,508.371,0.0,0.0,0.0,508.371,0.0,0.0,0.0,0.0,800.0,0.8,0.98,0.0,0.0,0.0,0.0,0.0,0.0,1.0,0.638,1.0,minimize_generator,full_grid,False,0.0,8835.913,5000,inf
2022-08-20,891.7,0.0,891.7,1001.292,271.52,1272.812,891.7,381.112,0.0,0.0,0.0,381.112,0.0,0.0,0.0,0.0,800.0,0.8,0.98,0.0,0.0,0.0,0.0,0.0,0.0,1.0,0.701,1.0,minimize_generator,full_grid,False,0.0,9217.025,5000,inf
2022-08-21,813.635,0.0,813.635,971.675,142.4,1114.075,813.635,300.44,0.0,0.0,0.0,300.44,0.0,0.0,0.0,0.0,800.0,0.8,0.98,0.0,0.0,0.0,0.0,0.0,0.0,1.0,0.73,1.0,minimize_generator,full_grid,False,0.0,9517.465,5000,inf
2022-08-22,817.19,0.0,817.19,998.248,180.8,1179.048,817.19,361.858,0.0,0.0,0.0,361.858,0.0,0.0,0.0,0.0,800.0,0.8,0.98,0.0,0.0,0.0,0.0,0.0,0.0,1.0,0.693,1.0,minimize_generator,full_grid,False,0.0,9879.323,5000,inf
2022-08-23,891.14,0.0,891.14,968.244,159.52,1127.764,891.14,236.624,0.0,0.0,0.0,236.624,0.0,0.0,0.0,0.0,800.0,0.8,0.98,0.0,0.0,0.0,0.0,0.0,0.0,1.0,0.79,1.0,minimize_generator,full_grid,False,0.0,10115.947,5000,inf
2022-08-24,892.645,0.0,892.645,976.978,97.36,1074.338,892.645,181.693,0.0,0.0,0.0,181.693,0.0,0.0,0.0,0.0,800.0,0.8,0.98,0.0,0.0,0.0,0.0,0.0,0.0,1.0,0.831,1.0,minimize_generator,full_grid,False,0.0,10297.64,5000,inf
2022-08-25,816.07,0.0,816.07,939.27,155.88,1095.15,816.07,279.08,0.0,0.0,0.0,279.08,0.0,0.0,0.0,0.0,800.0,0.8,0.98,0.0,0.0,0.0,0.0,0.0,0.0,1.0,0.745,1.0,minimize_generator,full_grid,False,0.0,10576.72,5000,inf
2022-08-26,736.525,0.0,736.525,959.658,343.68,1303.338,736.525,566.813,0.0,0.0,0.0,566.813,0.0,0.0,0.0,0.0,800.0,0.8,0.98,0.0,0.0,0.0,0.0,0.0,0.0,1.0,0.565,1.0,minimize_generator,full_grid,False,0.0,11143.534,5000,inf
2022-08-27,890.78,0.0,890.78,977.188,160.44,1137.628,890.78,246.848,0.0,0.0,0.0,246.848,0.0,0.0,0.0,0.0,800.0,0.8,0.98,0.0,0.0,0.0,0.0,0.0,0.0,1.0,0.783,1.0,minimize_generator,full_grid,False,0.0,11390.382,5000,inf
2022-08-28,813.46,0.0,813.46,919.959,232.92,1152.879,813.46,339.419,0.0,0.0,0.0,339.419,0.0,0.0,0.0,0.0,800.0,0.8,0.98,0.0,0.0,0.0,0.0,0.0,0.0,1.0,0.706,1.0,minimize_generator,full_grid,False,0.0,11729.801,5000,inf
2022-08-29,810.29,0.0,810.29,887.176,286.28,1173.456,810.29,363.166,0.0,0.0,0.0,363.166,0.0,0.0,0.0,0.0,800.0,0.8,0.98,0.0,0.0,0.0,0.0,0.0,0.0,1.0,0.691,1.0,minimize_generator,full_grid,False,0.0,12092.967,5000,inf
2022-08-30,736.165,0.0,736.165,880.988,363.52,1244.508,736.165,508.343,0.0,0.0,0.0,508.343,0.0,0.0,0.0,0.0,800.0,0.8,0.98,0.0,0.0,0.0,0.0,0.0,0.0,1.0,0.592,1.0,minimize_generator,full_grid,False,0.0,12601.31,5000,inf
2022-08-31,890.965,0.0,890.965,906.448,392.52,1298.968,890.965,408.003,0.0,0.0,0.0,408.003,0.0,0.0,0.0,0.0,800.0,0.8,0.98,0.0,0.0,0.0,0.0,0.0,0.0,1.0,0.686,1.0,minimize_generator,full_grid,False,0.0,13009.313,5000,inf
2022-09-01,817.575,402.072,1219.647,882.322,412.36,1294.682,1219.647,75.035,0.0,0.0,0.0,75.035,0.0,0.0,0.0,0.0,800.0,0.8,0.98,0.0,0.0,0.0,0.0,0.0,0.0,1.0,0.942,1.0,minimize_generator,full_grid,False,0.0,75.035,5000,inf
2022-09-02,816.07,376.655,1192.725,892.321,414.48,1306.801,1192.725,114.076,0.0,0.0,0.0,114.076,0.0,0.0,0.0,0.0,800.0,0.8,0.98,0.0,0.0,0.0,0.0,0.0,0.0,1.0,0.913,1.0,minimize_generator,full_grid,False,0.0,189.111,5000,inf
2022-09-03,892.445,390.334,1282.779,887.323,486.16,1373.483,1282.779,90.704,0.0,0.0,0.0,90.704,0.0,0.0,0.0,0.0,800.0,0.8,0.98,0.0,0.0,0.0,0.0,0.0,0.0,1.0,0.934,1.0,minimize_generator,full_grid,False,0.0,279.815,5000,inf
2022-09-04,818.88,408.575,1227.455,894.213,462.24,1356.453,1227.455,128.998,0.0,0.0,0.0,128.998,0.0,0.0,0.0,0.0,800.0,0.8,0.98,0.0,0.0,0.0,0.0,0.0,0.0,1.0,0.905,1.0,minimize_generator,full_grid,False,0.0,408.813,5000,inf
2022-09-05,892.83,362.974,1255.804,924.281,449.64,1373.921,1255.804,118.117,0.0,0.0,0.0,118.117,0.0,0.0,0.0,0.0,800.0,0.8,0.98,0.0,0.0,0.0,0.0,0.0,0.0,1.0,0.914,1.0,minimize_generator,full_grid,False,0.0,526.93,5000,inf
2022-09-06,810.675,351.119,1161.794,962.369,478.4,1440.769,1161.794,278.975,0.0,0.0,0.0,278.975,0.0,0.0,0.0,0.0,800.0,0.8,0.98,0.0,0.0,0.0,0.0,0.0,0.0,1.0,0.806,1.0,minimize_generator,full_grid,False,0.0,805.905,5000,inf
2022-09-07,815.5,349.295,1164.795,969.697,377.12,1346.817,1164.795,182.022,0.0,0.0,0.0,182.022,0.0,0.0,0.0,0.0,800.0,0.8,0.98,0.0,0.0,0.0,0.0,0.0,0.0,1.0,0.865,1.0,minimize_generator,full_grid,False,0.0,987.927,5000,inf
2022-09-08,738.39,342.0,1080.39,917.685,330.0,1247.685,1080.39,167.295,0.0,0.0,0.0,167.295,0.0,0.0,0.0,0.0,800.0,0.8,0.98,0.0,0.0,0.0,0.0,0.0,0.0,1.0,0.866,1.0,minimize_generator,full_grid,False,0.0,1155.222,5000,inf
2022-09-09,814.405,355.678,1170.083,924.832,301.72,1226.552,1170.083,56.469,0.0,0.0,0.0,56.469,0.0,0.0,0.0,0.0,800.0,0.8,0.98,0.0,0.0,0.0,0.0,0.0,0.0,1.0,0.954,1.0,minimize_generator,full_grid,False,0.0,1211.69,5000,inf
2022-09-10,814.02,352.943,1166.963,917.112,324.8,1241.912,1166.963,74.949,0.0,0.0,0.0,74.949,0.0,0.0,0.0,0.0,800.0,0.8,0.98,0.0,0.0,0.0,0.0,0.0,0.0,1.0,0.94,1.0,minimize_generator,full_grid,False,0.0,1286.639,5000,inf
2022-09-11,817.015,358.415,1175.43,944.515,404.4,1348.915,1175.43,173.485,0.0,0.0,0.0,173.485,0.0,0.0,0.0,0.0,800.0,0.8,0.98,0.0,0.0,0.0,0.0,0.0,0.0,1.0,0.871,1.0,minimize_generator,full_grid,False,0.0,1460.124,5000,inf
2022-09-12,814.58,432.041,1246.621,964.47,413.76,1378.23,1246.621,131.609,0.0,0.0,0.0,131.609,0.0,0.0,0.0,0.0,800.0,0.8,0.98,0.0,0.0,0.0,0.0,0.0,0.0,1.0,0.905,1.0,minimize_generator,full_grid,False,0.0,1591.733,5000,inf
2022-09-13,816.445,397.958,1214.403,937.673,341.96,1279.633,1214.403,65.23,0.0,0.0,0.0,65.23,0.0,0.0,0.0,0.0,800.0,0.8,0.98,0.0,0.0,0.0,0.0,0.0,0.0,1.0,0.949,1.0,minimize_generator,full_grid,False,0.0,1656.963,5000,inf
2022-09-14,816.445,377.911,1194.356,926.681,387.96,1314.641,1194.356,120.285,0.0,0.0,0.0,120.285,0.0,0.0,0.0,0.0,800.0,0.8,0.98,0.0,0.0,0.0,0.0,0.0,0.0,1.0,0.909,1.0,minimize_generator,full_grid,False,0.0,1777.248,5000,inf
2022-09-15,892.27,376.334,1268.604,914.604,375.52,1290.124,1268.604,21.52,0.0,0.0,0.0,21.52,0.0,0.0,0.0,0.0,800.0,0.8,0.98,0.0,0.0,0.0,0.0,0.0,0.0,1.0,0.983,1.0,minimize_generator,full_grid,False,0.0,1798.768,5000,inf
2022-09-16,812.155,375.352,1187.507,905.691,410.92,1316.611,1187.507,129.104,0.0,0.0,0.0,129.104,0.0,0.0,0.0,0.0,800.0,0.8,0.98,0.0,0.0,0.0,0.0,0.0,0.0,1.0,0.902,1.0,minimize_generator,full_grid,False,0.0,1927.872,5000,inf
2022-09-17,738.6,356.461,1095.061,898.668,318.64,1217.308,1095.061,122.247,0.0,0.0,0.0,122.247,0.0,0.0,0.0,0.0,800.0,0.8,0.98,0.0,0.0,0.0,0.0,0.0,0.0,1.0,0.9,1.0,minimize_generator,full_grid,False,0.0,2050.119,5000,inf
2022-09-18,813.635,348.295,1161.93,872.413,248.08,1120.493,1120.493,0.0,0.0,41.437,0.0,0.0,0.0,0.0,0.0,0.0,756.382,0.756,0.98,0.0,0.0,0.0,0.0,0.0,0.0,1.0,1.0,0.999,minimize_generator,full_grid,False,0.0,2050.119,5000,inf
2022-09-19,738.6,363.662,1102.262,896.876,323.92,1220.796,1102.262,118.534,45.914,0.0,0.0,72.62,0.0,0.0,0.0,0.0,800.0,0.8,0.981,0.0,0.0,0.0,0.0,0.0,0.0,1.0,0.941,1.0,minimize_generator,full_grid,False,0.0,2122.739,5000,inf
2022-09-20,817.75,368.844,1186.594,903.361,333.44,1236.801,1186.594,50.207,0.0,0.0,0.0,50.207,0.0,0.0,0.0,0.0,800.0,0.8,0.981,0.0,0.0,0.0,0.0,0.0,0.0,1.0,0.959,1.0,minimize_generator,full_grid,False,0.0,2172.946,5000,inf
2022-09-21,810.85,355.369,1166.219,906.332,358.64,1264.972,1166.219,98.753,0.0,0.0,0.0,98.753,0.0,0.0,0.0,0.0,800.0,0.8,0.981,0.0,0.0,0.0,0.0,0.0,0.0,1.0,0.922,1.0,minimize_generator,full_grid,False,0.0,2271.699,5000,inf
2022-09-22,738.6,383.952,1122.552,913.525,175.2,1088.725,1088.725,0.0,0.0,33.827,0.0,0.0,0.0,0.0,0.0,0.0,764.392,0.764,0.981,0.0,0.0,0.0,0.0,0.0,0.0,1.0,1.0,0.999,minimize_generator,full_grid,False,0.0,2271.699,5000,inf
2022-09-23,738.6,372.374,1110.974,882.633,65.68,948.313,948.313,0.0,0.0,162.661,0.0,0.0,0.0,0.0,0.0,0.0,593.171,0.593,0.981,0.0,0.0,0.0,0.0,0.0,0.0,1.0,1.0,0.997,minimize_generator,full_grid,False,0.0,2271.699,5000,inf
2022-09-24,813.635,451.481,1265.116,857.328,164.08,1021.408,1021.408,0.0,0.0,243.708,0.0,0.0,0.0,0.0,0.0,0.0,336.635,0.337,0.981,0.0,0.0,0.0,0.0,0.0,0.0,1.0,1.0,0.996,minimize_generator,full_grid,False,0.0,2271.699,5000,inf
2022-09-25,810.115,445.184,1255.299,839.456,104.4,943.856,943.856,0.0,0.0,129.804,181.639,0.0,0.0,0.0,0.0,0.0,200.0,0.2,0.981,0.0,0.0,18.547,0.0,0.0,18.547,0.855,1.0,0.853,minimize_generator,full_grid,False,181.639,2271.699,5000,inf
2022-09-26,737.085,398.784,1135.869,821.05,35.92,856.97,856.97,0.0,0.0,0.0,278.899,0.0,0.0,0.0,0.0,0.0,200.0,0.2,0.981,0.0,0.0,28.493,0.0,0.0,28.493,0.754,1.0,0.754,minimize_generator,full_grid,False,460.539,2271.699,5000,inf
2022-09-27,816.27,413.119,1229.389,844.028,134.44,978.468,978.468,0.0,0.0,0.0,250.921,0.0,0.0,0.0,0.0,0.0,200.0,0.2,0.981,0.0,0.0,25.692,0.0,0.0,25.692,0.796,1.0,0.796,minimize_generator,full_grid,False,711.46,2271.699,5000,inf
2022-09-28,735.605,450.113,1185.718,846.881,305.32,1152.201,1152.201,0.0,0.0,0.0,33.517,0.0,0.0,0.0,0.0,0.0,200.0,0.2,0.981,0.0,0.0,3.41,0.0,0.0,3.41,0.972,1.0,0.972,minimize_generator,full_grid,False,744.977,2271.699,5000,inf
2022-09-29,738.6,468.446,1207.046,843.046,110.8,953.846,953.846,0.0,0.0,0.0,253.2,0.0,0.0,0.0,0.0,0.0,200.0,0.2,0.981,0.0,0.0,25.725,0.0,0.0,25.725,0.79,1.0,0.79,minimize_generator,full_grid,False,998.176,2271.699,5000,inf
2022-09-30,811.595,463.164,1274.759,827.159,81.8,908.959,908.959,0.0,0.0,0.0,365.8,0.0,0.0,0.0,0.0,0.0,200.0,0.2,0.981,0.0,0.0,37.303,0.0,0.0,37.303,0.713,1.0,0.713,minimize_generator,full_grid,False,1363.976,2271.699,5000,inf
2022-10-01,731.875,863.784,1595.659,810.922,152.24,963.162,963.162,0.0,0.0,0.0,632.497,0.0,0.0,0.0,0.0,0.0,200.0,0.2,0.981,0.0,0.0,63.353,0.0,0.0,63.353,0.604,1.0,0.604,minimize_generator,full_grid,False,632.497,0.0,5000,inf
2022-10-02,810.29,758.192,1568.482,801.244,212.96,1014.204,1014.204,0.0,0.0,0.0,554.278,0.0,0.0,0.0,0.0,0.0,200.0,0.2,0.981,0.0,0.0,56.013,0.0,0.0,56.013,0.647,1.0,0.647,minimize_generator,full_grid,False,1186.775,0.0,5000,inf
2022-10-03,733.355,727.526,1460.881,824.496,138.84,963.336,963.336,0.0,0.0,0.0,497.545,0.0,0.0,0.0,0.0,0.0,200.0,0.2,0.981,0.0,0.0,50.168,0.0,0.0,50.168,0.659,1.0,0.659,minimize_generator,full_grid,False,1684.321,0.0,5000,inf
2022-10-04,811.035,719.216,1530.251,816.267,174.28,990.547,990.547,0.0,0.0,0.0,539.704,0.0,0.0,0.0,0.0,0.0,200.0,0.2,0.981,0.0,0.0,54.652,0.0,0.0,54.652,0.647,1.0,0.647,minimize_generator,full_grid,False,2224.024,0.0,5000,inf
2022-10-05,733.005,772.05,1505.055,796.792,278.0,1074.792,1074.792,0.0,0.0,0.0,430.263,0.0,0.0,0.0,0.0,0.0,200.0,0.2,0.981,0.0,0.0,43.285,0.0,0.0,43.285,0.714,1.0,0.714,minimize_generator,full_grid,False,2654.287,0.0,5000,inf
2022-10-06,809.905,785.022,1594.927,777.758,348.72,1126.478,1126.478,0.0,0.0,0.0,468.449,0.0,0.0,0.0,0.0,0.0,200.0,0.2,0.981,0.0,0.0,47.276,0.0,0.0,47.276,0.706,1.0,0.706,minimize_generator,full_grid,False,3122.736,0.0,5000,inf
2022-10-07,811.035,777.651,1588.686,772.091,510.88,1282.971,1282.971,0.0,0.0,0.0,305.715,0.0,0.0,0.0,0.0,0.0,200.0,0.2,0.981,0.0,0.0,30.865,0.0,0.0,30.865,0.808,1.0,0.808,minimize_generator,full_grid,False,3428.45,0.0,5000,inf
2022-10-08,809.905,772.988,1582.893,795.135,500.08,1295.215,1295.215,0.0,0.0,0.0,287.678,0.0,0.0,0.0,0.0,0.0,200.0,0.2,0.981,0.0,0.0,29.05,0.0,0.0,29.05,0.818,1.0,0.818,minimize_generator,full_grid,False,3716.128,0.0,5000,inf
2022-10-09,736.35,794.234,1530.584,821.712,413.08,1234.792,1234.792,0.0,0.0,0.0,295.792,0.0,0.0,0.0,0.0,0.0,200.0,0.2,0.981,0.0,0.0,29.73,0.0,0.0,29.73,0.807,1.0,0.807,minimize_generator,full_grid,False,4011.921,0.0,5000,inf
2022-10-10,734.125,789.589,1523.714,804.721,352.04,1156.761,1156.761,0.0,0.0,0.0,366.953,0.0,0.0,0.0,0.0,0.0,200.0,0.2,0.981,0.0,0.0,36.886,0.0,0.0,36.886,0.759,1.0,0.759,minimize_generator,full_grid,False,4378.874,0.0,5000,inf
2022-10-11,732.62,749.925,1482.545,791.302,198.72,990.022,990.022,0.0,0.0,0.0,492.523,0.0,0.0,0.0,0.0,0.0,200.0,0.2,0.981,0.0,0.0,49.602,0.0,0.0,49.602,0.668,1.0,0.668,minimize_generator,full_grid,False,4871.397,0.0,5000,inf
2022-10-12,810.85,673.21,1484.06,768.014,229.12,997.134,997.134,0.0,0.0,0.0,128.603,0.0,358.322,0.0,0.0,0.0,200.0,0.2,0.981,214.993,23.888,13.055,0.0,150.689,163.744,0.913,1.0,0.672,minimize_generator,full_grid,False,5000.0,0.0,5000,inf
2022-10-13,731.49,700.501,1431.991,785.665,323.92,1109.585,1109.585,0.0,0.0,0.0,0.0,0.0,322.406,0.0,0.0,0.0,200.0,0.2,0.981,193.444,21.494,0.0,0.0,135.585,135.585,1.0,1.0,0.775,minimize_generator,full_grid,False,5000.0,0.0,5000,inf
2022-10-14,730.01,661.932,1391.942,763.804,338.56,1102.364,1102.364,0.0,0.0,0.0,0.0,0.0,289.578,0.0,0.0,0.0,200.0,0.2,0.981,173.747,19.305,0.0,0.0,121.779,121.779,1.0,1.0,0.792,minimize_generator,full_grid,False,5000.0,0.0,5000,inf
2022-10-15,735.99,630.382,1366.372,740.749,55.4,796.149,796.149,0.0,0.0,0.0,0.0,0.0,570.223,0.0,0.0,0.0,200.0,0.2,0.981,258.045,24.0,0.0,0.0,180.863,180.863,1.0,1.0,0.583,minimize_generator,full_grid,False,5000.0,0.0,5000,inf
2022-10-16,730.195,642.781,1372.976,740.81,20.56,761.37,761.37,0.0,0.0,0.0,0.0,0.0,611.606,0.0,0.0,0.0,200.0,0.2,0.981,266.321,24.0,0.0,0.0,186.664,186.664,1.0,1.0,0.555,minimize_generator,full_grid,False,5000.0,0.0,5000,inf
2022-10-17,666.24,665.85,1332.09,712.55,363.52,1076.07,1076.07,0.0,0.0,0.0,0.0,0.0,256.02,0.0,0.0,0.0,200.0,0.2,0.981,153.612,17.068,0.0,0.0,107.667,107.667,1.0,1.0,0.808,minimize_generator,full_grid,False,5000.0,0.0,5000,inf
2022-10-18,664.165,649.49,1313.655,749.175,405.88,1155.055,1155.055,0.0,0.0,0.0,0.0,0.0,158.6,0.0,0.0,0.0,200.0,0.2,0.981,95.16,10.573,0.0,0.0,66.698,66.698,1.0,1.0,0.879,minimize_generator,full_grid,False,5000.0,0.0,5000,inf
2022-10-19,730.37,637.006,1367.376,719.868,379.44,1099.308,1099.308,0.0,0.0,0.0,0.0,0.0,268.068,0.0,0.0,0.0,200.0,0.2,0.981,160.841,17.871,0.0,0.0,112.733,112.733,1.0,1.0,0.804,minimize_generator,full_grid,False,5000.0,0.0,5000,inf
2022-10-20,731.49,625.838,1357.328,669.877,301.72,971.597,971.597,0.0,0.0,0.0,0.0,0.0,385.731,0.0,0.0,0.0,200.0,0.2,0.981,221.146,24.0,0.0,0.0,155.001,155.001,1.0,1.0,0.716,minimize_generator,full_grid,False,5000.0,0.0,5000,inf
2022-10-21,732.435,593.11,1325.545,653.292,363.52,1016.812,1016.812,0.0,0.0,0.0,0.0,0.0,308.733,0.0,0.0,0.0,200.0,0.2,0.981,185.24,20.582,0.0,0.0,129.835,129.835,1.0,1.0,0.767,minimize_generator,full_grid,False,5000.0,0.0,5000,inf
2022-10-22,734.87,628.307,1363.177,716.175,320.4,1036.575,1036.575,0.0,0.0,0.0,0.0,0.0,326.602,0.0,0.0,0.0,200.0,0.2,0.981,195.961,21.773,0.0,0.0,137.349,137.349,1.0,1.0,0.76,minimize_generator,full_grid,False,5000.0,0.0,5000,inf
2022-10-23,732.795,558.739,1291.534,700.383,369.16,1069.543,1069.543,0.0,0.0,0.0,0.0,0.0,221.991,0.0,0.0,0.0,200.0,0.2,0.981,133.195,14.799,0.0,0.0,93.356,93.356,1.0,1.0,0.828,minimize_generator,full_grid,False,5000.0,0.0,5000,inf
2022-10-24,729.835,499.754,1229.589,712.159,252.8,964.959,964.959,0.0,0.0,0.0,0.0,0.0,264.63,0.0,0.0,0.0,200.0,0.2,0.981,158.778,17.642,0.0,0.0,111.288,111.288,1.0,1.0,0.785,minimize_generator,full_grid,False,5000.0,0.0,5000,inf
2022-10-25,729.45,411.299,1140.749,713.627,23.92,737.547,737.547,0.0,0.0,0.0,0.0,0.0,403.202,0.0,0.0,0.0,200.0,0.2,0.981,224.64,24.0,0.0,0.0,157.45,157.45,1.0,1.0,0.647,minimize_generator,full_grid,False,5000.0,0.0,5000,inf
2022-10-26,731.875,452.162,1184.037,683.044,278.92,961.964,961.964,0.0,0.0,0.0,0.0,0.0,222.073,0.0,0.0,0.0,200.0,0.2,0.981,133.244,14.805,0.0,0.0,93.39,93.39,1.0,1.0,0.812,minimize_generator,full_grid,False,5000.0,0.0,5000,inf
2022-10-27,734.3,422.488,1156.788,697.895,184.56,882.455,882.455,0.0,0.0,0.0,0.0,0.0,274.333,0.0,0.0,0.0,200.0,0.2,0.981,164.6,18.289,0.0,0.0,115.368,115.368,1.0,1.0,0.763,minimize_generator,full_grid,False,5000.0,0.0,5000,inf
2022-10-28,729.835,363.807,1093.642,655.661,108.4,764.061,764.061,0.0,0.0,0.0,0.0,0.0,329.581,0.0,0.0,0.0,200.0,0.2,0.981,197.749,21.972,0.0,0.0,138.602,138.602,1.0,1.0,0.699,minimize_generator,full_grid,False,5000.0,0.0,5000,inf
2022-10-29,664.165,303.505,967.67,680.365,102.8,783.165,783.165,0.0,0.0,0.0,0.0,0.0,184.505,0.0,0.0,0.0,200.0,0.2,0.981,110.703,12.3,0.0,0.0,77.592,77.592,1.0,1.0,0.809,minimize_generator,full_grid,False,5000.0,0.0,5000,inf
2022-10-30,661.54,233.456,894.996,679.949,296.32,976.269,894.996,81.273,81.273,0.0,0.0,0.0,0.0,0.0,0.0,0.0,277.209,0.277,0.986,0.0,0.0,0.0,0.0,0.0,0.0,1.0,1.0,1.0,minimize_generator,full_grid,False,5000.0,0.0,5000,inf
2022-10-31,659.475,96.162,755.637,668.392,351.2,1019.592,755.637,263.955,263.955,0.0,0.0,0.0,0.0,0.0,0.0,0.0,527.967,0.528,0.993,0.0,0.0,0.0,0.0,0.0,0.0,1.0,1.0,1.0,minimize_generator,full_grid,False,5000.0,0.0,5000,inf
2022-11-01,730.57,703.102,1433.672,652.098,336.0,988.098,988.098,0.0,0.0,311.568,134.005,0.0,0.0,0.0,0.0,0.0,200.0,0.2,0.993,0.0,0.0,12.816,0.0,0.0,12.816,0.907,1.0,0.905,minimize_generator,full_grid,False,134.005,0.0,5000,inf
2022-11-02,730.01,736.644,1466.654,670.065,308.0,978.065,978.065,0.0,0.0,0.0,488.589,0.0,0.0,0.0,0.0,0.0,200.0,0.2,0.993,0.0,0.0,46.644,0.0,0.0,46.644,0.667,1.0,0.667,minimize_generator,full_grid,False,622.594,0.0,5000,inf
2022-11-03,729.625,658.579,1388.204,654.421,119.92,774.341,774.341,0.0,0.0,0.0,613.863,0.0,0.0,0.0,0.0,0.0,200.0,0.2,0.993,0.0,0.0,58.853,0.0,0.0,58.853,0.558,1.0,0.558,minimize_generator,full_grid,False,1236.458,0.0,5000,inf
2022-11-04,663.605,680.971,1344.576,626.139,187.4,813.539,813.539,0.0,0.0,0.0,531.037,0.0,0.0,0.0,0.0,0.0,200.0,0.2,0.993,0.0,0.0,50.664,0.0,0.0,50.664,0.605,1.0,0.605,minimize_generator,full_grid,False,1767.495,0.0,5000,inf
2022-11-05,732.06,649.831,1381.891,656.156,86.84,742.996,742.996,0.0,0.0,0.0,638.895,0.0,0.0,0.0,0.0,0.0,200.0,0.2,0.993,0.0,0.0,61.292,0.0,0.0,61.292,0.538,1.0,0.538,minimize_generator,full_grid,False,2406.39,0.0,5000,inf
2022-11-06,661.34,642.771,1304.111,655.646,51.44,707.086,707.086,0.0,0.0,0.0,597.025,0.0,0.0,0.0,0.0,0.0,200.0,0.2,0.993,0.0,0.0,57.078,0.0,0.0,57.078,0.542,1.0,0.542,minimize_generator,full_grid,False,3003.415,0.0,5000,inf
2022-11-07,729.835,685.034,1414.869,646.223,298.12,944.343,944.343,0.0,0.0,0.0,470.526,0.0,0.0,0.0,0.0,0.0,200.0,0.2,0.993,0.0,0.0,45.044,0.0,0.0,45.044,0.667,1.0,0.667,minimize_generator,full_grid,False,3473.941,0.0,5000,inf
2022-11-08,662.86,691.67,1354.53,660.429,343.68,1004.109,1004.109,0.0,0.0,0.0,350.421,0.0,0.0,0.0,0.0,0.0,200.0,0.2,0.993,0.0,0.0,33.411,0.0,0.0,33.411,0.741,1.0,0.741,minimize_generator,full_grid,False,3824.362,0.0,5000,inf
2022-11-09,660.035,676.505,1336.54,645.6,260.32,905.92,905.92,0.0,0.0,0.0,430.62,0.0,0.0,0.0,0.0,0.0,200.0,0.2,0.993,0.0,0.0,41.086,0.0,0.0,41.086,0.678,1.0,0.678,minimize_generator,full_grid,False,4254.983,0.0,5000,inf
2022-11-10,664.55,667.34,1331.89,649.583,124.96,774.543,774.543,0.0,0.0,0.0,557.347,0.0,0.0,0.0,0.0,0.0,200.0,0.2,0.993,0.0,0.0,53.218,0.0,0.0,53.218,0.582,1.0,0.582,minimize_generator,full_grid,False,4812.33,0.0,5000,inf
2022-11-11,663.605,667.259,1330.864,643.961,78.28,722.241,722.241,0.0,0.0,0.0,187.67,0.0,420.953,0.0,0.0,0.0,200.0,0.2,0.993,228.191,24.0,17.919,0.0,165.027,182.946,0.859,1.0,0.543,minimize_generator,full_grid,False,5000.0,0.0,5000,inf
2022-11-12,663.07,629.999,1293.069,631.563,76.24,707.803,707.803,0.0,0.0,0.0,0.0,0.0,585.266,0.0,0.0,0.0,200.0,0.2,0.993,261.053,24.0,0.0,0.0,188.794,188.794,1.0,1.0,0.547,minimize_generator,full_grid,False,5000.0,0.0,5000,inf
2022-11-13,661.34,684.921,1346.261,610.295,208.2,818.495,818.495,0.0,0.0,0.0,0.0,0.0,527.766,0.0,0.0,0.0,200.0,0.2,0.993,249.553,24.0,0.0,0.0,180.477,180.477,1.0,1.0,0.608,minimize_generator,full_grid,False,5000.0,0.0,5000,inf
2022-11-14,660.595,700.715,1361.31,602.929,249.96,852.889,852.889,0.0,0.0,0.0,0.0,0.0,508.421,0.0,0.0,0.0,200.0,0.2,0.993,245.684,24.0,0.0,0.0,177.679,177.679,1.0,1.0,0.627,minimize_generator,full_grid,False,5000.0,0.0,5000,inf
2022-11-15,732.795,646.791,1379.586,592.253,303.52,895.773,895.773,0.0,0.0,0.0,0.0,0.0,483.813,0.0,0.0,0.0,200.0,0.2,0.993,240.763,24.0,0.0,0.0,174.119,174.119,1.0,1.0,0.649,minimize_generator,full_grid,False,5000.0,0.0,5000,inf
2022-11-16,665.11,630.113,1295.223,572.876,343.68,916.556,916.556,0.0,0.0,0.0,0.0,0.0,378.667,0.0,0.0,0.0,200.0,0.2,0.993,219.733,24.0,0.0,0.0,158.911,158.911,1.0,1.0,0.708,minimize_generator,full_grid,False,5000.0,0.0,5000,inf
2022-11-17,663.07,638.925,1301.995,534.502,183.64,718.142,718.142,0.0,0.0,0.0,0.0,0.0,583.853,0.0,0.0,0.0,200.0,0.2,0.993,260.771,24.0,0.0,0.0,188.589,188.589,1.0,1.0,0.552,minimize_generator,full_grid,False,5000.0,0.0,5000,inf
2022-11-18,660.035,642.052,1302.087,571.764,174.28,746.044,746.044,0.0,0.0,0.0,0.0,0.0,556.043,0.0,0.0,0.0,200.0,0.2,0.993,255.209,24.0,0.0,0.0,184.567,184.567,1.0,1.0,0.573,minimize_generator,full_grid,False,5000.0,0.0,5000,inf
2022-11-19,663.605,705.207,1368.812,564.317,118.24,682.557,682.557,0.0,0.0,0.0,0.0,0.0,686.255,0.0,0.0,0.0,200.0,0.2,0.993,281.251,24.0,0.0,0.0,203.401,203.401,1.0,1.0,0.499,minimize_generator,full_grid,False,5000.0,0.0,5000,inf
2022-11-20,661.165,650.834,1311.999,575.17,27.6,602.77,602.77,0.0,0.0,0.0,0.0,0.0,709.229,0.0,0.0,0.0,200.0,0.2,0.993,285.846,24.0,0.0,0.0,206.724,206.724,1.0,1.0,0.459,minimize_generator,full_grid,False,5000.0,0.0,5000,inf
2022-11-21,658.94,600.18,1259.12,532.284,16.32,548.604,548.604,0.0,0.0,0.0,0.0,0.0,710.516,0.0,0.0,0.0,200.0,0.2,0.993,286.103,24.0,0.0,0.0,206.91,206.91,1.0,1.0,0.436,minimize_generator,full_grid,False,5000.0,0.0,5000,inf
2022-11-22,657.435,661.183,1318.618,459.348,276.16,735.508,735.508,0.0,0.0,0.0,0.0,0.0,583.11,0.0,0.0,0.0,200.0,0.2,0.993,260.622,24.0,0.0,0.0,188.482,188.482,1.0,1.0,0.558,minimize_generator,full_grid,False,5000.0,0.0,5000,inf
2022-11-23,657.995,601.531,1259.526,431.689,165.04,596.729,596.729,0.0,0.0,0.0,0.0,0.0,662.797,0.0,0.0,0.0,200.0,0.2,0.993,276.559,24.0,0.0,0.0,200.008,200.008,1.0,1.0,0.474,minimize_generator,full_grid,False,5000.0,0.0,5000,inf
2022-11-24,572.155,643.608,1215.763,522.424,347.88,870.304,870.304,0.0,0.0,0.0,0.0,0.0,345.459,0.0,0.0,0.0,200.0,0.2,0.993,207.276,23.031,0.0,0.0,149.902,149.902,1.0,1.0,0.716,minimize_generator,full_grid,False,5000.0,0.0,5000,inf
2022-11-25,658.73,680.458,1339.188,585.529,302.64,888.169,888.169,0.0,0.0,0.0,0.0,0.0,451.019,0.0,0.0,0.0,200.0,0.2,0.993,234.204,24.0,0.0,0.0,169.376,169.376,1.0,1.0,0.663,minimize_generator,full_grid,False,5000.0,0.0,5000,inf
2022-11-26,588.95,622.134,1211.084,593.994,223.4,817.394,817.394,0.0,0.0,0.0,0.0,0.0,393.69,0.0,0.0,0.0,200.0,0.2,0.993,222.738,24.0,0.0,0.0,161.084,161.084,1.0,1.0,0.675,minimize_generator,full_grid,False,5000.0,0.0,5000,inf
2022-11-27,663.805,481.095,1144.9,516.995,15.76,532.755,532.755,0.0,0.0,0.0,0.0,0.0,612.145,0.0,0.0,0.0,200.0,0.2,0.993,266.429,24.0,0.0,0.0,192.681,192.681,1.0,1.0,0.465,minimize_generator,full_grid,False,5000.0,0.0,5000,inf
2022-11-28,657.25,437.707,1094.957,388.848,5.08,393.928,393.928,0.0,0.0,0.0,0.0,0.0,701.029,0.0,0.0,0.0,200.0,0.2,0.993,284.206,24.0,0.0,0.0,205.538,205.538,1.0,1.0,0.36,minimize_generator,full_grid,False,5000.0,0.0,5000,inf
2022-11-29,585.58,543.123,1128.703,555.499,178.96,734.459,734.459,0.0,0.0,0.0,0.0,0.0,394.244,0.0,0.0,0.0,200.0,0.2,0.993,222.849,24.0,0.0,0.0,161.164,161.164,1.0,1.0,0.651,minimize_generator,full_grid,False,5000.0,0.0,5000,inf
2022-11-30,589.695,444.581,1034.276,581.27,0.08,581.35,581.35,0.0,0.0,0.0,0.0,0.0,452.926,0.0,0.0,0.0,200.0,0.2,0.993,234.585,24.0,0.0,0.0,169.652,169.652,1.0,1.0,0.562,minimize_generator,full_grid,False,5000.0,0.0,5000,inf
2022-12-01,585.755,578.046,1163.801,588.791,53.68,642.471,642.471,0.0,0.0,0.0,521.33,0.0,0.0,0.0,0.0,0.0,200.0,0.2,0.993,0.0,0.0,47.595,0.0,0.0,47.595,0.552,1.0,0.552,minimize_generator,full_grid,False,521.33,0.0,5000,inf
2022-12-02,657.995,607.83,1265.825,585.082,108.4,693.482,693.482,0.0,0.0,0.0,572.343,0.0,0.0,0.0,0.0,0.0,200.0,0.2,0.993,0.0,0.0,52.384,0.0,0.0,52.384,0.548,1.0,0.548,minimize_generator,full_grid,False,1093.674,0.0,5000,inf
2022-12-03,657.075,555.037,1212.112,512.685,70.2,582.885,582.885,0.0,0.0,0.0,629.227,0.0,0.0,0.0,0.0,0.0,200.0,0.2,0.993,0.0,0.0,57.785,0.0,0.0,57.785,0.481,1.0,0.481,minimize_generator,full_grid,False,1722.901,0.0,5000,inf
2022-12-04,659.3,676.578,1335.878,529.065,232.92,761.985,761.985,0.0,0.0,0.0,573.893,0.0,0.0,0.0,0.0,0.0,200.0,0.2,0.993,0.0,0.0,52.316,0.0,0.0,52.316,0.57,1.0,0.57,minimize_generator,full_grid,False,2296.793,0.0,5000,inf
2022-12-05,585.755,386.213,971.968,505.805,287.2,793.005,793.005,0.0,0.0,0.0,178.963,0.0,0.0,0.0,0.0,0.0,200.0,0.2,0.993,0.0,0.0,16.586,0.0,0.0,16.586,0.816,1.0,0.816,minimize_generator,full_grid,False,2475.756,0.0,5000,inf
2022-12-06,588.75,357.274,946.024,534.435,262.16,796.595,796.595,0.0,0.0,0.0,149.429,0.0,0.0,0.0,0.0,0.0,200.0,0.2,0.993,0.0,0.0,13.89,0.0,0.0,13.89,0.842,1.0,0.842,minimize_generator,full_grid,False,2625.186,0.0,5000,inf
2022-12-07,583.355,312.68,896.035,558.878,155.88,714.758,714.758,0.0,0.0,0.0,181.277,0.0,0.0,0.0,0.0,0.0,200.0,0.2,0.993,0.0,0.0,16.922,0.0,0.0,16.922,0.798,1.0,0.798,minimize_generator,full_grid,False,2806.463,0.0,5000,inf
2022-12-08,657.61,338.538,996.148,540.292,233.88,774.172,774.172,0.0,0.0,0.0,221.976,0.0,0.0,0.0,0.0,0.0,200.0,0.2,0.993,0.0,0.0,20.749,0.0,0.0,20.749,0.777,1.0,0.777,minimize_generator,full_grid,False,3028.439,0.0,5000,inf
2022-12-09,656.69,364.337,1021.027,549.508,194.0,743.508,743.508,0.0,0.0,0.0,277.519,0.0,0.0,0.0,0.0,0.0,200.0,0.2,0.993,0.0,0.0,25.876,0.0,0.0,25.876,0.728,1.0,0.728,minimize_generator,full_grid,False,3305.958,0.0,5000,inf
2022-12-10,589.695,319.762,909.457,552.474,83.24,635.714,635.714,0.0,0.0,0.0,273.743,0.0,0.0,0.0,0.0,0.0,200.0,0.2,0.993,0.0,0.0,25.544,0.0,0.0,25.544,0.699,1.0,0.699,minimize_generator,full_grid,False,3579.701,0.0,5000,inf
2022-12-11,587.62,280.284,867.904,566.217,20.24,586.457,586.457,0.0,0.0,0.0,281.447,0.0,0.0,0.0,0.0,0.0,200.0,0.2,0.993,0.0,0.0,26.375,0.0,0.0,26.375,0.676,1.0,0.676,minimize_generator,full_grid,False,3861.148,0.0,5000,inf
2022-12-12,588.95,277.235,866.185,546.692,12.68,559.372,559.372,0.0,0.0,0.0,306.813,0.0,0.0,0.0,0.0,0.0,200.0,0.2,0.993,0.0,0.0,28.764,0.0,0.0,28.764,0.646,1.0,0.646,minimize_generator,full_grid,False,4167.961,0.0,5000,inf
2022-12-13,660.035,318.823,978.858,531.343,177.08,708.423,708.423,0.0,0.0,0.0,270.435,0.0,0.0,0.0,0.0,0.0,200.0,0.2,0.993,0.0,0.0,25.332,0.0,0.0,25.332,0.724,1.0,0.724,minimize_generator,full_grid,False,4438.396,0.0,5000,inf
2022-12-14,585.965,303.367,889.332,528.281,160.44,688.721,688.721,0.0,0.0,0.0,200.611,0.0,0.0,0.0,0.0,0.0,200.0,0.2,0.993,0.0,0.0,18.749,0.0,0.0,18.749,0.774,1.0,0.774,minimize_generator,full_grid,False,4639.007,0.0,5000,inf
2022-12-15,587.445,317.777,905.222,536.726,90.52,627.246,627.246,0.0,0.0,0.0,277.976,0.0,0.0,0.0,0.0,0.0,200.0,0.2,0.993,0.0,0.0,25.941,0.0,0.0,25.941,0.693,1.0,0.693,minimize_generator,full_grid,False,4916.983,0.0,5000,inf
2022-12-16,582.585,301.139,883.724,538.081,29.56,567.641,567.641,0.0,0.0,0.0,83.017,0.0,233.066,0.0,0.0,0.0,200.0,0.2,0.993,139.84,15.538,7.759,0.0,90.057,97.816,0.906,1.0,0.642,minimize_generator,full_grid,False,5000.0,0.0,5000,inf
2022-12-17,583.355,322.834,906.189,537.075,47.64,584.715,584.715,0.0,0.0,0.0,0.0,0.0,321.474,0.0,0.0,0.0,200.0,0.2,0.993,192.884,21.432,0.0,0.0,124.218,124.218,1.0,1.0,0.645,minimize_generator,full_grid,False,5000.0,0.0,5000,inf
2022-12-18,586.7,300.047,886.747,521.837,20.88,542.717,542.717,0.0,0.0,0.0,0.0,0.0,344.03,0.0,0.0,0.0,200.0,0.2,0.993,206.418,22.935,0.0,0.0,132.933,132.933,1.0,1.0,0.612,minimize_generator,full_grid,False,5000.0,0.0,5000,inf
2022-12-19,657.25,279.193,936.443,509.979,45.56,555.539,555.539,0.0,0.0,0.0,0.0,0.0,380.904,0.0,0.0,0.0,200.0,0.2,0.993,220.181,24.0,0.0,0.0,141.796,141.796,1.0,1.0,0.593,minimize_generator,full_grid,False,5000.0,0.0,5000,inf
2022-12-20,585.22,314.679,899.899,518.075,243.36,761.435,761.435,0.0,0.0,0.0,0.0,0.0,138.464,0.0,0.0,0.0,200.0,0.2,0.993,83.078,9.231,0.0,0.0,53.502,53.502,1.0,1.0,0.846,minimize_generator,full_grid,False,5000.0,0.0,5000,inf
2022-12-21,585.02,329.415,914.435,557.828,321.28,879.108,879.108,0.0,54.673,0.0,0.0,0.0,35.327,54.673,0.0,0.0,251.939,0.252,0.788,54.0,6.0,0.0,0.0,34.776,34.776,1.0,1.0,0.961,minimize_generator,full_grid,False,5000.0,0.0,5000,inf
2022-12-22,584.275,219.521,803.796,385.72,59.52,445.24,445.24,0.0,0.0,49.342,0.0,0.0,309.213,0.0,0.0,0.0,200.0,0.2,0.788,185.528,20.614,0.0,0.0,119.48,119.48,1.0,1.0,0.602,minimize_generator,full_grid,False,5000.0,0.0,5000,inf
2022-12-23,583.715,274.016,857.731,401.656,453.92,855.576,855.576,0.0,87.845,0.0,0.0,0.0,2.155,87.845,0.0,0.0,283.453,0.283,0.556,54.0,6.0,0.0,0.0,34.776,34.776,1.0,1.0,0.997,minimize_generator,full_grid,False,5000.0,0.0,5000,inf
2022-12-24,586.7,35.345,622.045,425.504,189.28,614.784,614.784,0.0,0.0,7.261,0.0,0.0,0.0,0.0,0.0,0.0,275.81,0.276,0.556,0.0,0.0,0.0,0.0,0.0,0.0,1.0,1.0,0.995,minimize_generator,full_grid,False,5000.0,0.0,5000,inf
2022-12-25,572.315,25.869,598.184,468.765,290.84,759.605,598.184,161.421,161.421,0.0,0.0,0.0,0.0,0.0,0.0,0.0,429.16,0.429,0.715,0.0,0.0,0.0,0.0,0.0,0.0,1.0,1.0,1.0,minimize_generator,full_grid,False,5000.0,0.0,5000,inf
2022-12-26,657.075,25.273,682.348,413.069,417.28,830.349,682.348,148.001,148.001,0.0,0.0,0.0,0.0,0.0,0.0,0.0,569.761,0.57,0.785,0.0,0.0,0.0,0.0,0.0,0.0,1.0,1.0,1.0,minimize_generator,full_grid,False,5000.0,0.0,5000,inf
2022-12-27,582.795,23.381,606.176,500.945,359.44,860.385,606.176,254.209,242.356,0.0,0.0,11.852,0.0,0.0,0.0,0.0,800.0,0.8,0.847,0.0,0.0,0.0,0.0,0.0,0.0,1.0,0.986,1.0,minimize_generator,full_grid,False,5000.0,11.852,5000,inf
2022-12-28,587.83,24.067,611.897,579.622,62.56,642.182,611.897,30.285,0.0,0.0,0.0,30.285,0.0,0.0,0.0,0.0,800.0,0.8,0.847,0.0,0.0,0.0,0.0,0.0,0.0,1.0,0.953,1.0,minimize_generator,full_grid,False,5000.0,42.137,5000,inf
2022-12-29,572.425,23.165,595.59,576.536,73.52,650.056,595.59,54.466,0.0,0.0,0.0,54.466,0.0,0.0,0.0,0.0,800.0,0.8,0.847,0.0,0.0,0.0,0.0,0.0,0.0,1.0,0.916,1.0,minimize_generator,full_grid,False,5000.0,96.603,5000,inf
2022-12-30,587.445,21.471,608.916,569.133,94.28,663.413,608.916,54.497,0.0,0.0,0.0,54.497,0.0,0.0,0.0,0.0,800.0,0.8,0.847,0.0,0.0,0.0,0.0,0.0,0.0,1.0,0.918,1.0,minimize_generator,full_grid,False,5000.0,151.101,5000,inf
2022-12-31,587.445,20.566,608.011,524.531,130.12,654.651,608.011,46.64,0.0,0.0,0.0,46.64,0.0,0.0,0.0,0.0,800.0,0.8,0.847,0.0,0.0,0.0,0.0,0.0,0.0,1.0,0.929,1.0,minimize_generator,full_grid,False,5000.0,197.741,5000,inf
2023-01-01,580.93,22.43,603.36,450.512,18.68,469.192,469.192,0.0,0.0,134.168,0.0,0.0,0.0,0.0,0.0,0.0,658.771,0.659,0.847,0.0,0.0,0.0,0.0,0.0,0.0,1.0,1.0,0.966,minimize_generator,full_grid,False,0.0,0.0,5000,inf
2023-01-02,571.075,23.882,594.957,488.764,8.76,497.524,497.524,0.0,0.0,97.433,0.0,0.0,0.0,0.0,0.0,0.0,556.21,0.556,0.847,0.0,0.0,0.0,0.0,0.0,0.0,1.0,1.0,0.975,minimize_generator,full_grid,False,0.0,0.0,5000,inf
2023-01-03,572.365,24.002,596.367,468.318,81.08,549.398,549.398,0.0,0.0,46.969,0.0,0.0,0.0,0.0,0.0,0.0,506.769,0.507,0.847,0.0,0.0,0.0,0.0,0.0,0.0,1.0,1.0,0.988,minimize_generator,full_grid,False,0.0,0.0,5000,inf
2023-01-04,570.805,22.049,592.854,484.942,343.68,828.622,592.854,235.768,235.768,0.0,0.0,0.0,0.0,0.0,0.0,0.0,730.749,0.731,0.894,0.0,0.0,0.0,0.0,0.0,0.0,1.0,1.0,1.0,minimize_generator,full_grid,False,0.0,0.0,5000,inf
2023-01-05,571.825,21.618,593.443,559.448,145.04,704.488,593.443,111.045,72.896,0.0,0.0,38.149,0.0,0.0,0.0,0.0,800.0,0.8,0.903,0.0,0.0,0.0,0.0,0.0,0.0,1.0,0.946,1.0,minimize_generator,full_grid,False,0.0,38.149,5000,inf
2023-01-06,582.97,21.974,604.944,584.085,85.4,669.485,604.944,64.541,0.0,0.0,0.0,64.541,0.0,0.0,0.0,0.0,800.0,0.8,0.903,0.0,0.0,0.0,0.0,0.0,0.0,1.0,0.904,1.0,minimize_generator,full_grid,False,0.0,102.69,5000,inf
2023-01-07,582.025,20.79,602.815,482.015,72.84,554.855,554.855,0.0,0.0,47.96,0.0,0.0,0.0,0.0,0.0,0.0,749.516,0.75,0.903,0.0,0.0,0.0,0.0,0.0,0.0,1.0,1.0,0.992,minimize_generator,full_grid,False,0.0,102.69,5000,inf
2023-01-08,572.045,19.606,591.651,556.784,109.2,665.984,591.651,74.333,53.141,0.0,0.0,21.192,0.0,0.0,0.0,0.0,800.0,0.8,0.909,0.0,0.0,0.0,0.0,0.0,0.0,1.0,0.968,1.0,minimize_generator,full_grid,False,0.0,123.882,5000,inf
2023-01-09,570.965,19.74,590.705,482.29,361.92,844.21,590.705,253.505,0.0,0.0,0.0,253.505,0.0,0.0,0.0,0.0,800.0,0.8,0.909,0.0,0.0,0.0,0.0,0.0,0.0,1.0,0.7,1.0,minimize_generator,full_grid,False,0.0,377.387,5000,inf
2023-01-10,581.465,18.707,600.172,583.896,4.68,588.576,588.576,0.0,0.0,11.596,0.0,0.0,0.0,0.0,0.0,0.0,787.794,0.788,0.909,0.0,0.0,0.0,0.0,0.0,0.0,1.0,1.0,0.998,minimize_generator,full_grid,False,0.0,377.387,5000,inf
2023-01-11,572.045,10.068,582.113,607.488,9.76,617.248,582.113,35.135,12.849,0.0,0.0,22.286,0.0,0.0,0.0,0.0,800.0,0.8,0.911,0.0,0.0,0.0,0.0,0.0,0.0,1.0,0.964,1.0,minimize_generator,full_grid,False,0.0,399.673,5000,inf
2023-01-12,569.775,8.471,578.246,606.748,159.52,766.268,578.246,188.022,0.0,0.0,0.0,188.022,0.0,0.0,0.0,0.0,800.0,0.8,0.911,0.0,0.0,0.0,0.0,0.0,0.0,1.0,0.755,1.0,minimize_generator,full_grid,False,0.0,587.695,5000,inf
2023-01-13,581.85,5.284,587.134,568.39,197.76,766.15,587.134,179.016,0.0,0.0,0.0,179.016,0.0,0.0,0.0,0.0,800.0,0.8,0.911,0.0,0.0,0.0,0.0,0.0,0.0,1.0,0.766,1.0,minimize_generator,full_grid,False,0.0,766.711,5000,inf
2023-01-14,571.985,5.316,577.301,597.111,159.52,756.631,577.301,179.33,0.0,0.0,0.0,179.33,0.0,0.0,0.0,0.0,800.0,0.8,0.911,0.0,0.0,0.0,0.0,0.0,0.0,1.0,0.763,1.0,minimize_generator,full_grid,False,0.0,946.041,5000,inf
2023-01-15,583.355,8.069,591.424,599.032,106.8,705.832,591.424,114.408,0.0,0.0,0.0,114.408,0.0,0.0,0.0,0.0,800.0,0.8,0.911,0.0,0.0,0.0,0.0,0.0,0.0,1.0,0.838,1.0,minimize_generator,full_grid,False,0.0,1060.448,5000,inf
2023-01-16,570.805,9.144,579.949,565.892,210.12,776.012,579.949,196.063,0.0,0.0,0.0,196.063,0.0,0.0,0.0,0.0,800.0,0.8,0.911,0.0,0.0,0.0,0.0,0.0,0.0,1.0,0.747,1.0,minimize_generator,full_grid,False,0.0,1256.511,5000,inf
2023-01-17,569.775,8.009,577.784,629.829,56.56,686.389,577.784,108.605,0.0,0.0,0.0,108.605,0.0,0.0,0.0,0.0,800.0,0.8,0.911,0.0,0.0,0.0,0.0,0.0,0.0,1.0,0.842,1.0,minimize_generator,full_grid,False,0.0,1365.117,5000,inf
2023-01-18,572.315,9.256,581.571,625.572,58.32,683.892,581.571,102.321,0.0,0.0,0.0,102.321,0.0,0.0,0.0,0.0,800.0,0.8,0.911,0.0,0.0,0.0,0.0,0.0,0.0,1.0,0.85,1.0,minimize_generator,full_grid,False,0.0,1467.437,5000,inf
2023-01-19,572.315,8.64,580.955,634.448,18.36,652.808,580.955,71.853,0.0,0.0,0.0,71.853,0.0,0.0,0.0,0.0,800.0,0.8,0.911,0.0,0.0,0.0,0.0,0.0,0.0,1.0,0.89,1.0,minimize_generator,full_grid,False,0.0,1539.29,5000,inf
2023-01-20,570.205,7.649,577.854,615.25,5.68,620.93,577.854,43.076,0.0,0.0,0.0,43.076,0.0,0.0,0.0,0.0,800.0,0.8,0.911,0.0,0.0,0.0,0.0,0.0,0.0,1.0,0.931,1.0,minimize_generator,full_grid,False,0.0,1582.366,5000,inf
2023-01-21,570.965,10.454,581.419,620.922,188.32,809.242,581.419,227.823,0.0,0.0,0.0,227.823,0.0,0.0,0.0,0.0,800.0,0.8,0.911,0.0,0.0,0.0,0.0,0.0,0.0,1.0,0.718,1.0,minimize_generator,full_grid,False,0.0,1810.189,5000,inf
2023-01-22,589.31,10.627,599.937,641.467,289.04,930.507,599.937,330.57,0.0,0.0,0.0,330.57,0.0,0.0,0.0,0.0,800.0,0.8,0.911,0.0,0.0,0.0,0.0,0.0,0.0,1.0,0.645,1.0,minimize_generator,full_grid,False,0.0,2140.759,5000,inf
2023-01-23,571.715,10.503,582.218,620.753,114.92,735.673,582.218,153.455,0.0,0.0,0.0,153.455,0.0,0.0,0.0,0.0,800.0,0.8,0.911,0.0,0.0,0.0,0.0,0.0,0.0,1.0,0.791,1.0,minimize_generator,full_grid,False,0.0,2294.213,5000,inf
2023-01-24,581.85,9.605,591.455,624.776,105.2,729.976,591.455,138.521,0.0,0.0,0.0,138.521,0.0,0.0,0.0,0.0,800.0,0.8,0.911,0.0,0.0,0.0,0.0,0.0,0.0,1.0,0.81,1.0,minimize_generator,full_grid,False,0.0,2432.734,5000,inf
2023-01-25,571.395,10.898,582.293,604.941,137.08,742.021,582.293,159.728,0.0,0.0,0.0,159.728,0.0,0.0,0.0,0.0,800.0,0.8,0.911,0.0,0.0,0.0,0.0,0.0,0.0,1.0,0.785,1.0,minimize_generator,full_grid,False,0.0,2592.462,5000,inf
2023-01-26,569.825,9.359,579.184,632.686,70.84,703.526,579.184,124.342,0.0,0.0,0.0,124.342,0.0,0.0,0.0,0.0,800.0,0.8,0.911,0.0,0.0,0.0,0.0,0.0,0.0,1.0,0.823,1.0,minimize_generator,full_grid,False,0.0,2716.804,5000,inf
2023-01-27,571.935,10.799,582.734,658.283,98.12,756.403,582.734,173.669,0.0,0.0,0.0,173.669,0.0,0.0,0.0,0.0,800.0,0.8,0.911,0.0,0.0,0.0,0.0,0.0,0.0,1.0,0.77,1.0,minimize_generator,full_grid,False,0.0,2890.473,5000,inf
2023-01-28,571.825,10.054,581.879,590.54,76.92,667.46,581.879,85.581,0.0,0.0,0.0,85.581,0.0,0.0,0.0,0.0,800.0,0.8,0.911,0.0,0.0,0.0,0.0,0.0,0.0,1.0,0.872,1.0,minimize_generator,full_grid,False,0.0,2976.054,5000,inf
2023-01-29,571.715,8.041,579.756,557.148,5.68,562.828,562.828,0.0,0.0,16.928,0.0,0.0,0.0,0.0,0.0,0.0,782.181,0.782,0.911,0.0,0.0,0.0,0.0,0.0,0.0,1.0,1.0,0.997,minimize_generator,full_grid,False,0.0,2976.054,5000,inf
2023-01-30,572.045,11.42,583.465,522.313,346.2,868.513,583.465,285.048,18.757,0.0,0.0,266.291,0.0,0.0,0.0,0.0,800.0,0.8,0.913,0.0,0.0,0.0,0.0,0.0,0.0,1.0,0.693,1.0,minimize_generator,full_grid,False,0.0,3242.346,5000,inf
2023-01-31,580.545,9.262,589.807,673.242,459.32,1132.562,589.807,542.755,0.0,0.0,0.0,542.755,0.0,0.0,0.0,0.0,800.0,0.8,0.913,0.0,0.0,0.0,0.0,0.0,0.0,1.0,0.521,1.0,minimize_generator,full_grid,False,0.0,3785.101,5000,inf
2023-02-01,572.045,10.414,582.459,611.501,419.4,1030.901,582.459,448.442,0.0,0.0,0.0,448.442,0.0,0.0,0.0,0.0,800.0,0.8,0.913,0.0,0.0,0.0,0.0,0.0,0.0,1.0,0.565,1.0,minimize_generator,full_grid,False,0.0,448.442,5000,inf
2023-02-02,570.905,9.892,580.797,698.067,325.64,1023.707,580.797,442.91,0.0,0.0,0.0,442.91,0.0,0.0,0.0,0.0,800.0,0.8,0.913,0.0,0.0,0.0,0.0,0.0,0.0,1.0,0.567,1.0,minimize_generator,full_grid,False,0.0,891.352,5000,inf
2023-02-03,581.665,9.844,591.509,700.925,171.48,872.405,591.509,280.896,0.0,0.0,0.0,280.896,0.0,0.0,0.0,0.0,800.0,0.8,0.913,0.0,0.0,0.0,0.0,0.0,0.0,1.0,0.678,1.0,minimize_generator,full_grid,False,0.0,1172.248,5000,inf
2023-02-04,570.205,10.262,580.467,689.167,334.28,1023.447,580.467,442.98,0.0,0.0,0.0,442.98,0.0,0.0,0.0,0.0,800.0,0.8,0.913,0.0,0.0,0.0,0.0,0.0,0.0,1.0,0.567,1.0,minimize_generator,full_grid,False,0.0,1615.228,5000,inf
2023-02-05,570.155,7.539,577.694,570.097,57.12,627.217,577.694,49.523,0.0,0.0,0.0,49.523,0.0,0.0,0.0,0.0,800.0,0.8,0.913,0.0,0.0,0.0,0.0,0.0,0.0,1.0,0.921,1.0,minimize_generator,full_grid,False,0.0,1664.752,5000,inf
2023-02-06,582.97,9.999,592.969,651.146,433.64,1084.786,592.969,491.817,0.0,0.0,0.0,491.817,0.0,0.0,0.0,0.0,800.0,0.8,0.913,0.0,0.0,0.0,0.0,0.0,0.0,1.0,0.547,1.0,minimize_generator,full_grid,False,0.0,2156.568,5000,inf
2023-02-07,582.235,8.78,591.015,559.297,386.44,945.737,591.015,354.722,0.0,0.0,0.0,354.722,0.0,0.0,0.0,0.0,800.0,0.8,0.913,0.0,0.0,0.0,0.0,0.0,0.0,1.0,0.625,1.0,minimize_generator,full_grid,False,0.0,2511.29,5000,inf
2023-02-08,572.425,9.318,581.743,642.321,336.88,979.201,581.743,397.458,0.0,0.0,0.0,397.458,0.0,0.0,0.0,0.0,800.0,0.8,0.913,0.0,0.0,0.0,0.0,0.0,0.0,1.0,0.594,1.0,minimize_generator,full_grid,False,0.0,2908.748,5000,inf
2023-02-09,570.965,9.267,580.232,684.303,198.72,883.023,580.232,302.791,0.0,0.0,0.0,302.791,0.0,0.0,0.0,0.0,800.0,0.8,0.913,0.0,0.0,0.0,0.0,0.0,0.0,1.0,0.657,1.0,minimize_generator,full_grid,False,0.0,3211.54,5000,inf
2023-02-10,571.775,11.855,583.63,703.93,351.2,1055.13,583.63,471.5,0.0,0.0,0.0,471.5,0.0,0.0,0.0,0.0,800.0,0.8,0.913,0.0,0.0,0.0,0.0,0.0,0.0,1.0,0.553,1.0,minimize_generator,full_grid,False,0.0,3683.039,5000,inf
2023-02-11,572.315,10.282,582.597,718.798,235.76,954.558,582.597,371.961,0.0,0.0,0.0,371.961,0.0,0.0,0.0,0.0,800.0,0.8,0.913,0.0,0.0,0.0,0.0,0.0,0.0,1.0,0.61,1.0,minimize_generator,full_grid,False,0.0,4055.001,5000,inf
2023-02-12,570.905,10.75,581.655,622.56,305.32,927.88,581.655,346.225,0.0,0.0,0.0,346.225,0.0,0.0,0.0,0.0,800.0,0.8,0.913,0.0,0.0,0.0,0.0,0.0,0.0,1.0,0.627,1.0,minimize_generator,full_grid,False,0.0,4401.225,5000,inf
2023-02-13,571.885,12.74,584.625,738.358,310.68,1049.038,584.625,464.413,0.0,0.0,0.0,464.413,0.0,0.0,0.0,0.0,800.0,0.8,0.913,0.0,0.0,0.0,0.0,0.0,0.0,1.0,0.557,1.0,minimize_generator,full_grid,False,0.0,4865.638,5000,inf
2023-02-14,583.715,13.767,597.482,730.195,443.36,1173.555,597.482,576.073,0.0,0.0,0.0,576.073,0.0,0.0,0.0,0.0,800.0,0.8,0.913,0.0,0.0,0.0,0.0,0.0,0.0,1.0,0.509,1.0,minimize_generator,full_grid,False,0.0,5441.711,5000,inf
2023-02-15,586.885,437.83,1024.715,666.709,435.64,1102.349,1024.715,77.634,0.0,0.0,0.0,77.634,0.0,0.0,0.0,0.0,800.0,0.8,0.913,0.0,0.0,0.0,0.0,0.0,0.0,1.0,0.93,1.0,minimize_generator,full_grid,False,0.0,5519.345,5000,inf
2023-02-16,572.365,435.347,1007.712,765.939,279.84,1045.779,1007.712,38.067,0.0,0.0,0.0,38.067,0.0,0.0,0.0,0.0,800.0,0.8,0.913,0.0,0.0,0.0,0.0,0.0,0.0,1.0,0.964,1.0,minimize_generator,full_grid,False,0.0,5557.412,5000,inf
2023-02-17,584.66,478.972,1063.632,766.789,140.6,907.389,907.389,0.0,0.0,156.243,0.0,0.0,0.0,0.0,0.0,0.0,635.533,0.636,0.913,0.0,0.0,0.0,0.0,0.0,0.0,1.0,1.0,0.987,minimize_generator,full_grid,False,0.0,5557.412,5000,inf
2023-02-18,570.855,492.188,1063.043,750.742,120.76,871.502,871.502,0.0,0.0,191.541,0.0,0.0,0.0,0.0,0.0,0.0,433.912,0.434,0.913,0.0,0.0,0.0,0.0,0.0,0.0,1.0,1.0,0.984,minimize_generator,full_grid,False,0.0,5557.412,5000,inf
2023-02-19,584.66,479.102,1063.762,734.056,174.28,908.336,908.336,0.0,0.0,155.426,0.0,0.0,0.0,0.0,0.0,0.0,270.305,0.27,0.913,0.0,0.0,0.0,0.0,0.0,0.0,1.0,1.0,0.987,minimize_generator,full_grid,False,0.0,5557.412,5000,inf
2023-02-20,572.155,501.228,1073.383,765.352,373.96,1139.312,1073.383,65.929,65.929,0.0,0.0,0.0,0.0,0.0,0.0,0.0,332.937,0.333,0.929,0.0,0.0,0.0,0.0,0.0,0.0,1.0,1.0,1.0,minimize_generator,full_grid,False,0.0,5557.412,5000,inf
2023-02-21,583.715,485.615,1069.33,800.64,200.6,1001.24,1001.24,0.0,0.0,68.09,0.0,0.0,0.0,0.0,0.0,0.0,261.264,0.261,0.929,0.0,0.0,0.0,0.0,0.0,0.0,1.0,1.0,0.995,minimize_generator,full_grid,False,0.0,5557.412,5000,inf
2023-02-22,581.85,525.413,1107.263,789.967,323.04,1113.007,1107.263,5.744,5.744,0.0,0.0,0.0,0.0,0.0,0.0,0.0,266.721,0.267,0.93,0.0,0.0,0.0,0.0,0.0,0.0,1.0,1.0,1.0,minimize_generator,full_grid,False,0.0,5557.412,5000,inf
2023-02-23,587.83,494.672,1082.502,798.228,371.56,1169.788,1082.502,87.286,87.286,0.0,0.0,0.0,0.0,0.0,0.0,0.0,349.642,0.35,0.947,0.0,0.0,0.0,0.0,0.0,0.0,1.0,1.0,1.0,minimize_generator,full_grid,False,0.0,5557.412,5000,inf
2023-02-24,572.315,515.099,1087.414,813.756,311.56,1125.316,1087.414,37.902,37.902,0.0,0.0,0.0,0.0,0.0,0.0,0.0,385.649,0.386,0.952,0.0,0.0,0.0,0.0,0.0,0.0,1.0,1.0,1.0,minimize_generator,full_grid,False,0.0,5557.412,5000,inf
2023-02-25,585.755,484.863,1070.618,826.735,175.2,1001.935,1001.935,0.0,0.0,68.683,0.0,0.0,0.0,0.0,0.0,0.0,313.351,0.313,0.952,0.0,0.0,0.0,0.0,0.0,0.0,1.0,1.0,0.997,minimize_generator,full_grid,False,0.0,5557.412,5000,inf
2023-02-26,582.585,493.494,1076.079,830.136,139.72,969.856,969.856,0.0,0.0,106.223,0.0,0.0,0.0,0.0,0.0,0.0,201.537,0.202,0.952,0.0,0.0,0.0,0.0,0.0,0.0,1.0,1.0,0.995,minimize_generator,full_grid,False,0.0,5557.412,5000,inf
2023-02-27,583.155,569.049,1152.204,817.678,87.56,905.238,905.238,0.0,0.0,1.46,245.505,0.0,0.0,0.0,0.0,0.0,200.0,0.2,0.952,0.0,0.0,25.593,0.0,0.0,25.593,0.787,1.0,0.787,minimize_generator,full_grid,False,245.505,5557.412,5000,inf
2023-02-28,583.355,571.138,1154.493,807.927,76.92,884.847,884.847,0.0,0.0,0.0,269.646,0.0,0.0,0.0,0.0,0.0,200.0,0.2,0.952,0.0,0.0,28.106,0.0,0.0,28.106,0.766,1.0,0.766,minimize_generator,full_grid,False,515.152,5557.412,5000,inf
2023-03-01,581.105,557.956,1139.061,835.802,19.28,855.082,855.082,0.0,0.0,0.0,283.979,0.0,0.0,0.0,0.0,0.0,200.0,0.2,0.952,0.0,0.0,28.883,0.0,0.0,28.883,0.751,1.0,0.751,minimize_generator,full_grid,False,283.979,0.0,5000,inf
2023-03-02,584.45,560.056,1144.506,848.204,12.2,860.404,860.404,0.0,0.0,0.0,284.102,0.0,0.0,0.0,0.0,0.0,200.0,0.2,0.952,0.0,0.0,28.897,0.0,0.0,28.897,0.752,1.0,0.752,minimize_generator,full_grid,False,568.081,0.0,5000,inf
2023-03-03,584.45,590.497,1174.947,835.621,117.4,953.021,953.021,0.0,0.0,0.0,221.926,0.0,0.0,0.0,0.0,0.0,200.0,0.2,0.952,0.0,0.0,22.528,0.0,0.0,22.528,0.811,1.0,0.811,minimize_generator,full_grid,False,790.006,0.0,5000,inf
2023-03-04,585.755,588.464,1174.219,838.328,54.24,892.568,892.568,0.0,0.0,0.0,281.651,0.0,0.0,0.0,0.0,0.0,200.0,0.2,0.952,0.0,0.0,28.597,0.0,0.0,28.597,0.76,1.0,0.76,minimize_generator,full_grid,False,1071.657,0.0,5000,inf
2023-03-05,585.395,616.351,1201.746,827.887,47.12,875.007,875.007,0.0,0.0,0.0,326.739,0.0,0.0,0.0,0.0,0.0,200.0,0.2,0.952,0.0,0.0,33.115,0.0,0.0,33.115,0.728,1.0,0.728,minimize_generator,full_grid,False,1398.396,0.0,5000,inf
2023-03-06,588.39,614.877,1203.267,779.952,514.12,1294.072,1203.267,90.805,90.805,0.0,0.0,0.0,0.0,0.0,0.0,0.0,286.264,0.286,0.966,0.0,0.0,0.0,0.0,0.0,0.0,1.0,1.0,1.0,minimize_generator,full_grid,False,1398.396,0.0,5000,inf
2023-03-07,589.125,504.997,1094.122,789.802,304.44,1094.242,1094.122,0.12,0.12,0.0,0.0,0.0,0.0,0.0,0.0,0.0,286.379,0.286,0.966,0.0,0.0,0.0,0.0,0.0,0.0,1.0,1.0,1.0,minimize_generator,full_grid,False,1398.396,0.0,5000,inf
2023-03-08,582.025,534.248,1116.273,721.604,486.68,1208.284,1116.273,92.011,92.011,0.0,0.0,0.0,0.0,0.0,0.0,0.0,373.789,0.374,0.974,0.0,0.0,0.0,0.0,0.0,0.0,1.0,1.0,1.0,minimize_generator,full_grid,False,1398.396,0.0,5000,inf
2023-03-09,589.31,596.191,1185.501,888.409,253.72,1142.129,1142.129,0.0,0.0,43.372,0.0,0.0,0.0,0.0,0.0,0.0,328.134,0.328,0.974,0.0,0.0,0.0,0.0,0.0,0.0,1.0,1.0,0.999,minimize_generator,full_grid,False,1398.396,0.0,5000,inf
2023-03-10,582.025,552.522,1134.547,906.019,17.2,923.219,923.219,0.0,0.0,121.727,89.601,0.0,0.0,0.0,0.0,0.0,200.0,0.2,0.974,0.0,0.0,9.117,0.0,0.0,9.117,0.921,1.0,0.918,minimize_generator,full_grid,False,1487.997,0.0,5000,inf
2023-03-11,588.95,585.692,1174.642,911.26,8.36,919.62,919.62,0.0,0.0,0.0,255.022,0.0,0.0,0.0,0.0,0.0,200.0,0.2,0.974,0.0,0.0,25.903,0.0,0.0,25.903,0.783,1.0,0.783,minimize_generator,full_grid,False,1743.019,0.0,5000,inf
2023-03-12,589.31,655.885,1245.195,908.569,156.76,1065.329,1065.329,0.0,0.0,0.0,179.866,0.0,0.0,0.0,0.0,0.0,200.0,0.2,0.974,0.0,0.0,18.191,0.0,0.0,18.191,0.856,1.0,0.856,minimize_generator,full_grid,False,1922.885,0.0,5000,inf
2023-03-13,572.315,663.376,1235.691,824.027,98.88,922.907,922.907,0.0,0.0,0.0,312.784,0.0,0.0,0.0,0.0,0.0,200.0,0.2,0.974,0.0,0.0,31.585,0.0,0.0,31.585,0.747,1.0,0.747,minimize_generator,full_grid,False,2235.669,0.0,5000,inf
2023-03-14,587.83,540.376,1128.206,409.371,314.24,723.611,723.611,0.0,0.0,0.0,404.595,0.0,0.0,0.0,0.0,0.0,200.0,0.2,0.974,0.0,0.0,41.219,0.0,0.0,41.219,0.641,1.0,0.641,minimize_generator,full_grid,False,2640.264,0.0,5000,inf
2023-03-15,585.965,563.35,1149.315,930.844,247.12,1177.964,1149.315,28.649,28.649,0.0,0.0,0.0,0.0,0.0,0.0,0.0,227.217,0.227,0.977,0.0,0.0,0.0,0.0,0.0,0.0,1.0,1.0,1.0,minimize_generator,full_grid,False,2640.264,0.0,5000,inf
2023-03-16,585.22,565.9,1151.12,942.841,1.68,944.521,944.521,0.0,0.0,25.856,180.742,0.0,0.0,0.0,0.0,0.0,200.0,0.2,0.977,0.0,0.0,18.378,0.0,0.0,18.378,0.843,1.0,0.842,minimize_generator,full_grid,False,2821.006,0.0,5000,inf
2023-03-17,660.035,625.876,1285.911,957.201,6.44,963.641,963.641,0.0,0.0,0.0,322.27,0.0,0.0,0.0,0.0,0.0,200.0,0.2,0.977,0.0,0.0,32.793,0.0,0.0,32.793,0.749,1.0,0.749,minimize_generator,full_grid,False,3143.277,0.0,5000,inf
2023-03-18,586.14,650.965,1237.105,902.45,249.96,1152.41,1152.41,0.0,0.0,0.0,84.695,0.0,0.0,0.0,0.0,0.0,200.0,0.2,0.977,0.0,0.0,8.566,0.0,0.0,8.566,0.932,1.0,0.932,minimize_generator,full_grid,False,3227.972,0.0,5000,inf
2023-03-19,585.755,652.075,1237.83,964.679,356.16,1320.839,1237.83,83.009,83.009,0.0,0.0,0.0,0.0,0.0,0.0,0.0,278.859,0.279,0.984,0.0,0.0,0.0,0.0,0.0,0.0,1.0,1.0,1.0,minimize_generator,full_grid,False,3227.972,0.0,5000,inf
2023-03-20,589.31,612.432,1201.742,850.976,415.2,1266.176,1201.742,64.434,64.434,0.0,0.0,0.0,0.0,0.0,0.0,0.0,340.071,0.34,0.987,0.0,0.0,0.0,0.0,0.0,0.0,1.0,1.0,1.0,minimize_generator,full_grid,False,3227.972,0.0,5000,inf
2023-03-21,658.73,636.811,1295.541,882.772,288.12,1170.892,1170.892,0.0,0.0,124.649,0.0,0.0,0.0,0.0,0.0,0.0,208.861,0.209,0.987,0.0,0.0,0.0,0.0,0.0,0.0,1.0,1.0,0.999,minimize_generator,full_grid,False,3227.972,0.0,5000,inf
2023-03-22,589.125,594.331,1183.456,852.181,2.36,854.541,854.541,0.0,0.0,8.418,320.497,0.0,0.0,0.0,0.0,0.0,200.0,0.2,0.987,0.0,0.0,32.536,0.0,0.0,32.536,0.729,1.0,0.729,minimize_generator,full_grid,False,3548.469,0.0,5000,inf
2023-03-23,661.165,463.773,1124.938,511.859,5.24,517.099,517.099,0.0,0.0,0.0,607.839,0.0,0.0,0.0,0.0,0.0,200.0,0.2,0.987,0.0,0.0,62.553,0.0,0.0,62.553,0.46,1.0,0.46,minimize_generator,full_grid,False,4156.308,0.0,5000,inf
2023-03-24,659.115,695.052,1354.167,828.213,59.52,887.733,887.733,0.0,0.0,0.0,466.434,0.0,0.0,0.0,0.0,0.0,200.0,0.2,0.987,0.0,0.0,47.27,0.0,0.0,47.27,0.656,1.0,0.656,minimize_generator,full_grid,False,4622.742,0.0,5000,inf
2023-03-25,582.41,654.609,1237.019,587.152,190.2,777.352,777.352,0.0,7.591,0.0,377.258,0.0,82.409,7.591,0.0,0.0,207.211,0.207,0.952,54.0,6.0,38.14,0.0,39.512,77.652,0.695,1.0,0.628,minimize_generator,full_grid,False,5000.0,0.0,5000,inf
2023-03-26,588.95,710.079,1299.029,861.216,445.92,1307.136,1299.029,8.107,8.107,0.0,0.0,0.0,0.0,0.0,0.0,0.0,214.913,0.215,0.954,0.0,0.0,0.0,0.0,0.0,0.0,1.0,1.0,1.0,minimize_generator,full_grid,False,5000.0,0.0,5000,inf
2023-03-27,589.125,816.879,1406.004,991.939,193.04,1184.979,1184.979,0.0,0.0,14.167,0.0,0.0,206.858,0.0,0.0,0.0,200.0,0.2,0.954,124.115,13.791,0.0,0.0,90.815,90.815,1.0,1.0,0.852,minimize_generator,full_grid,False,5000.0,0.0,5000,inf
2023-03-28,660.035,854.048,1514.083,1001.74,186.44,1188.18,1188.18,0.0,0.0,0.0,0.0,0.0,325.903,0.0,0.0,0.0,200.0,0.2,0.954,195.542,21.727,0.0,0.0,143.078,143.078,1.0,1.0,0.785,minimize_generator,full_grid,False,5000.0,0.0,5000,inf
2023-03-29,582.025,923.078,1505.103,1006.555,363.52,1370.075,1370.075,0.0,0.0,0.0,0.0,0.0,135.028,0.0,0.0,0.0,200.0,0.2,0.954,81.017,9.002,0.0,0.0,59.28,59.28,1.0,1.0,0.91,minimize_generator,full_grid,False,5000.0,0.0,5000,inf
2023-03-30,731.875,783.91,1515.785,738.223,557.4,1295.623,1295.623,0.0,0.0,0.0,0.0,0.0,220.162,0.0,0.0,0.0,200.0,0.2,0.954,132.097,14.677,0.0,0.0,96.656,96.656,1.0,1.0,0.855,minimize_generator,full_grid,False,5000.0,0.0,5000,inf
2023-03-31,661.165,825.514,1486.679,998.26,395.52,1393.78,1393.78,0.0,0.0,0.0,0.0,0.0,92.899,0.0,0.0,0.0,200.0,0.2,0.954,55.739,6.193,0.0,0.0,40.784,40.784,1.0,1.0,0.938,minimize_generator,full_grid,False,5000.0,0.0,5000,inf
2023-04-01,660.035,812.354,1472.389,1028.851,275.2,1304.051,1304.051,0.0,0.0,0.0,168.338,0.0,0.0,0.0,0.0,0.0,200.0,0.2,0.954,0.0,0.0,17.461,0.0,0.0,17.461,0.886,1.0,0.886,minimize_generator,full_grid,False,168.338,0.0,5000,inf
2023-04-02,664.725,918.347,1583.072,1034.064,58.32,1092.384,1092.384,0.0,0.0,0.0,490.688,0.0,0.0,0.0,0.0,0.0,200.0,0.2,0.954,0.0,0.0,50.676,0.0,0.0,50.676,0.69,1.0,0.69,minimize_generator,full_grid,False,659.027,0.0,5000,inf
2023-04-03,732.235,947.202,1679.437,1044.46,13.92,1058.38,1058.38,0.0,0.0,0.0,621.057,0.0,0.0,0.0,0.0,0.0,200.0,0.2,0.954,0.0,0.0,64.3,0.0,0.0,64.3,0.63,1.0,0.63,minimize_generator,full_grid,False,1280.084,0.0,5000,inf
2023-04-04,664.165,1017.326,1681.491,969.513,22.52,992.033,992.033,0.0,0.0,0.0,689.458,0.0,0.0,0.0,0.0,0.0,200.0,0.2,0.954,0.0,0.0,70.932,0.0,0.0,70.932,0.59,1.0,0.59,minimize_generator,full_grid,False,1969.542,0.0,5000,inf
2023-04-05,664.725,1031.047,1695.772,1018.725,420.08,1438.805,1438.805,0.0,0.0,0.0,256.967,0.0,0.0,0.0,0.0,0.0,200.0,0.2,0.954,0.0,0.0,26.425,0.0,0.0,26.425,0.848,1.0,0.848,minimize_generator,full_grid,False,2226.509,0.0,5000,inf
2023-04-06,661.54,1101.952,1763.492,1027.235,239.56,1266.795,1266.795,0.0,0.0,0.0,496.697,0.0,0.0,0.0,0.0,0.0,200.0,0.2,0.954,0.0,0.0,50.944,0.0,0.0,50.944,0.718,1.0,0.718,minimize_generator,full_grid,False,2723.207,0.0,5000,inf
2023-04-07,660.805,995.676,1656.481,983.629,18.08,1001.709,1001.709,0.0,0.0,0.0,654.772,0.0,0.0,0.0,0.0,0.0,200.0,0.2,0.954,0.0,0.0,67.404,0.0,0.0,67.404,0.605,1.0,0.605,minimize_generator,full_grid,False,3377.979,0.0,5000,inf
2023-04-08,659.86,980.561,1640.421,955.383,28.76,984.143,984.143,0.0,0.0,0.0,656.278,0.0,0.0,0.0,0.0,0.0,200.0,0.2,0.954,0.0,0.0,67.594,0.0,0.0,67.594,0.6,1.0,0.6,minimize_generator,full_grid,False,4034.257,0.0,5000,inf
2023-04-09,658.94,975.024,1633.964,942.145,120.76,1062.905,1062.905,0.0,0.0,0.0,571.059,0.0,0.0,0.0,0.0,0.0,200.0,0.2,0.954,0.0,0.0,58.826,0.0,0.0,58.826,0.651,1.0,0.651,minimize_generator,full_grid,False,4605.316,0.0,5000,inf
2023-04-10,659.86,821.173,1481.033,781.21,212.0,993.21,993.21,0.0,0.0,0.0,394.684,0.0,93.138,0.0,0.0,0.0,200.0,0.2,0.954,55.883,6.209,40.922,0.0,35.743,76.665,0.734,1.0,0.671,minimize_generator,full_grid,False,5000.0,0.0,5000,inf
2023-04-11,657.61,807.413,1465.023,918.208,470.24,1388.448,1388.448,0.0,13.425,0.0,0.0,0.0,76.575,13.425,0.0,0.0,212.754,0.213,0.897,54.0,6.0,0.0,0.0,34.538,34.538,1.0,1.0,0.948,minimize_generator,full_grid,False,5000.0,0.0,5000,inf
2023-04-12,663.07,699.521,1362.591,876.525,464.0,1340.525,1340.525,0.0,80.05,12.116,0.0,0.0,9.95,80.05,0.0,0.0,276.047,0.276,0.65,54.0,6.0,0.0,0.0,34.538,34.538,1.0,1.0,0.992,minimize_generator,full_grid,False,5000.0,0.0,5000,inf
2023-04-13,657.075,855.709,1512.784,1042.938,145.96,1188.898,1188.898,0.0,0.0,72.245,0.0,0.0,251.641,0.0,0.0,0.0,200.0,0.2,0.65,150.984,16.776,0.0,0.0,96.57,96.57,1.0,1.0,0.817,minimize_generator,full_grid,False,5000.0,0.0,5000,inf
2023-04-14,664.725,768.463,1433.188,874.916,43.52,918.436,918.436,0.0,0.0,0.0,0.0,0.0,514.752,0.0,0.0,0.0,200.0,0.2,0.65,246.95,24.0,0.0,0.0,157.949,157.949,1.0,1.0,0.641,minimize_generator,full_grid,False,5000.0,0.0,5000,inf
2023-04-15,664.165,806.331,1470.496,961.47,233.88,1195.35,1195.35,0.0,0.0,0.0,0.0,0.0,275.146,0.0,0.0,0.0,200.0,0.2,0.65,165.088,18.343,0.0,0.0,105.59,105.59,1.0,1.0,0.813,minimize_generator,full_grid,False,5000.0,0.0,5000,inf
2023-04-16,665.295,816.915,1482.21,1024.739,221.52,1246.259,1246.259,0.0,0.0,0.0,0.0,0.0,235.951,0.0,0.0,0.0,200.0,0.2,0.65,141.571,15.73,0.0,0.0,90.549,90.549,1.0,1.0,0.841,minimize_generator,full_grid,False,5000.0,0.0,5000,inf
2023-04-17,663.07,718.715,1381.785,1021.7,36.8,1058.5,1058.5,0.0,0.0,0.0,0.0,0.0,323.285,0.0,0.0,0.0,200.0,0.2,0.65,193.971,21.552,0.0,0.0,124.064,124.064,1.0,1.0,0.766,minimize_generator,full_grid,False,5000.0,0.0,5000,inf
2023-04-18,810.85,820.665,1631.515,1039.627,98.88,1138.507,1138.507,0.0,0.0,0.0,0.0,0.0,493.008,0.0,0.0,0.0,200.0,0.2,0.65,242.602,24.0,0.0,0.0,155.168,155.168,1.0,1.0,0.698,minimize_generator,full_grid,False,5000.0,0.0,5000,inf
2023-04-19,733.74,690.493,1424.233,884.417,28.36,912.777,912.777,0.0,0.0,0.0,0.0,0.0,511.456,0.0,0.0,0.0,200.0,0.2,0.65,246.291,24.0,0.0,0.0,157.528,157.528,1.0,1.0,0.641,minimize_generator,full_grid,False,5000.0,0.0,5000,inf
2023-04-20,660.98,580.724,1241.704,932.885,447.76,1380.645,1241.704,138.941,138.941,0.0,0.0,0.0,0.0,0.0,0.0,0.0,331.994,0.332,0.789,0.0,0.0,0.0,0.0,0.0,0.0,1.0,1.0,1.0,minimize_generator,full_grid,False,5000.0,0.0,5000,inf
2023-04-21,730.195,611.943,1342.138,1105.662,373.96,1479.622,1342.138,137.484,137.484,0.0,0.0,0.0,0.0,0.0,0.0,0.0,462.604,0.463,0.849,0.0,0.0,0.0,0.0,0.0,0.0,1.0,1.0,1.0,minimize_generator,full_grid,False,5000.0,0.0,5000,inf
2023-04-22,664.375,470.439,1134.814,957.203,259.36,1216.563,1134.814,81.749,81.749,0.0,0.0,0.0,0.0,0.0,0.0,0.0,540.265,0.54,0.87,0.0,0.0,0.0,0.0,0.0,0.0,1.0,1.0,1.0,minimize_generator,full_grid,False,5000.0,0.0,5000,inf
2023-04-23,663.07,297.481,960.551,615.287,193.04,808.327,808.327,0.0,0.0,152.224,0.0,0.0,0.0,0.0,0.0,0.0,380.029,0.38,0.87,0.0,0.0,0.0,0.0,0.0,0.0,1.0,1.0,0.979,minimize_generator,full_grid,False,5000.0,0.0,5000,inf
2023-04-24,661.9,367.97,1029.87,1006.671,293.6,1300.271,1029.87,270.401,270.401,0.0,0.0,0.0,0.0,0.0,0.0,0.0,636.91,0.637,0.923,0.0,0.0,0.0,0.0,0.0,0.0,1.0,1.0,1.0,minimize_generator,full_grid,False,5000.0,0.0,5000,inf
2023-04-25,732.235,281.332,1013.567,1103.481,391.0,1494.481,1013.567,480.914,171.673,0.0,0.0,309.24,0.0,0.0,0.0,0.0,800.0,0.8,0.938,0.0,0.0,0.0,0.0,0.0,0.0,1.0,0.793,1.0,minimize_generator,full_grid,False,5000.0,309.24,5000,inf
2023-04-26,665.295,204.164,869.459,1110.797,252.8,1363.597,869.459,494.138,0.0,0.0,0.0,494.138,0.0,0.0,0.0,0.0,800.0,0.8,0.938,0.0,0.0,0.0,0.0,0.0,0.0,1.0,0.638,1.0,minimize_generator,full_grid,False,5000.0,803.378,5000,inf
2023-04-27,734.87,138.074,872.944,1072.137,178.96,1251.097,872.944,378.153,0.0,0.0,0.0,378.153,0.0,0.0,0.0,0.0,800.0,0.8,0.938,0.0,0.0,0.0,0.0,0.0,0.0,1.0,0.698,1.0,minimize_generator,full_grid,False,5000.0,1181.532,5000,inf
2023-04-28,735.22,91.282,826.502,1058.195,352.88,1411.075,826.502,584.573,0.0,0.0,0.0,584.573,0.0,0.0,0.0,0.0,800.0,0.8,0.938,0.0,0.0,0.0,0.0,0.0,0.0,1.0,0.586,1.0,minimize_generator,full_grid,False,5000.0,1766.105,5000,inf
2023-04-29,736.91,56.096,793.006,1143.612,442.08,1585.692,793.006,792.686,0.0,0.0,0.0,792.686,0.0,0.0,0.0,0.0,800.0,0.8,0.938,0.0,0.0,0.0,0.0,0.0,0.0,1.0,0.5,1.0,minimize_generator,full_grid,False,5000.0,2558.791,5000,inf
2023-04-30,666.03,43.439,709.469,1147.228,341.12,1488.348,709.469,778.879,0.0,0.0,0.0,778.879,0.0,0.0,0.0,0.0,800.0,0.8,0.938,0.0,0.0,0.0,0.0,0.0,0.0,1.0,0.477,1.0,minimize_generator,full_grid,False,5000.0,3337.67,5000,inf
2023-05-01,734.3,1239.655,1973.955,1118.848,288.12,1406.968,1406.968,0.0,0.0,566.987,0.0,0.0,0.0,0.0,0.0,0.0,203.171,0.203,0.938,0.0,0.0,0.0,0.0,0.0,0.0,1.0,1.0,0.982,minimize_generator,full_grid,False,0.0,0.0,5000,inf
2023-05-02,735.22,1242.233,1977.453,1092.318,292.68,1384.998,1384.998,0.0,0.0,3.013,589.442,0.0,0.0,0.0,0.0,0.0,200.0,0.2,0.938,0.0,0.0,61.632,0.0,0.0,61.632,0.702,1.0,0.702,minimize_generator,full_grid,False,589.442,0.0,5000,inf
2023-05-03,731.315,1264.311,1995.626,1087.447,153.16,1240.607,1240.607,0.0,0.0,0.0,755.019,0.0,0.0,0.0,0.0,0.0,200.0,0.2,0.938,0.0,0.0,78.879,0.0,0.0,78.879,0.622,1.0,0.622,minimize_generator,full_grid,False,1344.46,0.0,5000,inf
2023-05-04,730.57,1260.072,1990.642,1094.167,79.68,1173.847,1173.847,0.0,0.0,0.0,816.795,0.0,0.0,0.0,0.0,0.0,200.0,0.2,0.938,0.0,0.0,85.34,0.0,0.0,85.34,0.59,1.0,0.59,minimize_generator,full_grid,False,2161.255,0.0,5000,inf
2023-05-05,810.675,1298.567,2109.242,1057.894,110.0,1167.894,1167.894,0.0,0.0,0.0,941.348,0.0,0.0,0.0,0.0,0.0,200.0,0.2,0.938,0.0,0.0,98.62,0.0,0.0,98.62,0.554,1.0,0.554,minimize_generator,full_grid,False,3102.603,0.0,5000,inf
2023-05-06,734.87,1172.993,1907.863,1063.56,289.92,1353.48,1353.48,0.0,0.0,0.0,554.383,0.0,0.0,0.0,0.0,0.0,200.0,0.2,0.938,0.0,0.0,58.087,0.0,0.0,58.087,0.709,1.0,0.709,minimize_generator,full_grid,False,3656.986,0.0,5000,inf
2023-05-07,736.735,1045.37,1782.105,1066.721,309.8,1376.521,1376.521,0.0,0.0,0.0,405.584,0.0,0.0,0.0,0.0,0.0,200.0,0.2,0.938,0.0,0.0,42.683,0.0,0.0,42.683,0.772,1.0,0.772,minimize_generator,full_grid,False,4062.571,0.0,5000,inf
2023-05-08,731.49,961.718,1693.208,1081.617,393.28,1474.897,1474.897,0.0,0.0,0.0,218.311,0.0,0.0,0.0,0.0,0.0,200.0,0.2,0.938,0.0,0.0,23.041,0.0,0.0,23.041,0.871,1.0,0.871,minimize_generator,full_grid,False,4280.882,0.0,5000,inf
2023-05-09,730.37,949.747,1680.117,1116.1,193.04,1309.14,1309.14,0.0,0.0,0.0,370.977,0.0,0.0,0.0,0.0,0.0,200.0,0.2,0.938,0.0,0.0,39.17,0.0,0.0,39.17,0.779,1.0,0.779,minimize_generator,full_grid,False,4651.858,0.0,5000,inf
2023-05-10,733.005,900.972,1633.977,1088.376,5.08,1093.456,1093.456,0.0,0.0,0.0,348.142,0.0,192.379,0.0,0.0,0.0,200.0,0.2,0.938,115.428,12.825,36.838,0.0,85.982,122.82,0.787,1.0,0.669,minimize_generator,full_grid,False,5000.0,0.0,5000,inf
2023-05-11,735.045,887.738,1622.783,1064.327,81.8,1146.127,1146.127,0.0,0.0,0.0,0.0,0.0,476.656,0.0,0.0,0.0,200.0,0.2,0.938,239.331,24.0,0.0,0.0,178.278,178.278,1.0,1.0,0.706,minimize_generator,full_grid,False,5000.0,0.0,5000,inf
2023-05-12,731.875,912.531,1644.406,1041.506,224.36,1265.866,1265.866,0.0,0.0,0.0,0.0,0.0,378.54,0.0,0.0,0.0,200.0,0.2,0.938,219.708,24.0,0.0,0.0,163.661,163.661,1.0,1.0,0.77,minimize_generator,full_grid,False,5000.0,0.0,5000,inf
2023-05-13,735.99,842.347,1578.337,1122.223,408.04,1530.263,1530.263,0.0,41.926,0.0,0.0,0.0,48.074,41.926,0.0,0.0,239.83,0.24,0.783,54.0,6.0,0.0,0.0,40.225,40.225,1.0,1.0,0.97,minimize_generator,full_grid,False,5000.0,0.0,5000,inf
2023-05-14,730.01,685.994,1416.004,893.137,194.92,1088.057,1088.057,0.0,0.0,37.838,0.0,0.0,290.109,0.0,0.0,0.0,200.0,0.2,0.783,174.065,19.341,0.0,0.0,129.661,129.661,1.0,1.0,0.789,minimize_generator,full_grid,False,5000.0,0.0,5000,inf
2023-05-15,732.435,698.965,1431.4,1093.801,114.92,1208.721,1208.721,0.0,0.0,0.0,0.0,0.0,222.679,0.0,0.0,0.0,200.0,0.2,0.783,133.608,14.845,0.0,0.0,99.524,99.524,1.0,1.0,0.844,minimize_generator,full_grid,False,5000.0,0.0,5000,inf
2023-05-16,810.475,637.613,1448.088,1047.761,12.68,1060.441,1060.441,0.0,0.0,0.0,0.0,0.0,387.647,0.0,0.0,0.0,200.0,0.2,0.783,221.529,24.0,0.0,0.0,165.017,165.017,1.0,1.0,0.732,minimize_generator,full_grid,False,5000.0,0.0,5000,inf
2023-05-17,810.475,601.941,1412.416,1061.611,50.32,1111.931,1111.931,0.0,0.0,0.0,0.0,0.0,300.485,0.0,0.0,0.0,200.0,0.2,0.783,180.291,20.032,0.0,0.0,134.299,134.299,1.0,1.0,0.787,minimize_generator,full_grid,False,5000.0,0.0,5000,inf
2023-05-18,735.99,525.812,1261.802,1016.765,534.56,1551.325,1261.802,289.523,289.523,0.0,0.0,0.0,0.0,0.0,0.0,0.0,475.047,0.475,0.908,0.0,0.0,0.0,0.0,0.0,0.0,1.0,1.0,1.0,minimize_generator,full_grid,False,5000.0,0.0,5000,inf
2023-05-19,733.925,456.486,1190.411,1120.516,487.16,1607.676,1190.411,417.265,342.056,0.0,0.0,75.209,0.0,0.0,0.0,0.0,800.0,0.8,0.946,0.0,0.0,0.0,0.0,0.0,0.0,1.0,0.953,1.0,minimize_generator,full_grid,False,5000.0,75.209,5000,inf
2023-05-20,734.125,286.659,1020.784,1148.732,358.64,1507.372,1020.784,486.588,0.0,0.0,0.0,486.588,0.0,0.0,0.0,0.0,800.0,0.8,0.946,0.0,0.0,0.0,0.0,0.0,0.0,1.0,0.677,1.0,minimize_generator,full_grid,False,5000.0,561.797,5000,inf
2023-05-21,736.91,295.993,1032.903,1021.983,98.88,1120.863,1032.903,87.96,0.0,0.0,0.0,87.96,0.0,0.0,0.0,0.0,800.0,0.8,0.946,0.0,0.0,0.0,0.0,0.0,0.0,1.0,0.922,1.0,minimize_generator,full_grid,False,5000.0,649.757,5000,inf
2023-05-22,811.98,296.101,1108.081,907.046,15.52,922.566,922.566,0.0,0.0,185.515,0.0,0.0,0.0,0.0,0.0,0.0,604.721,0.605,0.946,0.0,0.0,0.0,0.0,0.0,0.0,1.0,1.0,0.991,minimize_generator,full_grid,False,5000.0,649.757,5000,inf
2023-05-23,813.285,178.351,991.636,948.548,159.52,1108.068,991.636,116.432,116.432,0.0,0.0,0.0,0.0,0.0,0.0,0.0,715.332,0.715,0.954,0.0,0.0,0.0,0.0,0.0,0.0,1.0,1.0,1.0,minimize_generator,full_grid,False,5000.0,649.757,5000,inf
2023-05-24,737.295,162.274,899.569,1048.56,107.6,1156.16,899.569,256.591,89.125,0.0,0.0,167.466,0.0,0.0,0.0,0.0,800.0,0.8,0.959,0.0,0.0,0.0,0.0,0.0,0.0,1.0,0.855,1.0,minimize_generator,full_grid,False,5000.0,817.223,5000,inf
2023-05-25,735.045,144.604,879.649,1123.06,227.2,1350.26,879.649,470.611,0.0,0.0,0.0,470.611,0.0,0.0,0.0,0.0,800.0,0.8,0.959,0.0,0.0,0.0,0.0,0.0,0.0,1.0,0.651,1.0,minimize_generator,full_grid,False,5000.0,1287.834,5000,inf
2023-05-26,811.595,121.285,932.88,883.393,34.16,917.553,917.553,0.0,0.0,15.327,0.0,0.0,0.0,0.0,0.0,0.0,783.866,0.784,0.959,0.0,0.0,0.0,0.0,0.0,0.0,1.0,1.0,0.999,minimize_generator,full_grid,False,5000.0,1287.834,5000,inf
2023-05-27,736.735,75.11,811.845,319.814,401.48,721.294,721.294,0.0,0.0,90.551,0.0,0.0,0.0,0.0,0.0,0.0,688.549,0.689,0.959,0.0,0.0,0.0,0.0,0.0,0.0,1.0,1.0,0.995,minimize_generator,full_grid,False,5000.0,1287.834,5000,inf
2023-05-28,738.215,94.195,832.41,859.643,47.12,906.763,832.41,74.353,74.353,0.0,0.0,0.0,0.0,0.0,0.0,0.0,759.184,0.759,0.963,0.0,0.0,0.0,0.0,0.0,0.0,1.0,1.0,1.0,minimize_generator,full_grid,False,5000.0,1287.834,5000,inf
2023-05-29,816.27,77.168,893.438,984.815,310.68,1295.495,893.438,402.057,42.964,0.0,0.0,359.092,0.0,0.0,0.0,0.0,800.0,0.8,0.965,0.0,0.0,0.0,0.0,0.0,0.0,1.0,0.723,1.0,minimize_generator,full_grid,False,5000.0,1646.926,5000,inf
2023-05-30,814.58,56.516,871.096,1094.341,76.24,1170.581,871.096,299.485,0.0,0.0,0.0,299.485,0.0,0.0,0.0,0.0,800.0,0.8,0.965,0.0,0.0,0.0,0.0,0.0,0.0,1.0,0.744,1.0,minimize_generator,full_grid,False,5000.0,1946.411,5000,inf
2023-05-31,812.34,36.208,848.548,1083.423,41.04,1124.463,848.548,275.915,0.0,0.0,0.0,275.915,0.0,0.0,0.0,0.0,800.0,0.8,0.965,0.0,0.0,0.0,0.0,0.0,0.0,1.0,0.755,1.0,minimize_generator,full_grid,False,5000.0,2222.326,5000,inf
2023-06-01,736.35,763.325,1499.675,991.715,49.8,1041.515,1041.515,0.0,0.0,458.16,0.0,0.0,0.0,0.0,0.0,0.0,317.727,0.318,0.965,0.0,0.0,0.0,0.0,0.0,0.0,1.0,1.0,0.989,minimize_generator,full_grid,False,0.0,0.0,5000,inf
2023-06-02,812.9,813.601,1626.501,970.988,95.04,1066.028,1066.028,0.0,0.0,111.84,448.632,0.0,0.0,0.0,0.0,0.0,200.0,0.2,0.965,0.0,0.0,51.569,0.0,0.0,51.569,0.724,1.0,0.722,minimize_generator,full_grid,False,448.632,0.0,5000,inf
2023-06-03,816.445,779.516,1595.961,874.713,292.68,1167.393,1167.393,0.0,0.0,0.0,428.568,0.0,0.0,0.0,0.0,0.0,200.0,0.2,0.965,0.0,0.0,49.351,0.0,0.0,49.351,0.731,1.0,0.731,minimize_generator,full_grid,False,877.2,0.0,5000,inf
2023-06-04,811.21,652.642,1463.852,811.04,363.52,1174.56,1174.56,0.0,0.0,0.0,289.292,0.0,0.0,0.0,0.0,0.0,200.0,0.2,0.965,0.0,0.0,33.528,0.0,0.0,33.528,0.802,1.0,0.802,minimize_generator,full_grid,False,1166.492,0.0,5000,inf
2023-06-05,817.935,840.97,1658.905,1074.995,401.48,1476.475,1476.475,0.0,0.0,0.0,182.43,0.0,0.0,0.0,0.0,0.0,200.0,0.2,0.965,0.0,0.0,20.948,0.0,0.0,20.948,0.89,1.0,0.89,minimize_generator,full_grid,False,1348.922,0.0,5000,inf
2023-06-06,817.935,849.581,1667.516,1093.121,400.0,1493.121,1493.121,0.0,0.0,0.0,174.395,0.0,0.0,0.0,0.0,0.0,200.0,0.2,0.965,0.0,0.0,20.018,0.0,0.0,20.018,0.895,1.0,0.895,minimize_generator,full_grid,False,1523.317,0.0,5000,inf
2023-06-07,890.045,757.467,1647.512,1046.806,86.84,1133.646,1133.646,0.0,0.0,0.0,513.866,0.0,0.0,0.0,0.0,0.0,200.0,0.2,0.965,0.0,0.0,59.431,0.0,0.0,59.431,0.688,1.0,0.688,minimize_generator,full_grid,False,2037.183,0.0,5000,inf
2023-06-08,814.58,538.495,1353.075,662.514,2.12,664.634,664.634,0.0,0.0,0.0,688.441,0.0,0.0,0.0,0.0,0.0,200.0,0.2,0.965,0.0,0.0,80.365,0.0,0.0,80.365,0.491,1.0,0.491,minimize_generator,full_grid,False,2725.625,0.0,5000,inf
2023-06-09,815.885,647.517,1463.402,880.825,16.32,897.145,897.145,0.0,0.0,0.0,566.257,0.0,0.0,0.0,0.0,0.0,200.0,0.2,0.965,0.0,0.0,65.661,0.0,0.0,65.661,0.613,1.0,0.613,minimize_generator,full_grid,False,3291.881,0.0,5000,inf
2023-06-10,889.66,728.201,1617.861,1028.311,381.0,1409.311,1409.311,0.0,0.0,0.0,208.55,0.0,0.0,0.0,0.0,0.0,200.0,0.2,0.965,0.0,0.0,24.155,0.0,0.0,24.155,0.871,1.0,0.871,minimize_generator,full_grid,False,3500.431,0.0,5000,inf
2023-06-11,815.71,743.027,1558.737,1116.848,278.0,1394.848,1394.848,0.0,0.0,0.0,163.889,0.0,0.0,0.0,0.0,0.0,200.0,0.2,0.965,0.0,0.0,18.906,0.0,0.0,18.906,0.895,1.0,0.895,minimize_generator,full_grid,False,3664.32,0.0,5000,inf
2023-06-12,812.34,726.707,1539.047,1093.188,108.4,1201.588,1201.588,0.0,0.0,0.0,337.459,0.0,0.0,0.0,0.0,0.0,200.0,0.2,0.965,0.0,0.0,38.955,0.0,0.0,38.955,0.781,1.0,0.781,minimize_generator,full_grid,False,4001.779,0.0,5000,inf
2023-06-13,812.715,642.885,1455.6,956.56,60.72,1017.28,1017.28,0.0,0.0,0.0,438.32,0.0,0.0,0.0,0.0,0.0,200.0,0.2,0.965,0.0,0.0,50.832,0.0,0.0,50.832,0.699,1.0,0.699,minimize_generator,full_grid,False,4440.099,0.0,5000,inf
2023-06-14,815.5,676.657,1492.157,1074.988,313.36,1388.348,1388.348,0.0,0.0,0.0,103.809,0.0,0.0,0.0,0.0,0.0,200.0,0.2,0.965,0.0,0.0,12.017,0.0,0.0,12.017,0.93,1.0,0.93,minimize_generator,full_grid,False,4543.908,0.0,5000,inf
2023-06-15,809.905,693.975,1503.88,1124.747,413.08,1537.827,1503.88,33.947,33.947,0.0,0.0,0.0,0.0,0.0,0.0,0.0,232.25,0.232,0.97,0.0,0.0,0.0,0.0,0.0,0.0,1.0,1.0,1.0,minimize_generator,full_grid,False,4543.908,0.0,5000,inf
2023-06-16,814.405,711.383,1525.788,1116.697,290.84,1407.537,1407.537,0.0,0.0,30.637,87.614,0.0,0.0,0.0,0.0,0.0,200.0,0.2,0.97,0.0,0.0,10.123,0.0,0.0,10.123,0.943,1.0,0.942,minimize_generator,full_grid,False,4631.522,0.0,5000,inf
2023-06-17,889.66,668.9,1558.56,1059.017,17.2,1076.217,1076.217,0.0,0.0,0.0,368.478,0.0,113.865,0.0,0.0,0.0,200.0,0.2,0.97,68.319,7.591,42.813,0.0,48.206,91.019,0.764,1.0,0.691,minimize_generator,full_grid,False,5000.0,0.0,5000,inf
2023-06-18,736.165,648.104,1384.269,1116.412,440.16,1556.572,1384.269,172.303,172.303,0.0,0.0,0.0,0.0,0.0,0.0,0.0,363.688,0.364,0.983,0.0,0.0,0.0,0.0,0.0,0.0,1.0,1.0,1.0,minimize_generator,full_grid,False,5000.0,0.0,5000,inf
2023-06-19,891.7,632.064,1523.764,1119.242,473.56,1592.802,1523.764,69.038,69.038,0.0,0.0,0.0,0.0,0.0,0.0,0.0,429.274,0.429,0.986,0.0,0.0,0.0,0.0,0.0,0.0,1.0,1.0,1.0,minimize_generator,full_grid,False,5000.0,0.0,5000,inf
2023-06-20,890.22,605.688,1495.908,1127.771,382.56,1510.331,1495.908,14.423,14.423,0.0,0.0,0.0,0.0,0.0,0.0,0.0,442.975,0.443,0.986,0.0,0.0,0.0,0.0,0.0,0.0,1.0,1.0,1.0,minimize_generator,full_grid,False,5000.0,0.0,5000,inf
2023-06-21,813.845,574.299,1388.144,1143.107,331.72,1474.827,1388.144,86.683,86.683,0.0,0.0,0.0,0.0,0.0,0.0,0.0,525.324,0.525,0.988,0.0,0.0,0.0,0.0,0.0,0.0,1.0,1.0,1.0,minimize_generator,full_grid,False,5000.0,0.0,5000,inf
2023-06-22,817.75,564.186,1381.936,1122.334,389.48,1511.814,1381.936,129.878,129.878,0.0,0.0,0.0,0.0,0.0,0.0,0.0,648.708,0.649,0.991,0.0,0.0,0.0,0.0,0.0,0.0,1.0,1.0,1.0,minimize_generator,full_grid,False,5000.0,0.0,5000,inf
2023-06-23,815.885,555.493,1371.378,1064.879,344.52,1409.399,1371.378,38.021,38.021,0.0,0.0,0.0,0.0,0.0,0.0,0.0,684.828,0.685,0.991,0.0,0.0,0.0,0.0,0.0,0.0,1.0,1.0,1.0,minimize_generator,full_grid,False,5000.0,0.0,5000,inf
2023-06-24,891.14,517.724,1408.864,1115.733,253.72,1369.453,1369.453,0.0,0.0,39.411,0.0,0.0,0.0,0.0,0.0,0.0,643.343,0.643,0.991,0.0,0.0,0.0,0.0,0.0,0.0,1.0,1.0,1.0,minimize_generator,full_grid,False,5000.0,0.0,5000,inf
2023-06-25,890.405,511.177,1401.582,1113.076,311.56,1424.636,1401.582,23.054,23.054,0.0,0.0,0.0,0.0,0.0,0.0,0.0,665.244,0.665,0.991,0.0,0.0,0.0,0.0,0.0,0.0,1.0,1.0,1.0,minimize_generator,full_grid,False,5000.0,0.0,5000,inf
2023-06-26,811.035,483.316,1294.351,1143.958,415.2,1559.158,1294.351,264.807,141.848,0.0,0.0,122.959,0.0,0.0,0.0,0.0,800.0,0.8,0.993,0.0,0.0,0.0,0.0,0.0,0.0,1.0,0.921,1.0,minimize_generator,full_grid,False,5000.0,122.959,5000,inf
2023-06-27,818.495,500.308,1318.803,1157.349,316.0,1473.349,1318.803,154.546,0.0,0.0,0.0,154.546,0.0,0.0,0.0,0.0,800.0,0.8,0.993,0.0,0.0,0.0,0.0,0.0,0.0,1.0,0.895,1.0,minimize_generator,full_grid,False,5000.0,277.505,5000,inf
2023-06-28,815.71,407.116,1222.826,1138.771,354.52,1493.291,1222.826,270.465,0.0,0.0,0.0,270.465,0.0,0.0,0.0,0.0,800.0,0.8,0.993,0.0,0.0,0.0,0.0,0.0,0.0,1.0,0.819,1.0,minimize_generator,full_grid,False,5000.0,547.97,5000,inf
2023-06-29,816.805,121.668,938.473,1031.101,459.92,1491.021,938.473,552.548,0.0,0.0,0.0,552.548,0.0,0.0,0.0,0.0,800.0,0.8,0.993,0.0,0.0,0.0,0.0,0.0,0.0,1.0,0.629,1.0,minimize_generator,full_grid,False,5000.0,1100.518,5000,inf
2023-06-30,814.02,17.042,831.062,1120.241,426.96,1547.201,831.062,716.139,0.0,0.0,0.0,716.139,0.0,0.0,0.0,0.0,800.0,0.8,0.993,0.0,0.0,0.0,0.0,0.0,0.0,1.0,0.537,1.0,minimize_generator,full_grid,False,5000.0,1816.656,5000,inf
2023-07-01,893.95,22.645,916.595,1123.006,381.0,1504.006,916.595,587.411,0.0,0.0,0.0,587.411,0.0,0.0,0.0,0.0,800.0,0.8,0.993,0.0,0.0,0.0,0.0,0.0,0.0,1.0,0.609,1.0,minimize_generator,full_grid,False,0.0,587.411,5000,inf
2023-07-02,891.35,37.021,928.371,1129.245,414.48,1543.725,928.371,615.354,0.0,0.0,0.0,615.354,0.0,0.0,0.0,0.0,800.0,0.8,0.993,0.0,0.0,0.0,0.0,0.0,0.0,1.0,0.601,1.0,minimize_generator,full_grid,False,0.0,1202.765,5000,inf
2023-07-03,814.205,42.463,856.668,1151.756,310.68,1462.436,856.668,605.768,0.0,0.0,0.0,605.768,0.0,0.0,0.0,0.0,800.0,0.8,0.993,0.0,0.0,0.0,0.0,0.0,0.0,1.0,0.586,1.0,minimize_generator,full_grid,False,0.0,1808.533,5000,inf
2023-07-04,811.98,40.91,852.89,1117.434,262.16,1379.594,852.89,526.704,0.0,0.0,0.0,526.704,0.0,0.0,0.0,0.0,800.0,0.8,0.993,0.0,0.0,0.0,0.0,0.0,0.0,1.0,0.618,1.0,minimize_generator,full_grid,False,0.0,2335.237,5000,inf
2023-07-05,815.71,39.681,855.391,1092.099,426.28,1518.379,855.391,662.988,0.0,0.0,0.0,662.988,0.0,0.0,0.0,0.0,800.0,0.8,0.993,0.0,0.0,0.0,0.0,0.0,0.0,1.0,0.563,1.0,minimize_generator,full_grid,False,0.0,2998.225,5000,inf
2023-07-06,818.67,39.242,857.912,1104.759,464.56,1569.319,857.912,711.407,0.0,0.0,0.0,711.407,0.0,0.0,0.0,0.0,800.0,0.8,0.993,0.0,0.0,0.0,0.0,0.0,0.0,1.0,0.547,1.0,minimize_generator,full_grid,False,0.0,3709.632,5000,inf
2023-07-07,818.135,37.821,855.956,1037.529,436.92,1474.449,855.956,618.493,0.0,0.0,0.0,618.493,0.0,0.0,0.0,0.0,800.0,0.8,0.993,0.0,0.0,0.0,0.0,0.0,0.0,1.0,0.581,1.0,minimize_generator,full_grid,False,0.0,4328.125,5000,inf
2023-07-08,892.445,36.519,928.964,1122.562,352.04,1474.602,928.964,545.638,0.0,0.0,0.0,545.638,0.0,0.0,0.0,0.0,800.0,0.8,0.993,0.0,0.0,0.0,0.0,0.0,0.0,1.0,0.63,1.0,minimize_generator,full_grid,False,0.0,4873.763,5000,inf
2023-07-09,890.78,36.305,927.085,1128.905,373.16,1502.065,927.085,574.98,0.0,0.0,0.0,574.98,0.0,0.0,0.0,0.0,800.0,0.8,0.993,0.0,0.0,0.0,0.0,0.0,0.0,1.0,0.617,1.0,minimize_generator,full_grid,False,0.0,5448.743,5000,inf
2023-07-10,891.525,38.534,930.059,1092.838,336.0,1428.838,930.059,498.779,0.0,0.0,0.0,498.779,0.0,0.0,0.0,0.0,800.0,0.8,0.993,0.0,0.0,0.0,0.0,0.0,0.0,1.0,0.651,1.0,minimize_generator,full_grid,False,0.0,5947.522,5000,inf
2023-07-11,818.495,41.356,859.851,1041.457,164.08,1205.537,859.851,345.686,0.0,0.0,0.0,345.686,0.0,0.0,0.0,0.0,800.0,0.8,0.993,0.0,0.0,0.0,0.0,0.0,0.0,1.0,0.713,1.0,minimize_generator,full_grid,False,0.0,6293.208,5000,inf
2023-07-12,812.155,42.113,854.268,1011.318,293.6,1304.918,854.268,450.65,0.0,0.0,0.0,450.65,0.0,0.0,0.0,0.0,800.0,0.8,0.993,0.0,0.0,0.0,0.0,0.0,0.0,1.0,0.655,1.0,minimize_generator,full_grid,False,0.0,6743.858,5000,inf
2023-07-13,816.63,41.8,858.43,1077.125,436.92,1514.045,858.43,655.615,0.0,0.0,0.0,655.615,0.0,0.0,0.0,0.0,800.0,0.8,0.993,0.0,0.0,0.0,0.0,0.0,0.0,1.0,0.567,1.0,minimize_generator,full_grid,False,0.0,7399.473,5000,inf
2023-07-14,891.91,40.644,932.554,1090.97,373.96,1464.93,932.554,532.376,0.0,0.0,0.0,532.376,0.0,0.0,0.0,0.0,800.0,0.8,0.993,0.0,0.0,0.0,0.0,0.0,0.0,1.0,0.637,1.0,minimize_generator,full_grid,False,0.0,7931.849,5000,inf
2023-07-15,817.19,40.701,857.891,1090.472,264.96,1355.432,857.891,497.541,0.0,0.0,0.0,497.541,0.0,0.0,0.0,0.0,800.0,0.8,0.993,0.0,0.0,0.0,0.0,0.0,0.0,1.0,0.633,1.0,minimize_generator,full_grid,False,0.0,8429.39,5000,inf
2023-07-16,889.835,40.174,930.009,1055.169,313.36,1368.529,930.009,438.52,0.0,0.0,0.0,438.52,0.0,0.0,0.0,0.0,800.0,0.8,0.993,0.0,0.0,0.0,0.0,0.0,0.0,1.0,0.68,1.0,minimize_generator,full_grid,False,0.0,8867.909,5000,inf
2023-07-17,816.27,39.871,856.141,1089.513,186.44,1275.953,856.141,419.812,0.0,0.0,0.0,419.812,0.0,0.0,0.0,0.0,800.0,0.8,0.993,0.0,0.0,0.0,0.0,0.0,0.0,1.0,0.671,1.0,minimize_generator,full_grid,False,0.0,9287.722,5000,inf
2023-07-18,813.635,38.918,852.553,1077.871,288.12,1365.991,852.553,513.438,0.0,0.0,0.0,513.438,0.0,0.0,0.0,0.0,800.0,0.8,0.993,0.0,0.0,0.0,0.0,0.0,0.0,1.0,0.624,1.0,minimize_generator,full_grid,False,0.0,9801.159,5000,inf
2023-07-19,817.015,39.556,856.571,1086.982,198.72,1285.702,856.571,429.131,0.0,0.0,0.0,429.131,0.0,0.0,0.0,0.0,800.0,0.8,0.993,0.0,0.0,0.0,0.0,0.0,0.0,1.0,0.666,1.0,minimize_generator,full_grid,False,0.0,10230.29,5000,inf
2023-07-20,818.495,34.33,852.825,1069.195,214.84,1284.035,852.825,431.21,0.0,0.0,0.0,431.21,0.0,0.0,0.0,0.0,800.0,0.8,0.993,0.0,0.0,0.0,0.0,0.0,0.0,1.0,0.664,1.0,minimize_generator,full_grid,False,0.0,10661.5,5000,inf
2023-07-21,814.94,13.211,828.151,1048.038,264.96,1312.998,828.151,484.847,0.0,0.0,0.0,484.847,0.0,0.0,0.0,0.0,800.0,0.8,0.993,0.0,0.0,0.0,0.0,0.0,0.0,1.0,0.631,1.0,minimize_generator,full_grid,False,0.0,11146.347,5000,inf
2023-07-22,816.445,14.564,831.009,1070.365,310.68,1381.045,831.009,550.036,0.0,0.0,0.0,550.036,0.0,0.0,0.0,0.0,800.0,0.8,0.993,0.0,0.0,0.0,0.0,0.0,0.0,1.0,0.602,1.0,minimize_generator,full_grid,False,0.0,11696.383,5000,inf
2023-07-23,813.845,14.28,828.125,1074.355,171.48,1245.835,828.125,417.71,0.0,0.0,0.0,417.71,0.0,0.0,0.0,0.0,800.0,0.8,0.993,0.0,0.0,0.0,0.0,0.0,0.0,1.0,0.665,1.0,minimize_generator,full_grid,False,0.0,12114.094,5000,inf
2023-07-24,892.085,12.854,904.939,1083.696,132.72,1216.416,904.939,311.477,0.0,0.0,0.0,311.477,0.0,0.0,0.0,0.0,800.0,0.8,0.993,0.0,0.0,0.0,0.0,0.0,0.0,1.0,0.744,1.0,minimize_generator,full_grid,False,0.0,12425.571,5000,inf
2023-07-25,816.07,12.426,828.496,1063.316,83.24,1146.556,828.496,318.06,0.0,0.0,0.0,318.06,0.0,0.0,0.0,0.0,800.0,0.8,0.993,0.0,0.0,0.0,0.0,0.0,0.0,1.0,0.723,1.0,minimize_generator,full_grid,False,0.0,12743.631,5000,inf
2023-07-26,893.215,11.618,904.833,1011.211,32.0,1043.211,904.833,138.378,0.0,0.0,0.0,138.378,0.0,0.0,0.0,0.0,800.0,0.8,0.993,0.0,0.0,0.0,0.0,0.0,0.0,1.0,0.867,1.0,minimize_generator,full_grid,False,0.0,12882.008,5000,inf
2023-07-27,893.39,10.763,904.153,1002.473,4.16,1006.633,904.153,102.48,0.0,0.0,0.0,102.48,0.0,0.0,0.0,0.0,800.0,0.8,0.993,0.0,0.0,0.0,0.0,0.0,0.0,1.0,0.898,1.0,minimize_generator,full_grid,False,0.0,12984.488,5000,inf
2023-07-28,816.805,12.26,829.065,1023.939,134.44,1158.379,829.065,329.314,0.0,0.0,0.0,329.314,0.0,0.0,0.0,0.0,800.0,0.8,0.993,0.0,0.0,0.0,0.0,0.0,0.0,1.0,0.716,1.0,minimize_generator,full_grid,False,0.0,13313.802,5000,inf
2023-07-29,813.285,13.021,826.306,1025.232,425.6,1450.832,826.306,624.526,0.0,0.0,0.0,624.526,0.0,0.0,0.0,0.0,800.0,0.8,0.993,0.0,0.0,0.0,0.0,0.0,0.0,1.0,0.57,1.0,minimize_generator,full_grid,False,0.0,13938.328,5000,inf
2023-07-30,738.215,12.45,750.665,1054.733,465.12,1519.853,750.665,769.188,0.0,0.0,0.0,769.188,0.0,0.0,0.0,0.0,800.0,0.8,0.993,0.0,0.0,0.0,0.0,0.0,0.0,1.0,0.494,1.0,minimize_generator,full_grid,False,0.0,14707.516,5000,inf
2023-07-31,811.42,11.618,823.038,1063.861,299.92,1363.781,823.038,540.743,0.0,0.0,0.0,540.743,0.0,0.0,0.0,0.0,800.0,0.8,0.993,0.0,0.0,0.0,0.0,0.0,0.0,1.0,0.603,1.0,minimize_generator,full_grid,False,0.0,15248.259,5000,inf
2023-08-01,811.595,10.688,822.283,1057.949,165.96,1223.909,822.283,401.626,0.0,0.0,0.0,401.626,0.0,0.0,0.0,0.0,800.0,0.8,0.993,0.0,0.0,0.0,0.0,0.0,0.0,1.0,0.672,1.0,minimize_generator,full_grid,False,0.0,401.626,5000,inf
2023-08-02,892.445,9.763,902.208,1044.041,32.44,1076.481,902.208,174.273,0.0,0.0,0.0,174.273,0.0,0.0,0.0,0.0,800.0,0.8,0.993,0.0,0.0,0.0,0.0,0.0,0.0,1.0,0.838,1.0,minimize_generator,full_grid,False,0.0,575.899,5000,inf
2023-08-03,817.015,11.474,828.489,1068.811,321.28,1390.091,828.489,561.602,0.0,0.0,0.0,561.602,0.0,0.0,0.0,0.0,800.0,0.8,0.993,0.0,0.0,0.0,0.0,0.0,0.0,1.0,0.596,1.0,minimize_generator,full_grid,False,0.0,1137.5,5000,inf
2023-08-04,817.935,11.335,829.27,1088.901,377.12,1466.021,829.27,636.751,0.0,0.0,0.0,636.751,0.0,0.0,0.0,0.0,800.0,0.8,0.993,0.0,0.0,0.0,0.0,0.0,0.0,1.0,0.566,1.0,minimize_generator,full_grid,False,0.0,1774.251,5000,inf
2023-08-05,737.085,11.128,748.213,1061.117,369.96,1431.077,748.213,682.864,0.0,0.0,0.0,682.864,0.0,0.0,0.0,0.0,800.0,0.8,0.993,0.0,0.0,0.0,0.0,0.0,0.0,1.0,0.523,1.0,minimize_generator,full_grid,False,0.0,2457.115,5000,inf
2023-08-06,811.77,11.244,823.014,1041.67,257.48,1299.15,823.014,476.136,0.0,0.0,0.0,476.136,0.0,0.0,0.0,0.0,800.0,0.8,0.993,0.0,0.0,0.0,0.0,0.0,0.0,1.0,0.634,1.0,minimize_generator,full_grid,False,0.0,2933.251,5000,inf
2023-08-07,890.045,10.319,900.364,1063.453,119.08,1182.533,900.364,282.169,0.0,0.0,0.0,282.169,0.0,0.0,0.0,0.0,800.0,0.8,0.993,0.0,0.0,0.0,0.0,0.0,0.0,1.0,0.761,1.0,minimize_generator,full_grid,False,0.0,3215.42,5000,inf
2023-08-08,817.19,9.994,827.184,1036.651,214.84,1251.491,827.184,424.307,0.0,0.0,0.0,424.307,0.0,0.0,0.0,0.0,800.0,0.8,0.993,0.0,0.0,0.0,0.0,0.0,0.0,1.0,0.661,1.0,minimize_generator,full_grid,False,0.0,3639.726,5000,inf
2023-08-09,815.325,10.203,825.528,1060.848,415.2,1476.048,825.528,650.52,0.0,0.0,0.0,650.52,0.0,0.0,0.0,0.0,800.0,0.8,0.993,0.0,0.0,0.0,0.0,0.0,0.0,1.0,0.559,1.0,minimize_generator,full_grid,False,0.0,4290.246,5000,inf
2023-08-10,817.935,10.55,828.485,1045.155,415.2,1460.355,828.485,631.87,0.0,0.0,0.0,631.87,0.0,0.0,0.0,0.0,800.0,0.8,0.993,0.0,0.0,0.0,0.0,0.0,0.0,1.0,0.567,1.0,minimize_generator,full_grid,False,0.0,4922.116,5000,inf
2023-08-11,892.445,11.082,903.527,878.584,471.32,1349.904,903.527,446.377,0.0,0.0,0.0,446.377,0.0,0.0,0.0,0.0,800.0,0.8,0.993,0.0,0.0,0.0,0.0,0.0,0.0,1.0,0.669,1.0,minimize_generator,full_grid,False,0.0,5368.493,5000,inf
2023-08-12,814.765,9.091,823.856,963.321,271.52,1234.841,823.856,410.985,0.0,0.0,0.0,410.985,0.0,0.0,0.0,0.0,800.0,0.8,0.993,0.0,0.0,0.0,0.0,0.0,0.0,1.0,0.667,1.0,minimize_generator,full_grid,False,0.0,5779.478,5000,inf
2023-08-13,815.71,0.632,816.342,932.496,314.24,1246.736,816.342,430.394,0.0,0.0,0.0,430.394,0.0,0.0,0.0,0.0,800.0,0.8,0.993,0.0,0.0,0.0,0.0,0.0,0.0,1.0,0.655,1.0,minimize_generator,full_grid,False,0.0,6209.873,5000,inf
2023-08-14,815.885,0.0,815.885,912.854,446.52,1359.374,815.885,543.489,0.0,0.0,0.0,543.489,0.0,0.0,0.0,0.0,800.0,0.8,0.993,0.0,0.0,0.0,0.0,0.0,0.0,1.0,0.6,1.0,minimize_generator,full_grid,False,0.0,6753.362,5000,inf
2023-08-15,894.695,0.0,894.695,919.574,530.56,1450.134,894.695,555.439,0.0,0.0,0.0,555.439,0.0,0.0,0.0,0.0,800.0,0.8,0.993,0.0,0.0,0.0,0.0,0.0,0.0,1.0,0.617,1.0,minimize_generator,full_grid,False,0.0,7308.801,5000,inf
2023-08-16,736.165,0.0,736.165,920.912,506.24,1427.152,736.165,690.987,0.0,0.0,0.0,690.987,0.0,0.0,0.0,0.0,800.0,0.8,0.993,0.0,0.0,0.0,0.0,0.0,0.0,1.0,0.516,1.0,minimize_generator,full_grid,False,0.0,7999.789,5000,inf
2023-08-17,817.365,0.0,817.365,937.545,464.0,1401.545,817.365,584.18,0.0,0.0,0.0,584.18,0.0,0.0,0.0,0.0,800.0,0.8,0.993,0.0,0.0,0.0,0.0,0.0,0.0,1.0,0.583,1.0,minimize_generator,full_grid,False,0.0,8583.968,5000,inf
2023-08-18,814.205,0.0,814.205,939.846,476.24,1416.086,814.205,601.881,0.0,0.0,0.0,601.881,0.0,0.0,0.0,0.0,800.0,0.8,0.993,0.0,0.0,0.0,0.0,0.0,0.0,1.0,0.575,1.0,minimize_generator,full_grid,False,0.0,9185.85,5000,inf
2023-08-19,816.63,0.0,816.63,871.586,514.88,1386.466,816.63,569.836,0.0,0.0,0.0,569.836,0.0,0.0,0.0,0.0,800.0,0.8,0.993,0.0,0.0,0.0,0.0,0.0,0.0,1.0,0.589,1.0,minimize_generator,full_grid,False,0.0,9755.685,5000,inf
2023-08-20,811.77,0.0,811.77,978.324,510.48,1488.804,811.77,677.034,0.0,0.0,0.0,677.034,0.0,0.0,0.0,0.0,800.0,0.8,0.993,0.0,0.0,0.0,0.0,0.0,0.0,1.0,0.545,1.0,minimize_generator,full_grid,False,0.0,10432.719,5000,inf
2023-08-21,813.845,0.0,813.845,941.385,479.44,1420.825,813.845,606.98,0.0,0.0,0.0,606.98,0.0,0.0,0.0,0.0,800.0,0.8,0.993,0.0,0.0,0.0,0.0,0.0,0.0,1.0,0.573,1.0,minimize_generator,full_grid,False,0.0,11039.699,5000,inf
2023-08-22,816.63,0.0,816.63,962.627,481.04,1443.667,816.63,627.037,0.0,0.0,0.0,627.037,0.0,0.0,0.0,0.0,800.0,0.8,0.993,0.0,0.0,0.0,0.0,0.0,0.0,1.0,0.566,1.0,minimize_generator,full_grid,False,0.0,11666.736,5000,inf
2023-08-23,896.0,0.0,896.0,931.783,470.8,1402.583,896.0,506.583,0.0,0.0,0.0,506.583,0.0,0.0,0.0,0.0,800.0,0.8,0.993,0.0,0.0,0.0,0.0,0.0,0.0,1.0,0.639,1.0,minimize_generator,full_grid,False,0.0,12173.32,5000,inf
2023-08-24,816.445,0.0,816.445,921.419,466.28,1387.699,816.445,571.254,0.0,0.0,0.0,571.254,0.0,0.0,0.0,0.0,800.0,0.8,0.993,0.0,0.0,0.0,0.0,0.0,0.0,1.0,0.588,1.0,minimize_generator,full_grid,False,0.0,12744.574,5000,inf
2023-08-25,810.115,0.0,810.115,854.479,550.56,1405.039,810.115,594.924,0.0,0.0,0.0,594.924,0.0,0.0,0.0,0.0,800.0,0.8,0.993,0.0,0.0,0.0,0.0,0.0,0.0,1.0,0.577,1.0,minimize_generator,full_grid,False,0.0,13339.497,5000,inf
2023-08-26,811.595,0.0,811.595,977.984,477.88,1455.864,811.595,644.269,0.0,0.0,0.0,644.269,0.0,0.0,0.0,0.0,800.0,0.8,0.993,0.0,0.0,0.0,0.0,0.0,0.0,1.0,0.557,1.0,minimize_generator,full_grid,False,0.0,13983.766,5000,inf
2023-08-27,811.21,0.0,811.21,949.954,385.68,1335.634,811.21,524.424,0.0,0.0,0.0,524.424,0.0,0.0,0.0,0.0,800.0,0.8,0.993,0.0,0.0,0.0,0.0,0.0,0.0,1.0,0.607,1.0,minimize_generator,full_grid,False,0.0,14508.19,5000,inf
2023-08-28,735.045,0.0,735.045,926.677,234.8,1161.477,735.045,426.432,0.0,0.0,0.0,426.432,0.0,0.0,0.0,0.0,800.0,0.8,0.993,0.0,0.0,0.0,0.0,0.0,0.0,1.0,0.633,1.0,minimize_generator,full_grid,False,0.0,14934.622,5000,inf
2023-08-29,811.21,0.0,811.21,970.572,345.36,1315.932,811.21,504.722,0.0,0.0,0.0,504.722,0.0,0.0,0.0,0.0,800.0,0.8,0.993,0.0,0.0,0.0,0.0,0.0,0.0,1.0,0.616,1.0,minimize_generator,full_grid,False,0.0,15439.344,5000,inf
2023-08-30,814.94,0.0,814.94,972.293,177.08,1149.373,814.94,334.433,0.0,0.0,0.0,334.433,0.0,0.0,0.0,0.0,800.0,0.8,0.993,0.0,0.0,0.0,0.0,0.0,0.0,1.0,0.709,1.0,minimize_generator,full_grid,False,0.0,15773.777,5000,inf
2023-08-31,736.35,0.0,736.35,963.232,71.52,1034.752,736.35,298.402,0.0,0.0,0.0,298.402,0.0,0.0,0.0,0.0,800.0,0.8,0.993,0.0,0.0,0.0,0.0,0.0,0.0,1.0,0.712,1.0,minimize_generator,full_grid,False,0.0,16072.179,5000,inf
2023-09-01,815.71,380.601,1196.311,937.421,192.12,1129.541,1129.541,0.0,0.0,66.77,0.0,0.0,0.0,0.0,0.0,0.0,729.716,0.73,0.993,0.0,0.0,0.0,0.0,0.0,0.0,1.0,1.0,1.0,minimize_generator,full_grid,False,0.0,0.0,5000,inf
2023-09-02,813.46,385.775,1199.235,917.127,434.96,1352.087,1199.235,152.852,73.983,0.0,0.0,78.868,0.0,0.0,0.0,0.0,800.0,0.8,0.993,0.0,0.0,0.0,0.0,0.0,0.0,1.0,0.942,1.0,minimize_generator,full_grid,False,0.0,78.868,5000,inf
2023-09-03,737.655,365.711,1103.366,926.689,420.08,1346.769,1103.366,243.403,0.0,0.0,0.0,243.403,0.0,0.0,0.0,0.0,800.0,0.8,0.993,0.0,0.0,0.0,0.0,0.0,0.0,1.0,0.819,1.0,minimize_generator,full_grid,False,0.0,322.272,5000,inf
2023-09-04,810.475,351.119,1161.594,950.79,291.76,1242.55,1161.594,80.956,0.0,0.0,0.0,80.956,0.0,0.0,0.0,0.0,800.0,0.8,0.993,0.0,0.0,0.0,0.0,0.0,0.0,1.0,0.935,1.0,minimize_generator,full_grid,False,0.0,403.228,5000,inf
2023-09-05,816.805,342.911,1159.716,910.101,138.84,1048.941,1048.941,0.0,0.0,110.775,0.0,0.0,0.0,0.0,0.0,0.0,683.395,0.683,0.993,0.0,0.0,0.0,0.0,0.0,0.0,1.0,1.0,0.999,minimize_generator,full_grid,False,0.0,403.228,5000,inf
2023-09-06,813.285,381.216,1194.501,896.585,284.44,1181.025,1181.025,0.0,0.0,13.476,0.0,0.0,0.0,0.0,0.0,0.0,669.209,0.669,0.993,0.0,0.0,0.0,0.0,0.0,0.0,1.0,1.0,1.0,minimize_generator,full_grid,False,0.0,403.228,5000,inf
2023-09-07,810.475,407.663,1218.138,896.183,299.04,1195.223,1195.223,0.0,0.0,22.915,0.0,0.0,0.0,0.0,0.0,0.0,645.089,0.645,0.993,0.0,0.0,0.0,0.0,0.0,0.0,1.0,1.0,1.0,minimize_generator,full_grid,False,0.0,403.228,5000,inf
2023-09-08,738.215,401.279,1139.494,898.465,273.36,1171.825,1139.494,32.331,32.331,0.0,0.0,0.0,0.0,0.0,0.0,0.0,675.803,0.676,0.994,0.0,0.0,0.0,0.0,0.0,0.0,1.0,1.0,1.0,minimize_generator,full_grid,False,0.0,403.228,5000,inf
2023-09-09,810.115,386.686,1196.801,879.559,445.28,1324.839,1196.801,128.038,128.038,0.0,0.0,0.0,0.0,0.0,0.0,0.0,797.44,0.797,0.995,0.0,0.0,0.0,0.0,0.0,0.0,1.0,1.0,1.0,minimize_generator,full_grid,False,0.0,403.228,5000,inf
2023-09-10,736.735,409.487,1146.222,930.391,400.0,1330.391,1146.222,184.169,2.695,0.0,0.0,181.474,0.0,0.0,0.0,0.0,800.0,0.8,0.995,0.0,0.0,0.0,0.0,0.0,0.0,1.0,0.864,1.0,minimize_generator,full_grid,False,0.0,584.702,5000,inf
2023-09-11,730.57,340.176,1070.746,900.357,42.52,942.877,942.877,0.0,0.0,127.869,0.0,0.0,0.0,0.0,0.0,0.0,665.401,0.665,0.995,0.0,0.0,0.0,0.0,0.0,0.0,1.0,1.0,0.999,minimize_generator,full_grid,False,0.0,584.702,5000,inf
2023-09-12,816.63,360.869,1177.499,849.969,140.6,990.569,990.569,0.0,0.0,186.93,0.0,0.0,0.0,0.0,0.0,0.0,468.632,0.469,0.995,0.0,0.0,0.0,0.0,0.0,0.0,1.0,1.0,0.999,minimize_generator,full_grid,False,0.0,584.702,5000,inf
2023-09-13,738.39,309.745,1048.135,725.831,382.56,1108.391,1048.135,60.256,60.256,0.0,0.0,0.0,0.0,0.0,0.0,0.0,525.876,0.526,0.995,0.0,0.0,0.0,0.0,0.0,0.0,1.0,1.0,1.0,minimize_generator,full_grid,False,0.0,584.702,5000,inf
2023-09-14,809.905,350.845,1160.75,873.316,200.6,1073.916,1073.916,0.0,0.0,86.834,0.0,0.0,0.0,0.0,0.0,0.0,434.472,0.434,0.995,0.0,0.0,0.0,0.0,0.0,0.0,1.0,1.0,1.0,minimize_generator,full_grid,False,0.0,584.702,5000,inf
2023-09-15,737.085,394.541,1131.626,888.421,295.4,1183.821,1131.626,52.195,52.195,0.0,0.0,0.0,0.0,0.0,0.0,0.0,484.057,0.484,0.996,0.0,0.0,0.0,0.0,0.0,0.0,1.0,1.0,1.0,minimize_generator,full_grid,False,0.0,584.702,5000,inf
2023-09-16,734.3,368.131,1102.431,913.372,281.68,1195.052,1102.431,92.621,92.621,0.0,0.0,0.0,0.0,0.0,0.0,0.0,572.047,0.572,0.996,0.0,0.0,0.0,0.0,0.0,0.0,1.0,1.0,1.0,minimize_generator,full_grid,False,0.0,584.702,5000,inf
2023-09-17,735.99,381.961,1117.951,911.848,228.16,1140.008,1117.951,22.057,22.057,0.0,0.0,0.0,0.0,0.0,0.0,0.0,593.001,0.593,0.997,0.0,0.0,0.0,0.0,0.0,0.0,1.0,1.0,1.0,minimize_generator,full_grid,False,0.0,584.702,5000,inf
2023-09-18,730.37,408.542,1138.912,901.689,272.44,1174.129,1138.912,35.217,35.217,0.0,0.0,0.0,0.0,0.0,0.0,0.0,626.458,0.626,0.997,0.0,0.0,0.0,0.0,0.0,0.0,1.0,1.0,1.0,minimize_generator,full_grid,False,0.0,584.702,5000,inf
2023-09-19,815.5,387.184,1202.684,884.524,387.96,1272.484,1202.684,69.8,69.8,0.0,0.0,0.0,0.0,0.0,0.0,0.0,692.768,0.693,0.997,0.0,0.0,0.0,0.0,0.0,0.0,1.0,1.0,1.0,minimize_generator,full_grid,False,0.0,584.702,5000,inf
2023-09-20,731.315,398.58,1129.895,880.653,420.8,1301.453,1129.895,171.558,112.876,0.0,0.0,58.682,0.0,0.0,0.0,0.0,800.0,0.8,0.997,0.0,0.0,0.0,0.0,0.0,0.0,1.0,0.955,1.0,minimize_generator,full_grid,False,0.0,643.384,5000,inf
2023-09-21,731.7,358.33,1090.03,892.713,111.64,1004.353,1004.353,0.0,0.0,85.677,0.0,0.0,0.0,0.0,0.0,0.0,709.814,0.71,0.997,0.0,0.0,0.0,0.0,0.0,0.0,1.0,1.0,1.0,minimize_generator,full_grid,False,0.0,643.384,5000,inf
2023-09-22,733.565,364.381,1097.946,871.445,188.32,1059.765,1059.765,0.0,0.0,38.181,0.0,0.0,0.0,0.0,0.0,0.0,669.623,0.67,0.997,0.0,0.0,0.0,0.0,0.0,0.0,1.0,1.0,1.0,minimize_generator,full_grid,False,0.0,643.384,5000,inf
2023-09-23,810.675,384.907,1195.582,847.517,252.8,1100.317,1100.317,0.0,0.0,95.265,0.0,0.0,0.0,0.0,0.0,0.0,569.343,0.569,0.997,0.0,0.0,0.0,0.0,0.0,0.0,1.0,1.0,1.0,minimize_generator,full_grid,False,0.0,643.384,5000,inf
2023-09-24,734.66,397.127,1131.787,850.165,302.64,1152.805,1131.787,21.018,21.018,0.0,0.0,0.0,0.0,0.0,0.0,0.0,589.31,0.589,0.998,0.0,0.0,0.0,0.0,0.0,0.0,1.0,1.0,1.0,minimize_generator,full_grid,False,0.0,643.384,5000,inf
2023-09-25,729.835,465.795,1195.63,868.564,275.2,1143.764,1143.764,0.0,0.0,51.866,0.0,0.0,0.0,0.0,0.0,0.0,534.715,0.535,0.998,0.0,0.0,0.0,0.0,0.0,0.0,1.0,1.0,1.0,minimize_generator,full_grid,False,0.0,643.384,5000,inf
2023-09-26,809.73,422.543,1232.273,858.567,266.84,1125.407,1125.407,0.0,0.0,106.866,0.0,0.0,0.0,0.0,0.0,0.0,422.224,0.422,0.998,0.0,0.0,0.0,0.0,0.0,0.0,1.0,1.0,1.0,minimize_generator,full_grid,False,0.0,643.384,5000,inf
2023-09-27,736.525,416.35,1152.875,786.71,210.12,996.83,996.83,0.0,0.0,156.045,0.0,0.0,0.0,0.0,0.0,0.0,257.967,0.258,0.998,0.0,0.0,0.0,0.0,0.0,0.0,1.0,1.0,1.0,minimize_generator,full_grid,False,0.0,643.384,5000,inf
2023-09-28,735.43,428.511,1163.941,789.777,173.36,963.137,963.137,0.0,0.0,55.068,145.735,0.0,0.0,0.0,0.0,0.0,200.0,0.2,0.998,0.0,0.0,15.484,0.0,0.0,15.484,0.875,1.0,0.875,minimize_generator,full_grid,False,145.735,643.384,5000,inf
2023-09-29,735.79,464.323,1200.113,786.395,163.16,949.555,949.555,0.0,0.0,0.0,250.558,0.0,0.0,0.0,0.0,0.0,200.0,0.2,0.998,0.0,0.0,26.546,0.0,0.0,26.546,0.791,1.0,0.791,minimize_generator,full_grid,False,396.293,643.384,5000,inf
2023-09-30,812.715,484.787,1297.502,814.818,220.56,1035.378,1035.378,0.0,0.0,0.0,262.124,0.0,0.0,0.0,0.0,0.0,200.0,0.2,0.998,0.0,0.0,27.827,0.0,0.0,27.827,0.798,1.0,0.798,minimize_generator,full_grid,False,658.417,643.384,5000,inf
2023-10-01,811.595,795.421,1607.016,737.812,461.08,1198.892,1198.892,0.0,0.0,0.0,408.124,0.0,0.0,0.0,0.0,0.0,200.0,0.2,0.998,0.0,0.0,42.232,0.0,0.0,42.232,0.746,1.0,0.746,minimize_generator,full_grid,False,408.124,0.0,5000,inf
2023-10-02,729.625,638.987,1368.612,507.538,475.72,983.258,983.258,0.0,0.0,0.0,385.354,0.0,0.0,0.0,0.0,0.0,200.0,0.2,0.998,0.0,0.0,40.047,0.0,0.0,40.047,0.718,1.0,0.718,minimize_generator,full_grid,False,793.478,0.0,5000,inf
2023-10-03,738.03,671.271,1409.301,638.755,395.52,1034.275,1034.275,0.0,0.0,0.0,375.026,0.0,0.0,0.0,0.0,0.0,200.0,0.2,0.998,0.0,0.0,38.918,0.0,0.0,38.918,0.734,1.0,0.734,minimize_generator,full_grid,False,1168.504,0.0,5000,inf
2023-10-04,733.005,768.401,1501.406,779.022,374.72,1153.742,1153.742,0.0,0.0,0.0,347.664,0.0,0.0,0.0,0.0,0.0,200.0,0.2,0.998,0.0,0.0,35.884,0.0,0.0,35.884,0.768,1.0,0.768,minimize_generator,full_grid,False,1516.168,0.0,5000,inf
2023-10-05,733.18,753.529,1486.709,754.262,237.68,991.942,991.942,0.0,0.0,0.0,494.767,0.0,0.0,0.0,0.0,0.0,200.0,0.2,0.998,0.0,0.0,51.105,0.0,0.0,51.105,0.667,1.0,0.667,minimize_generator,full_grid,False,2010.935,0.0,5000,inf
2023-10-06,661.165,755.446,1416.611,686.11,400.76,1086.87,1086.87,0.0,0.0,0.0,329.741,0.0,0.0,0.0,0.0,0.0,200.0,0.2,0.998,0.0,0.0,33.922,0.0,0.0,33.922,0.767,1.0,0.767,minimize_generator,full_grid,False,2340.676,0.0,5000,inf
2023-10-07,730.01,715.511,1445.521,745.107,347.04,1092.147,1092.147,0.0,0.0,0.0,353.374,0.0,0.0,0.0,0.0,0.0,200.0,0.2,0.998,0.0,0.0,36.567,0.0,0.0,36.567,0.756,1.0,0.756,minimize_generator,full_grid,False,2694.05,0.0,5000,inf
2023-10-08,664.375,772.913,1437.288,767.045,320.4,1087.445,1087.445,0.0,0.0,0.0,349.843,0.0,0.0,0.0,0.0,0.0,200.0,0.2,0.998,0.0,0.0,35.965,0.0,0.0,35.965,0.757,1.0,0.757,minimize_generator,full_grid,False,3043.893,0.0,5000,inf
2023-10-09,733.18,772.031,1505.211,653.268,387.96,1041.228,1041.228,0.0,0.0,0.0,463.983,0.0,0.0,0.0,0.0,0.0,200.0,0.2,0.998,0.0,0.0,47.881,0.0,0.0,47.881,0.692,1.0,0.692,minimize_generator,full_grid,False,3507.876,0.0,5000,inf
2023-10-10,733.74,727.599,1461.339,635.882,502.76,1138.642,1138.642,0.0,0.0,0.0,322.697,0.0,0.0,0.0,0.0,0.0,200.0,0.2,0.998,0.0,0.0,33.378,0.0,0.0,33.378,0.779,1.0,0.779,minimize_generator,full_grid,False,3830.573,0.0,5000,inf
2023-10-11,658.17,771.221,1429.391,733.211,468.0,1201.211,1201.211,0.0,0.0,0.0,228.18,0.0,0.0,0.0,0.0,0.0,200.0,0.2,0.998,0.0,0.0,23.451,0.0,0.0,23.451,0.84,1.0,0.84,minimize_generator,full_grid,False,4058.753,0.0,5000,inf
2023-10-12,666.03,761.454,1427.484,783.748,287.2,1070.948,1070.948,0.0,0.0,0.0,356.536,0.0,0.0,0.0,0.0,0.0,200.0,0.2,0.998,0.0,0.0,36.678,0.0,0.0,36.678,0.75,1.0,0.75,minimize_generator,full_grid,False,4415.289,0.0,5000,inf
2023-10-13,733.005,778.877,1511.882,769.591,381.8,1151.391,1151.391,0.0,0.0,0.0,360.491,0.0,0.0,0.0,0.0,0.0,200.0,0.2,0.998,0.0,0.0,37.188,0.0,0.0,37.188,0.762,1.0,0.762,minimize_generator,full_grid,False,4775.78,0.0,5000,inf
2023-10-14,664.725,705.967,1370.692,774.179,390.24,1164.419,1164.419,0.0,0.0,0.0,206.273,0.0,0.0,0.0,0.0,0.0,200.0,0.2,0.998,0.0,0.0,21.28,0.0,0.0,21.28,0.85,1.0,0.85,minimize_generator,full_grid,False,4982.053,0.0,5000,inf
2023-10-15,730.755,692.521,1423.276,773.1,294.48,1067.58,1067.58,0.0,0.0,0.0,17.947,0.0,337.749,0.0,0.0,0.0,200.0,0.2,0.998,202.65,22.517,1.86,0.0,148.745,150.604,0.987,1.0,0.75,minimize_generator,full_grid,False,5000.0,0.0,5000,inf
2023-10-16,666.03,696.505,1362.535,770.408,323.04,1093.448,1093.448,0.0,0.0,0.0,0.0,0.0,269.087,0.0,0.0,0.0,200.0,0.2,0.998,161.452,17.939,0.0,0.0,118.506,118.506,1.0,1.0,0.803,minimize_generator,full_grid,False,5000.0,0.0,5000,inf
2023-10-17,665.67,695.625,1361.295,760.877,282.6,1043.477,1043.477,0.0,0.0,0.0,0.0,0.0,317.818,0.0,0.0,0.0,200.0,0.2,0.998,190.691,21.188,0.0,0.0,139.967,139.967,1.0,1.0,0.767,minimize_generator,full_grid,False,5000.0,0.0,5000,inf
2023-10-18,663.07,694.071,1357.141,730.672,366.76,1097.432,1097.432,0.0,0.0,0.0,0.0,0.0,259.709,0.0,0.0,0.0,200.0,0.2,0.998,155.825,17.314,0.0,0.0,114.376,114.376,1.0,1.0,0.809,minimize_generator,full_grid,False,5000.0,0.0,5000,inf
2023-10-19,658.94,488.251,1147.191,596.542,38.2,634.742,634.742,0.0,0.0,0.0,0.0,0.0,512.449,0.0,0.0,0.0,200.0,0.2,0.998,246.49,24.0,0.0,0.0,180.923,180.923,1.0,1.0,0.553,minimize_generator,full_grid,False,5000.0,0.0,5000,inf
2023-10-20,658.94,658.947,1317.887,729.066,131.0,860.066,860.066,0.0,0.0,0.0,0.0,0.0,457.821,0.0,0.0,0.0,200.0,0.2,0.998,235.564,24.0,0.0,0.0,172.904,172.904,1.0,1.0,0.653,minimize_generator,full_grid,False,5000.0,0.0,5000,inf
2023-10-21,665.855,616.016,1281.871,725.71,110.0,835.71,835.71,0.0,0.0,0.0,0.0,0.0,446.161,0.0,0.0,0.0,200.0,0.2,0.998,233.232,24.0,0.0,0.0,171.192,171.192,1.0,1.0,0.652,minimize_generator,full_grid,False,5000.0,0.0,5000,inf
2023-10-22,662.86,614.452,1277.312,722.549,210.12,932.669,932.669,0.0,0.0,0.0,0.0,0.0,344.643,0.0,0.0,0.0,200.0,0.2,0.998,206.786,22.976,0.0,0.0,151.781,151.781,1.0,1.0,0.73,minimize_generator,full_grid,False,5000.0,0.0,5000,inf
2023-10-23,661.54,601.462,1263.002,704.634,223.4,928.034,928.034,0.0,0.0,0.0,0.0,0.0,334.968,0.0,0.0,0.0,200.0,0.2,0.998,200.981,22.331,0.0,0.0,147.52,147.52,1.0,1.0,0.735,minimize_generator,full_grid,False,5000.0,0.0,5000,inf
2023-10-24,660.245,568.904,1229.149,664.567,208.2,872.767,872.767,0.0,0.0,0.0,0.0,0.0,356.382,0.0,0.0,0.0,200.0,0.2,0.998,213.829,23.759,0.0,0.0,156.951,156.951,1.0,1.0,0.71,minimize_generator,full_grid,False,5000.0,0.0,5000,inf
2023-10-25,660.42,385.409,1045.829,670.415,2.84,673.255,673.255,0.0,0.0,0.0,0.0,0.0,372.574,0.0,0.0,0.0,200.0,0.2,0.998,218.515,24.0,0.0,0.0,160.39,160.39,1.0,1.0,0.644,minimize_generator,full_grid,False,5000.0,0.0,5000,inf
2023-10-26,665.47,420.663,1086.133,674.994,4.56,679.554,679.554,0.0,0.0,0.0,0.0,0.0,406.579,0.0,0.0,0.0,200.0,0.2,0.998,225.316,24.0,0.0,0.0,165.382,165.382,1.0,1.0,0.626,minimize_generator,full_grid,False,5000.0,0.0,5000,inf
2023-10-27,659.675,403.905,1063.58,607.111,50.32,657.431,657.431,0.0,0.0,0.0,0.0,0.0,406.149,0.0,0.0,0.0,200.0,0.2,0.998,225.23,24.0,0.0,0.0,165.319,165.319,1.0,1.0,0.618,minimize_generator,full_grid,False,5000.0,0.0,5000,inf
2023-10-28,588.75,317.82,906.57,568.601,17.2,585.801,585.801,0.0,0.0,0.0,0.0,0.0,320.769,0.0,0.0,0.0,200.0,0.2,0.998,192.461,21.385,0.0,0.0,141.267,141.267,1.0,1.0,0.646,minimize_generator,full_grid,False,5000.0,0.0,5000,inf
2023-10-29,663.43,268.122,931.552,554.707,40.08,594.787,594.787,0.0,0.0,0.0,0.0,0.0,336.765,0.0,0.0,0.0,200.0,0.2,0.998,202.059,22.451,0.0,0.0,148.311,148.311,1.0,1.0,0.638,minimize_generator,full_grid,False,5000.0,0.0,5000,inf
2023-10-30,659.115,224.5,883.615,604.064,30.36,634.424,634.424,0.0,0.0,0.0,0.0,0.0,249.191,0.0,0.0,0.0,200.0,0.2,0.998,149.514,16.613,0.0,0.0,109.744,109.744,1.0,1.0,0.718,minimize_generator,full_grid,False,5000.0,0.0,5000,inf
2023-10-31,659.675,152.413,812.088,640.309,23.24,663.549,663.549,0.0,0.0,0.0,0.0,0.0,148.539,0.0,0.0,0.0,200.0,0.2,0.998,89.124,9.903,0.0,0.0,65.417,65.417,1.0,1.0,0.817,minimize_generator,full_grid,False,5000.0,0.0,5000,inf
2023-11-01,665.67,731.718,1397.388,647.153,215.8,862.953,862.953,0.0,0.0,0.0,534.435,0.0,0.0,0.0,0.0,0.0,200.0,0.2,0.998,0.0,0.0,51.307,0.0,0.0,51.307,0.618,1.0,0.618,minimize_generator,full_grid,False,534.435,0.0,5000,inf
2023-11-02,658.94,746.685,1405.625,646.226,218.68,864.906,864.906,0.0,0.0,0.0,540.719,0.0,0.0,0.0,0.0,0.0,200.0,0.2,0.998,0.0,0.0,51.85,0.0,0.0,51.85,0.615,1.0,0.615,minimize_generator,full_grid,False,1075.154,0.0,5000,inf
2023-11-03,659.675,690.935,1350.61,624.387,95.04,719.427,719.427,0.0,0.0,0.0,631.183,0.0,0.0,0.0,0.0,0.0,200.0,0.2,0.998,0.0,0.0,60.707,0.0,0.0,60.707,0.533,1.0,0.533,minimize_generator,full_grid,False,1706.338,0.0,5000,inf
2023-11-04,587.085,677.87,1264.955,617.195,29.56,646.755,646.755,0.0,0.0,0.0,618.2,0.0,0.0,0.0,0.0,0.0,200.0,0.2,0.998,0.0,0.0,59.237,0.0,0.0,59.237,0.511,1.0,0.511,minimize_generator,full_grid,False,2324.537,0.0,5000,inf
2023-11-05,657.25,696.614,1353.864,625.607,83.96,709.567,709.567,0.0,0.0,0.0,644.297,0.0,0.0,0.0,0.0,0.0,200.0,0.2,0.998,0.0,0.0,61.94,0.0,0.0,61.94,0.524,1.0,0.524,minimize_generator,full_grid,False,2968.834,0.0,5000,inf
2023-11-06,660.035,740.5,1400.535,626.427,132.72,759.147,759.147,0.0,0.0,0.0,641.388,0.0,0.0,0.0,0.0,0.0,200.0,0.2,0.998,0.0,0.0,61.527,0.0,0.0,61.527,0.542,1.0,0.542,minimize_generator,full_grid,False,3610.222,0.0,5000,inf
2023-11-07,584.835,743.319,1328.154,639.297,99.68,738.977,738.977,0.0,0.0,0.0,589.177,0.0,0.0,0.0,0.0,0.0,200.0,0.2,0.998,0.0,0.0,56.251,0.0,0.0,56.251,0.556,1.0,0.556,minimize_generator,full_grid,False,4199.4,0.0,5000,inf
2023-11-08,657.995,714.533,1372.528,649.158,70.2,719.358,719.358,0.0,0.0,0.0,653.17,0.0,0.0,0.0,0.0,0.0,200.0,0.2,0.998,0.0,0.0,62.735,0.0,0.0,62.735,0.524,1.0,0.524,minimize_generator,full_grid,False,4852.57,0.0,5000,inf
2023-11-09,657.25,675.389,1332.639,637.043,39.6,676.643,676.643,0.0,0.0,0.0,147.43,0.0,508.566,0.0,0.0,0.0,200.0,0.2,0.998,245.713,24.0,14.19,0.0,170.279,184.469,0.889,1.0,0.508,minimize_generator,full_grid,False,5000.0,0.0,5000,inf
2023-11-10,656.69,690.41,1347.1,596.821,127.52,724.341,724.341,0.0,0.0,0.0,0.0,0.0,622.759,0.0,0.0,0.0,200.0,0.2,0.998,268.552,24.0,0.0,0.0,186.106,186.106,1.0,1.0,0.538,minimize_generator,full_grid,False,5000.0,0.0,5000,inf
2023-11-11,660.245,514.318,1174.563,447.472,2.64,450.112,450.112,0.0,0.0,0.0,0.0,0.0,724.451,0.0,0.0,0.0,200.0,0.2,0.998,288.89,24.0,0.0,0.0,200.201,200.201,1.0,1.0,0.383,minimize_generator,full_grid,False,5000.0,0.0,5000,inf
2023-11-12,657.25,526.493,1183.743,417.843,2.56,420.403,420.403,0.0,0.0,0.0,0.0,0.0,763.34,0.0,0.0,0.0,200.0,0.2,0.998,296.668,24.0,0.0,0.0,205.591,205.591,1.0,1.0,0.355,minimize_generator,full_grid,False,5000.0,0.0,5000,inf
2023-11-13,661.165,623.522,1284.687,527.232,16.32,543.552,543.552,0.0,0.0,0.0,0.0,0.0,741.135,0.0,0.0,0.0,200.0,0.2,0.998,292.227,24.0,0.0,0.0,202.513,202.513,1.0,1.0,0.423,minimize_generator,full_grid,False,5000.0,0.0,5000,inf
2023-11-14,584.835,719.346,1304.181,572.389,433.0,1005.389,1005.389,0.0,0.0,0.0,0.0,0.0,298.792,0.0,0.0,0.0,200.0,0.2,0.998,179.275,19.919,0.0,0.0,124.238,124.238,1.0,1.0,0.771,minimize_generator,full_grid,False,5000.0,0.0,5000,inf
2023-11-15,588.95,709.099,1298.049,581.337,366.76,948.097,948.097,0.0,0.0,0.0,0.0,0.0,349.952,0.0,0.0,0.0,200.0,0.2,0.998,209.971,23.33,0.0,0.0,145.51,145.51,1.0,1.0,0.73,minimize_generator,full_grid,False,5000.0,0.0,5000,inf
2023-11-16,588.39,672.129,1260.519,605.701,85.4,691.101,691.101,0.0,0.0,0.0,0.0,0.0,569.418,0.0,0.0,0.0,200.0,0.2,0.998,257.884,24.0,0.0,0.0,178.713,178.713,1.0,1.0,0.548,minimize_generator,full_grid,False,5000.0,0.0,5000,inf
2023-11-17,583.715,649.27,1232.985,609.091,94.28,703.371,703.371,0.0,0.0,0.0,0.0,0.0,529.614,0.0,0.0,0.0,200.0,0.2,0.998,249.923,24.0,0.0,0.0,173.197,173.197,1.0,1.0,0.57,minimize_generator,full_grid,False,5000.0,0.0,5000,inf
2023-11-18,657.995,694.922,1352.917,620.676,195.88,816.556,816.556,0.0,0.0,0.0,0.0,0.0,536.361,0.0,0.0,0.0,200.0,0.2,0.998,251.272,24.0,0.0,0.0,174.132,174.132,1.0,1.0,0.604,minimize_generator,full_grid,False,5000.0,0.0,5000,inf
2023-11-19,663.07,777.598,1440.668,489.681,447.76,937.441,937.441,0.0,0.0,0.0,0.0,0.0,503.227,0.0,0.0,0.0,200.0,0.2,0.998,244.645,24.0,0.0,0.0,169.539,169.539,1.0,1.0,0.651,minimize_generator,full_grid,False,5000.0,0.0,5000,inf
2023-11-20,586.885,668.123,1255.008,590.501,457.52,1048.021,1048.021,0.0,0.0,0.0,0.0,0.0,206.987,0.0,0.0,0.0,200.0,0.2,0.998,124.192,13.799,0.0,0.0,86.065,86.065,1.0,1.0,0.835,minimize_generator,full_grid,False,5000.0,0.0,5000,inf
2023-11-21,588.565,608.156,1196.721,629.972,59.52,689.492,689.492,0.0,0.0,0.0,0.0,0.0,507.229,0.0,0.0,0.0,200.0,0.2,0.998,245.446,24.0,0.0,0.0,170.094,170.094,1.0,1.0,0.576,minimize_generator,full_grid,False,5000.0,0.0,5000,inf
2023-11-22,586.7,563.163,1149.863,321.596,84.68,406.276,406.276,0.0,0.0,0.0,0.0,0.0,743.587,0.0,0.0,0.0,200.0,0.2,0.998,292.717,24.0,0.0,0.0,202.853,202.853,1.0,1.0,0.353,minimize_generator,full_grid,False,5000.0,0.0,5000,inf
2023-11-23,583.53,632.305,1215.835,574.179,191.16,765.339,765.339,0.0,0.0,0.0,0.0,0.0,450.496,0.0,0.0,0.0,200.0,0.2,0.998,234.099,24.0,0.0,0.0,162.231,162.231,1.0,1.0,0.629,minimize_generator,full_grid,False,5000.0,0.0,5000,inf
2023-11-24,572.095,520.235,1092.33,556.701,37.72,594.421,594.421,0.0,0.0,0.0,0.0,0.0,497.909,0.0,0.0,0.0,200.0,0.2,0.998,243.582,24.0,0.0,0.0,168.802,168.802,1.0,1.0,0.544,minimize_generator,full_grid,False,5000.0,0.0,5000,inf
2023-11-25,583.155,510.404,1093.559,478.86,59.52,538.38,538.38,0.0,0.0,0.0,0.0,0.0,555.179,0.0,0.0,0.0,200.0,0.2,0.998,255.036,24.0,0.0,0.0,176.74,176.74,1.0,1.0,0.492,minimize_generator,full_grid,False,5000.0,0.0,5000,inf
2023-11-26,572.425,660.938,1233.363,459.626,273.36,732.986,732.986,0.0,0.0,0.0,0.0,0.0,500.377,0.0,0.0,0.0,200.0,0.2,0.998,244.075,24.0,0.0,0.0,169.144,169.144,1.0,1.0,0.594,minimize_generator,full_grid,False,5000.0,0.0,5000,inf
2023-11-27,658.38,553.344,1211.724,515.787,424.92,940.707,940.707,0.0,0.0,0.0,0.0,0.0,271.017,0.0,0.0,0.0,200.0,0.2,0.998,162.61,18.068,0.0,0.0,112.689,112.689,1.0,1.0,0.776,minimize_generator,full_grid,False,5000.0,0.0,5000,inf
2023-11-28,584.45,428.147,1012.597,498.201,54.24,552.441,552.441,0.0,0.0,0.0,0.0,0.0,460.156,0.0,0.0,0.0,200.0,0.2,0.998,236.031,24.0,0.0,0.0,163.57,163.57,1.0,1.0,0.546,minimize_generator,full_grid,False,5000.0,0.0,5000,inf
2023-11-29,583.53,429.825,1013.355,578.119,50.88,628.999,628.999,0.0,0.0,0.0,0.0,0.0,384.356,0.0,0.0,0.0,200.0,0.2,0.998,220.871,24.0,0.0,0.0,153.064,153.064,1.0,1.0,0.621,minimize_generator,full_grid,False,5000.0,0.0,5000,inf
2023-11-30,587.83,432.733,1020.563,558.73,162.28,721.01,721.01,0.0,0.0,0.0,0.0,0.0,299.553,0.0,0.0,0.0,200.0,0.2,0.998,179.732,19.97,0.0,0.0,124.554,124.554,1.0,1.0,0.706,minimize_generator,full_grid,False,5000.0,0.0,5000,inf
2023-12-01,572.365,604.691,1177.056,561.105,108.4,669.505,669.505,0.0,0.0,0.0,507.551,0.0,0.0,0.0,0.0,0.0,200.0,0.2,0.998,0.0,0.0,53.181,0.0,0.0,53.181,0.569,1.0,0.569,minimize_generator,full_grid,False,507.551,0.0,5000,inf
2023-12-02,581.29,629.95,1211.24,527.95,119.08,647.03,647.03,0.0,0.0,0.0,564.21,0.0,0.0,0.0,0.0,0.0,200.0,0.2,0.998,0.0,0.0,59.061,0.0,0.0,59.061,0.534,1.0,0.534,minimize_generator,full_grid,False,1071.761,0.0,5000,inf
2023-12-03,584.1,610.931,1195.031,546.192,48.72,594.912,594.912,0.0,0.0,0.0,600.119,0.0,0.0,0.0,0.0,0.0,200.0,0.2,0.998,0.0,0.0,62.905,0.0,0.0,62.905,0.498,1.0,0.498,minimize_generator,full_grid,False,1671.88,0.0,5000,inf
2023-12-04,587.445,535.3,1122.745,496.466,13.92,510.386,510.386,0.0,0.0,0.0,612.359,0.0,0.0,0.0,0.0,0.0,200.0,0.2,0.998,0.0,0.0,64.525,0.0,0.0,64.525,0.455,1.0,0.455,minimize_generator,full_grid,False,2284.239,0.0,5000,inf
2023-12-05,585.22,303.544,888.764,330.28,198.72,529.0,529.0,0.0,0.0,0.0,359.764,0.0,0.0,0.0,0.0,0.0,200.0,0.2,0.998,0.0,0.0,38.687,0.0,0.0,38.687,0.595,1.0,0.595,minimize_generator,full_grid,False,2644.003,0.0,5000,inf
2023-12-06,584.1,387.217,971.317,537.842,428.32,966.162,966.162,0.0,0.0,0.0,5.155,0.0,0.0,0.0,0.0,0.0,200.0,0.2,0.998,0.0,0.0,0.55,0.0,0.0,0.55,0.995,1.0,0.995,minimize_generator,full_grid,False,2649.158,0.0,5000,inf
2023-12-07,583.355,305.259,888.614,551.665,96.6,648.265,648.265,0.0,0.0,0.0,240.349,0.0,0.0,0.0,0.0,0.0,200.0,0.2,0.998,0.0,0.0,25.838,0.0,0.0,25.838,0.73,1.0,0.73,minimize_generator,full_grid,False,2889.507,0.0,5000,inf
2023-12-08,584.275,307.263,891.538,541.378,41.04,582.418,582.418,0.0,0.0,0.0,309.12,0.0,0.0,0.0,0.0,0.0,200.0,0.2,0.998,0.0,0.0,33.226,0.0,0.0,33.226,0.653,1.0,0.653,minimize_generator,full_grid,False,3198.627,0.0,5000,inf
2023-12-09,583.355,304.434,887.789,519.328,126.68,646.008,646.008,0.0,0.0,0.0,241.781,0.0,0.0,0.0,0.0,0.0,200.0,0.2,0.998,0.0,0.0,25.995,0.0,0.0,25.995,0.728,1.0,0.728,minimize_generator,full_grid,False,3440.408,0.0,5000,inf
2023-12-10,571.885,247.137,819.022,517.177,4.28,521.457,521.457,0.0,0.0,0.0,297.565,0.0,0.0,0.0,0.0,0.0,200.0,0.2,0.998,0.0,0.0,32.188,0.0,0.0,32.188,0.637,1.0,0.637,minimize_generator,full_grid,False,3737.973,0.0,5000,inf
2023-12-11,582.41,330.32,912.73,433.679,211.04,644.719,644.719,0.0,0.0,0.0,268.011,0.0,0.0,0.0,0.0,0.0,200.0,0.2,0.998,0.0,0.0,28.733,0.0,0.0,28.733,0.706,1.0,0.706,minimize_generator,full_grid,False,4005.984,0.0,5000,inf
2023-12-12,571.775,361.398,933.173,524.25,366.76,891.01,891.01,0.0,0.0,0.0,42.163,0.0,0.0,0.0,0.0,0.0,200.0,0.2,0.998,0.0,0.0,4.503,0.0,0.0,4.503,0.955,1.0,0.955,minimize_generator,full_grid,False,4048.147,0.0,5000,inf
2023-12-13,582.235,337.739,919.974,496.156,377.12,873.276,873.276,0.0,0.0,0.0,46.698,0.0,0.0,0.0,0.0,0.0,200.0,0.2,0.998,0.0,0.0,5.003,0.0,0.0,5.003,0.949,1.0,0.949,minimize_generator,full_grid,False,4094.845,0.0,5000,inf
2023-12-14,572.315,285.633,857.948,574.011,55.96,629.971,629.971,0.0,0.0,0.0,227.977,0.0,0.0,0.0,0.0,0.0,200.0,0.2,0.998,0.0,0.0,24.547,0.0,0.0,24.547,0.734,1.0,0.734,minimize_generator,full_grid,False,4322.822,0.0,5000,inf
2023-12-15,657.81,296.837,954.647,576.034,19.92,595.954,595.954,0.0,0.0,0.0,358.693,0.0,0.0,0.0,0.0,0.0,200.0,0.2,0.998,0.0,0.0,38.748,0.0,0.0,38.748,0.624,1.0,0.624,minimize_generator,full_grid,False,4681.515,0.0,5000,inf
2023-12-16,581.29,290.577,871.867,553.099,23.92,577.019,577.019,0.0,0.0,0.0,294.848,0.0,0.0,0.0,0.0,0.0,200.0,0.2,0.998,0.0,0.0,31.746,0.0,0.0,31.746,0.662,1.0,0.662,minimize_generator,full_grid,False,4976.363,0.0,5000,inf
2023-12-17,571.175,312.344,883.519,547.825,67.6,615.425,615.425,0.0,0.0,0.0,23.637,0.0,244.457,0.0,0.0,0.0,200.0,0.2,0.998,146.674,16.297,2.537,0.0,89.237,91.774,0.973,1.0,0.697,minimize_generator,full_grid,False,5000.0,0.0,5000,inf
2023-12-18,580.545,312.564,893.109,546.763,111.64,658.403,658.403,0.0,0.0,0.0,0.0,0.0,234.706,0.0,0.0,0.0,200.0,0.2,0.998,140.823,15.647,0.0,0.0,85.677,85.677,1.0,1.0,0.737,minimize_generator,full_grid,False,5000.0,0.0,5000,inf
2023-12-19,582.795,295.954,878.749,556.073,57.72,613.793,613.793,0.0,0.0,0.0,0.0,0.0,264.956,0.0,0.0,0.0,200.0,0.2,0.998,158.974,17.664,0.0,0.0,96.72,96.72,1.0,1.0,0.698,minimize_generator,full_grid,False,5000.0,0.0,5000,inf
2023-12-20,587.085,203.176,790.261,469.371,0.52,469.891,469.891,0.0,0.0,0.0,0.0,0.0,320.37,0.0,0.0,0.0,200.0,0.2,0.998,192.222,21.358,0.0,0.0,116.948,116.948,1.0,1.0,0.595,minimize_generator,full_grid,False,5000.0,0.0,5000,inf
2023-12-21,571.885,260.655,832.54,363.496,59.52,423.016,423.016,0.0,0.0,0.0,0.0,0.0,409.524,0.0,0.0,0.0,200.0,0.2,0.998,225.905,24.0,0.0,0.0,137.441,137.441,1.0,1.0,0.508,minimize_generator,full_grid,False,5000.0,0.0,5000,inf
2023-12-22,570.745,348.569,919.314,525.649,412.36,938.009,919.314,18.695,18.695,0.0,0.0,0.0,0.0,0.0,0.0,0.0,217.76,0.218,0.998,0.0,0.0,0.0,0.0,0.0,0.0,1.0,1.0,1.0,minimize_generator,full_grid,False,5000.0,0.0,5000,inf
2023-12-23,583.355,319.276,902.631,518.54,319.52,838.06,838.06,0.0,42.301,16.872,0.0,0.0,47.699,42.301,0.0,0.0,240.186,0.24,0.831,54.0,6.0,0.0,0.0,32.854,32.854,1.0,1.0,0.947,minimize_generator,full_grid,False,5000.0,0.0,5000,inf
2023-12-24,570.905,36.858,607.763,513.289,215.8,729.089,607.763,121.326,121.326,0.0,0.0,0.0,0.0,0.0,0.0,0.0,355.446,0.355,0.886,0.0,0.0,0.0,0.0,0.0,0.0,1.0,1.0,1.0,minimize_generator,full_grid,False,5000.0,0.0,5000,inf
2023-12-25,571.885,27.397,599.282,552.119,72.84,624.959,599.282,25.677,25.677,0.0,0.0,0.0,0.0,0.0,0.0,0.0,379.839,0.38,0.893,0.0,0.0,0.0,0.0,0.0,0.0,1.0,1.0,1.0,minimize_generator,full_grid,False,5000.0,0.0,5000,inf
2023-12-26,572.045,26.607,598.652,547.203,99.68,646.883,598.652,48.231,48.231,0.0,0.0,0.0,0.0,0.0,0.0,0.0,425.659,0.426,0.905,0.0,0.0,0.0,0.0,0.0,0.0,1.0,1.0,1.0,minimize_generator,full_grid,False,5000.0,0.0,5000,inf
2023-12-27,572.205,24.049,596.254,477.443,309.8,787.243,596.254,190.989,190.989,0.0,0.0,0.0,0.0,0.0,0.0,0.0,607.098,0.607,0.933,0.0,0.0,0.0,0.0,0.0,0.0,1.0,1.0,1.0,minimize_generator,full_grid,False,5000.0,0.0,5000,inf
2023-12-28,582.41,22.723,605.133,448.414,243.36,691.774,605.133,86.641,86.641,0.0,0.0,0.0,0.0,0.0,0.0,0.0,689.407,0.689,0.941,0.0,0.0,0.0,0.0,0.0,0.0,1.0,1.0,1.0,minimize_generator,full_grid,False,5000.0,0.0,5000,inf
2023-12-29,571.505,22.226,593.731,490.375,76.24,566.615,566.615,0.0,0.0,27.116,0.0,0.0,0.0,0.0,0.0,0.0,660.864,0.661,0.941,0.0,0.0,0.0,0.0,0.0,0.0,1.0,1.0,0.997,minimize_generator,full_grid,False,5000.0,0.0,5000,inf
2023-12-30,571.935,25.669,597.604,546.278,29.56,575.838,575.838,0.0,0.0,21.766,0.0,0.0,0.0,0.0,0.0,0.0,637.953,0.638,0.941,0.0,0.0,0.0,0.0,0.0,0.0,1.0,1.0,0.998,minimize_generator,full_grid,False,5000.0,0.0,5000,inf
2023-12-31,572.155,25.716,597.871,543.911,74.2,618.111,597.871,20.24,20.24,0.0,0.0,0.0,0.0,0.0,0.0,0.0,657.18,0.657,0.943,0.0,0.0,0.0,0.0,0.0,0.0,1.0,1.0,1.0,minimize_generator,full_grid,False,5000.0,0.0,5000,inf
2024-01-01,571.555,25.63,597.185,558.753,75.52,634.273,597.185,37.088,37.088,0.0,0.0,0.0,0.0,0.0,0.0,0.0,692.414,0.692,0.946,0.0,0.0,0.0,0.0,0.0,0.0,1.0,1.0,1.0,minimize_generator,full_grid,False,0.0,0.0,5000,inf
2024-01-02,571.445,24.849,596.294,540.95,354.52,895.47,596.294,299.176,113.249,0.0,0.0,185.927,0.0,0.0,0.0,0.0,800.0,0.8,0.953,0.0,0.0,0.0,0.0,0.0,0.0,1.0,0.792,1.0,minimize_generator,full_grid,False,0.0,185.927,5000,inf
2024-01-03,571.825,24.74,596.565,558.92,61.32,620.24,596.565,23.675,0.0,0.0,0.0,23.675,0.0,0.0,0.0,0.0,800.0,0.8,0.953,0.0,0.0,0.0,0.0,0.0,0.0,1.0,0.962,1.0,minimize_generator,full_grid,False,0.0,209.602,5000,inf
2024-01-04,572.255,24.141,596.396,560.676,98.88,659.556,596.396,63.16,0.0,0.0,0.0,63.16,0.0,0.0,0.0,0.0,800.0,0.8,0.953,0.0,0.0,0.0,0.0,0.0,0.0,1.0,0.904,1.0,minimize_generator,full_grid,False,0.0,272.762,5000,inf
2024-01-05,571.715,21.805,593.52,572.473,230.08,802.553,593.52,209.033,0.0,0.0,0.0,209.033,0.0,0.0,0.0,0.0,800.0,0.8,0.953,0.0,0.0,0.0,0.0,0.0,0.0,1.0,0.74,1.0,minimize_generator,full_grid,False,0.0,481.794,5000,inf
2024-01-06,571.775,22.647,594.422,568.85,22.2,591.05,591.05,0.0,0.0,3.372,0.0,0.0,0.0,0.0,0.0,0.0,796.45,0.796,0.953,0.0,0.0,0.0,0.0,0.0,0.0,1.0,1.0,1.0,minimize_generator,full_grid,False,0.0,481.794,5000,inf
2024-01-07,569.775,25.17,594.945,556.788,10.2,566.988,566.988,0.0,0.0,27.957,0.0,0.0,0.0,0.0,0.0,0.0,767.022,0.767,0.953,0.0,0.0,0.0,0.0,0.0,0.0,1.0,1.0,0.998,minimize_generator,full_grid,False,0.0,481.794,5000,inf
2024-01-08,571.345,27.11,598.455,557.398,9.16,566.558,566.558,0.0,0.0,31.897,0.0,0.0,0.0,0.0,0.0,0.0,733.446,0.733,0.953,0.0,0.0,0.0,0.0,0.0,0.0,1.0,1.0,0.997,minimize_generator,full_grid,False,0.0,481.794,5000,inf
2024-01-09,571.775,26.681,598.456,462.301,199.68,661.981,598.456,63.525,63.525,0.0,0.0,0.0,0.0,0.0,0.0,0.0,793.795,0.794,0.957,0.0,0.0,0.0,0.0,0.0,0.0,1.0,1.0,1.0,minimize_generator,full_grid,False,0.0,481.794,5000,inf
2024-01-10,572.045,18.87,590.915,590.568,418.0,1008.568,590.915,417.653,6.532,0.0,0.0,411.121,0.0,0.0,0.0,0.0,800.0,0.8,0.957,0.0,0.0,0.0,0.0,0.0,0.0,1.0,0.592,1.0,minimize_generator,full_grid,False,0.0,892.916,5000,inf
2024-01-11,570.475,9.31,579.785,591.129,370.76,961.889,579.785,382.104,0.0,0.0,0.0,382.104,0.0,0.0,0.0,0.0,800.0,0.8,0.957,0.0,0.0,0.0,0.0,0.0,0.0,1.0,0.603,1.0,minimize_generator,full_grid,False,0.0,1275.02,5000,inf
2024-01-12,570.535,8.717,579.252,593.594,252.8,846.394,579.252,267.142,0.0,0.0,0.0,267.142,0.0,0.0,0.0,0.0,800.0,0.8,0.957,0.0,0.0,0.0,0.0,0.0,0.0,1.0,0.684,1.0,minimize_generator,full_grid,False,0.0,1542.163,5000,inf
2024-01-13,570.585,5.632,576.217,585.536,124.12,709.656,576.217,133.439,0.0,0.0,0.0,133.439,0.0,0.0,0.0,0.0,800.0,0.8,0.957,0.0,0.0,0.0,0.0,0.0,0.0,1.0,0.812,1.0,minimize_generator,full_grid,False,0.0,1675.602,5000,inf
2024-01-14,571.825,5.934,577.759,595.69,289.04,884.73,577.759,306.971,0.0,0.0,0.0,306.971,0.0,0.0,0.0,0.0,800.0,0.8,0.957,0.0,0.0,0.0,0.0,0.0,0.0,1.0,0.653,1.0,minimize_generator,full_grid,False,0.0,1982.573,5000,inf
2024-01-15,572.365,9.008,581.373,611.699,178.96,790.659,581.373,209.286,0.0,0.0,0.0,209.286,0.0,0.0,0.0,0.0,800.0,0.8,0.957,0.0,0.0,0.0,0.0,0.0,0.0,1.0,0.735,1.0,minimize_generator,full_grid,False,0.0,2191.86,5000,inf
2024-01-16,570.805,8.673,579.478,617.221,194.92,812.141,579.478,232.663,0.0,0.0,0.0,232.663,0.0,0.0,0.0,0.0,800.0,0.8,0.957,0.0,0.0,0.0,0.0,0.0,0.0,1.0,0.714,1.0,minimize_generator,full_grid,False,0.0,2424.522,5000,inf
2024-01-17,572.205,10.389,582.594,588.217,277.08,865.297,582.594,282.703,0.0,0.0,0.0,282.703,0.0,0.0,0.0,0.0,800.0,0.8,0.957,0.0,0.0,0.0,0.0,0.0,0.0,1.0,0.673,1.0,minimize_generator,full_grid,False,0.0,2707.225,5000,inf
2024-01-18,571.345,9.553,580.898,608.046,74.84,682.886,580.898,101.988,0.0,0.0,0.0,101.988,0.0,0.0,0.0,0.0,800.0,0.8,0.957,0.0,0.0,0.0,0.0,0.0,0.0,1.0,0.851,1.0,minimize_generator,full_grid,False,0.0,2809.213,5000,inf
2024-01-19,571.125,8.963,580.088,608.779,64.4,673.179,580.088,93.091,0.0,0.0,0.0,93.091,0.0,0.0,0.0,0.0,800.0,0.8,0.957,0.0,0.0,0.0,0.0,0.0,0.0,1.0,0.862,1.0,minimize_generator,full_grid,False,0.0,2902.304,5000,inf
2024-01-20,571.015,10.675,581.69,623.205,98.88,722.085,581.69,140.395,0.0,0.0,0.0,140.395,0.0,0.0,0.0,0.0,800.0,0.8,0.957,0.0,0.0,0.0,0.0,0.0,0.0,1.0,0.806,1.0,minimize_generator,full_grid,False,0.0,3042.699,5000,inf
2024-01-21,572.045,6.779,578.824,509.147,0.96,510.107,510.107,0.0,0.0,68.717,0.0,0.0,0.0,0.0,0.0,0.0,727.666,0.728,0.957,0.0,0.0,0.0,0.0,0.0,0.0,1.0,1.0,0.995,minimize_generator,full_grid,False,0.0,3042.699,5000,inf
2024-01-22,571.615,10.427,582.042,613.731,83.96,697.691,582.042,115.649,76.141,0.0,0.0,39.508,0.0,0.0,0.0,0.0,800.0,0.8,0.961,0.0,0.0,0.0,0.0,0.0,0.0,1.0,0.943,1.0,minimize_generator,full_grid,False,0.0,3082.207,5000,inf
2024-01-23,584.835,9.262,594.097,443.408,424.24,867.648,594.097,273.551,0.0,0.0,0.0,273.551,0.0,0.0,0.0,0.0,800.0,0.8,0.961,0.0,0.0,0.0,0.0,0.0,0.0,1.0,0.685,1.0,minimize_generator,full_grid,False,0.0,3355.758,5000,inf
2024-01-24,570.365,9.31,579.675,572.029,328.24,900.269,579.675,320.594,0.0,0.0,0.0,320.594,0.0,0.0,0.0,0.0,800.0,0.8,0.961,0.0,0.0,0.0,0.0,0.0,0.0,1.0,0.644,1.0,minimize_generator,full_grid,False,0.0,3676.351,5000,inf
2024-01-25,571.885,10.254,582.139,624.7,375.52,1000.22,582.139,418.081,0.0,0.0,0.0,418.081,0.0,0.0,0.0,0.0,800.0,0.8,0.961,0.0,0.0,0.0,0.0,0.0,0.0,1.0,0.582,1.0,minimize_generator,full_grid,False,0.0,4094.432,5000,inf
2024-01-26,570.745,9.807,580.552,633.943,420.8,1054.743,580.552,474.191,0.0,0.0,0.0,474.191,0.0,0.0,0.0,0.0,800.0,0.8,0.961,0.0,0.0,0.0,0.0,0.0,0.0,1.0,0.55,1.0,minimize_generator,full_grid,False,0.0,4568.623,5000,inf
2024-01-27,570.425,9.434,579.859,619.59,397.04,1016.63,579.859,436.771,0.0,0.0,0.0,436.771,0.0,0.0,0.0,0.0,800.0,0.8,0.961,0.0,0.0,0.0,0.0,0.0,0.0,1.0,0.57,1.0,minimize_generator,full_grid,False,0.0,5005.394,5000,inf
2024-01-28,571.345,8.44,579.785,625.75,208.2,833.95,579.785,254.165,0.0,0.0,0.0,254.165,0.0,0.0,0.0,0.0,800.0,0.8,0.961,0.0,0.0,0.0,0.0,0.0,0.0,1.0,0.695,1.0,minimize_generator,full_grid,False,0.0,5259.558,5000,inf
2024-01-29,571.555,9.262,580.817,654.939,321.28,976.219,580.817,395.402,0.0,0.0,0.0,395.402,0.0,0.0,0.0,0.0,800.0,0.8,0.961,0.0,0.0,0.0,0.0,0.0,0.0,1.0,0.595,1.0,minimize_generator,full_grid,False,0.0,5654.96,5000,inf
2024-01-30,587.83,9.481,597.311,668.205,422.16,1090.365,597.311,493.054,0.0,0.0,0.0,493.054,0.0,0.0,0.0,0.0,800.0,0.8,0.961,0.0,0.0,0.0,0.0,0.0,0.0,1.0,0.548,1.0,minimize_generator,full_grid,False,0.0,6148.014,5000,inf
2024-01-31,571.235,8.64,579.875,625.053,302.64,927.693,579.875,347.818,0.0,0.0,0.0,347.818,0.0,0.0,0.0,0.0,800.0,0.8,0.961,0.0,0.0,0.0,0.0,0.0,0.0,1.0,0.625,1.0,minimize_generator,full_grid,False,0.0,6495.831,5000,inf
2024-02-01,570.265,8.434,578.699,640.122,347.04,987.162,578.699,408.463,0.0,0.0,0.0,408.463,0.0,0.0,0.0,0.0,800.0,0.8,0.961,0.0,0.0,0.0,0.0,0.0,0.0,1.0,0.586,1.0,minimize_generator,full_grid,False,0.0,408.463,5000,inf
2024-02-02,571.775,8.806,580.581,556.137,297.2,853.337,580.581,272.756,0.0,0.0,0.0,272.756,0.0,0.0,0.0,0.0,800.0,0.8,0.961,0.0,0.0,0.0,0.0,0.0,0.0,1.0,0.68,1.0,minimize_generator,full_grid,False,0.0,681.219,5000,inf
2024-02-03,569.775,9.073,578.848,673.481,124.96,798.441,578.848,219.593,0.0,0.0,0.0,219.593,0.0,0.0,0.0,0.0,800.0,0.8,0.961,0.0,0.0,0.0,0.0,0.0,0.0,1.0,0.725,1.0,minimize_generator,full_grid,False,0.0,900.812,5000,inf
2024-02-04,571.445,10.339,581.784,696.835,279.84,976.675,581.784,394.891,0.0,0.0,0.0,394.891,0.0,0.0,0.0,0.0,800.0,0.8,0.961,0.0,0.0,0.0,0.0,0.0,0.0,1.0,0.596,1.0,minimize_generator,full_grid,False,0.0,1295.703,5000,inf
2024-02-05,571.615,10.994,582.609,717.688,330.0,1047.688,582.609,465.079,0.0,0.0,0.0,465.079,0.0,0.0,0.0,0.0,800.0,0.8,0.961,0.0,0.0,0.0,0.0,0.0,0.0,1.0,0.556,1.0,minimize_generator,full_grid,False,0.0,1760.781,5000,inf
2024-02-06,580.545,11.01,591.555,717.552,216.76,934.312,591.555,342.757,0.0,0.0,0.0,342.757,0.0,0.0,0.0,0.0,800.0,0.8,0.961,0.0,0.0,0.0,0.0,0.0,0.0,1.0,0.633,1.0,minimize_generator,full_grid,False,0.0,2103.539,5000,inf
2024-02-07,581.29,10.731,592.021,728.015,62.56,790.575,592.021,198.554,0.0,0.0,0.0,198.554,0.0,0.0,0.0,0.0,800.0,0.8,0.961,0.0,0.0,0.0,0.0,0.0,0.0,1.0,0.749,1.0,minimize_generator,full_grid,False,0.0,2302.093,5000,inf
2024-02-08,571.125,10.599,581.724,724.52,48.72,773.24,581.724,191.516,0.0,0.0,0.0,191.516,0.0,0.0,0.0,0.0,800.0,0.8,0.961,0.0,0.0,0.0,0.0,0.0,0.0,1.0,0.752,1.0,minimize_generator,full_grid,False,0.0,2493.609,5000,inf
2024-02-09,571.555,12.78,584.335,725.947,322.16,1048.107,584.335,463.772,0.0,0.0,0.0,463.772,0.0,0.0,0.0,0.0,800.0,0.8,0.961,0.0,0.0,0.0,0.0,0.0,0.0,1.0,0.558,1.0,minimize_generator,full_grid,False,0.0,2957.381,5000,inf
2024-02-10,570.905,13.965,584.87,735.312,341.12,1076.432,584.87,491.562,0.0,0.0,0.0,491.562,0.0,0.0,0.0,0.0,800.0,0.8,0.961,0.0,0.0,0.0,0.0,0.0,0.0,1.0,0.543,1.0,minimize_generator,full_grid,False,0.0,3448.943,5000,inf
2024-02-11,570.585,9.851,580.436,754.057,8.96,763.017,580.436,182.581,0.0,0.0,0.0,182.581,0.0,0.0,0.0,0.0,800.0,0.8,0.961,0.0,0.0,0.0,0.0,0.0,0.0,1.0,0.761,1.0,minimize_generator,full_grid,False,0.0,3631.523,5000,inf
2024-02-12,572.155,10.815,582.97,643.384,172.44,815.824,582.97,232.854,0.0,0.0,0.0,232.854,0.0,0.0,0.0,0.0,800.0,0.8,0.961,0.0,0.0,0.0,0.0,0.0,0.0,1.0,0.715,1.0,minimize_generator,full_grid,False,0.0,3864.377,5000,inf
2024-02-13,570.535,11.919,582.454,688.178,123.28,811.458,582.454,229.004,0.0,0.0,0.0,229.004,0.0,0.0,0.0,0.0,800.0,0.8,0.961,0.0,0.0,0.0,0.0,0.0,0.0,1.0,0.718,1.0,minimize_generator,full_grid,False,0.0,4093.381,5000,inf
2024-02-14,571.505,10.738,582.243,621.626,216.76,838.386,582.243,256.143,0.0,0.0,0.0,256.143,0.0,0.0,0.0,0.0,800.0,0.8,0.961,0.0,0.0,0.0,0.0,0.0,0.0,1.0,0.694,1.0,minimize_generator,full_grid,False,0.0,4349.524,5000,inf
2024-02-15,570.905,393.726,964.631,512.367,180.8,693.167,693.167,0.0,0.0,271.464,0.0,0.0,0.0,0.0,0.0,0.0,514.249,0.514,0.961,0.0,0.0,0.0,0.0,0.0,0.0,1.0,1.0,0.989,minimize_generator,full_grid,False,0.0,4349.524,5000,inf
2024-02-16,581.105,415.657,996.762,672.933,244.28,917.213,917.213,0.0,0.0,79.549,0.0,0.0,0.0,0.0,0.0,0.0,430.513,0.431,0.961,0.0,0.0,0.0,0.0,0.0,0.0,1.0,1.0,0.997,minimize_generator,full_grid,False,0.0,4349.524,5000,inf
2024-02-17,585.965,446.261,1032.226,745.134,249.0,994.134,994.134,0.0,0.0,38.092,0.0,0.0,0.0,0.0,0.0,0.0,390.416,0.39,0.961,0.0,0.0,0.0,0.0,0.0,0.0,1.0,1.0,0.999,minimize_generator,full_grid,False,0.0,4349.524,5000,inf
2024-02-18,570.695,443.776,1014.471,771.787,162.28,934.067,934.067,0.0,0.0,80.404,0.0,0.0,0.0,0.0,0.0,0.0,305.78,0.306,0.961,0.0,0.0,0.0,0.0,0.0,0.0,1.0,1.0,0.997,minimize_generator,full_grid,False,0.0,4349.524,5000,inf
2024-02-19,570.155,481.507,1051.662,786.852,397.76,1184.612,1051.662,132.95,132.95,0.0,0.0,0.0,0.0,0.0,0.0,0.0,432.083,0.432,0.972,0.0,0.0,0.0,0.0,0.0,0.0,1.0,1.0,1.0,minimize_generator,full_grid,False,0.0,4349.524,5000,inf
2024-02-20,572.095,439.594,1011.689,768.398,155.88,924.278,924.278,0.0,0.0,87.411,0.0,0.0,0.0,0.0,0.0,0.0,340.072,0.34,0.972,0.0,0.0,0.0,0.0,0.0,0.0,1.0,1.0,0.998,minimize_generator,full_grid,False,0.0,4349.524,5000,inf
2024-02-21,572.315,481.184,1053.499,771.251,165.96,937.211,937.211,0.0,0.0,116.288,0.0,0.0,0.0,0.0,0.0,0.0,217.663,0.218,0.972,0.0,0.0,0.0,0.0,0.0,0.0,1.0,1.0,0.997,minimize_generator,full_grid,False,0.0,4349.524,5000,inf
2024-02-22,580.93,503.471,1084.401,703.265,287.2,990.465,990.465,0.0,0.0,16.78,77.156,0.0,0.0,0.0,0.0,0.0,200.0,0.2,0.972,0.0,0.0,8.11,0.0,0.0,8.11,0.929,1.0,0.928,minimize_generator,full_grid,False,77.156,4349.524,5000,inf
2024-02-23,571.935,348.211,920.146,361.766,200.6,562.366,562.366,0.0,0.0,0.0,357.78,0.0,0.0,0.0,0.0,0.0,200.0,0.2,0.972,0.0,0.0,38.097,0.0,0.0,38.097,0.611,1.0,0.611,minimize_generator,full_grid,False,434.936,4349.524,5000,inf
2024-02-24,572.255,512.971,1085.226,728.331,325.64,1053.971,1053.971,0.0,0.0,0.0,31.255,0.0,0.0,0.0,0.0,0.0,200.0,0.2,0.972,0.0,0.0,3.281,0.0,0.0,3.281,0.971,1.0,0.971,minimize_generator,full_grid,False,466.19,4349.524,5000,inf
2024-02-25,582.025,486.884,1068.909,813.367,53.12,866.487,866.487,0.0,0.0,0.0,202.422,0.0,0.0,0.0,0.0,0.0,200.0,0.2,0.972,0.0,0.0,21.306,0.0,0.0,21.306,0.811,1.0,0.811,minimize_generator,full_grid,False,668.613,4349.524,5000,inf
2024-02-26,584.835,458.737,1043.572,812.06,11.96,824.02,824.02,0.0,0.0,0.0,219.552,0.0,0.0,0.0,0.0,0.0,200.0,0.2,0.972,0.0,0.0,23.165,0.0,0.0,23.165,0.79,1.0,0.79,minimize_generator,full_grid,False,888.165,4349.524,5000,inf
2024-02-27,570.535,517.535,1088.07,788.842,440.16,1229.002,1088.07,140.932,140.932,0.0,0.0,0.0,0.0,0.0,0.0,0.0,333.886,0.334,0.983,0.0,0.0,0.0,0.0,0.0,0.0,1.0,1.0,1.0,minimize_generator,full_grid,False,888.165,4349.524,5000,inf
2024-02-28,572.315,506.491,1078.806,824.869,43.0,867.869,867.869,0.0,0.0,127.191,83.746,0.0,0.0,0.0,0.0,0.0,200.0,0.2,0.983,0.0,0.0,8.796,0.0,0.0,8.796,0.922,1.0,0.92,minimize_generator,full_grid,False,971.911,4349.524,5000,inf
2024-02-29,582.41,538.857,1121.267,840.126,77.6,917.726,917.726,0.0,0.0,0.0,203.541,0.0,0.0,0.0,0.0,0.0,200.0,0.2,0.983,0.0,0.0,21.343,0.0,0.0,21.343,0.818,1.0,0.818,minimize_generator,full_grid,False,1175.451,4349.524,5000,inf
2024-03-01,571.825,573.504,1145.329,821.132,200.6,1021.732,1021.732,0.0,0.0,0.0,123.597,0.0,0.0,0.0,0.0,0.0,200.0,0.2,0.983,0.0,0.0,12.791,0.0,0.0,12.791,0.892,1.0,0.892,minimize_generator,full_grid,False,123.597,0.0,5000,inf
2024-03-02,588.39,530.59,1118.98,730.958,154.04,884.998,884.998,0.0,0.0,0.0,233.982,0.0,0.0,0.0,0.0,0.0,200.0,0.2,0.983,0.0,0.0,24.313,0.0,0.0,24.313,0.791,1.0,0.791,minimize_generator,full_grid,False,357.578,0.0,5000,inf
2024-03-03,572.255,578.179,1150.434,858.458,442.72,1301.178,1150.434,150.744,150.744,0.0,0.0,0.0,0.0,0.0,0.0,0.0,343.207,0.343,0.99,0.0,0.0,0.0,0.0,0.0,0.0,1.0,1.0,1.0,minimize_generator,full_grid,False,357.578,0.0,5000,inf
2024-03-04,582.41,556.593,1139.003,863.733,223.4,1087.133,1087.133,0.0,0.0,51.87,0.0,0.0,0.0,0.0,0.0,0.0,288.607,0.289,0.99,0.0,0.0,0.0,0.0,0.0,0.0,1.0,1.0,1.0,minimize_generator,full_grid,False,357.578,0.0,5000,inf
2024-03-05,584.835,560.728,1145.563,871.051,127.52,998.571,998.571,0.0,0.0,84.177,62.815,0.0,0.0,0.0,0.0,0.0,200.0,0.2,0.99,0.0,0.0,6.512,0.0,0.0,6.512,0.945,1.0,0.944,minimize_generator,full_grid,False,420.393,0.0,5000,inf
2024-03-06,580.72,603.878,1184.598,873.401,318.64,1192.041,1184.598,7.443,7.443,0.0,0.0,0.0,0.0,0.0,0.0,0.0,207.071,0.207,0.991,0.0,0.0,0.0,0.0,0.0,0.0,1.0,1.0,1.0,minimize_generator,full_grid,False,420.393,0.0,5000,inf
2024-03-07,571.235,544.793,1116.028,863.755,387.2,1250.955,1116.028,134.927,134.927,0.0,0.0,0.0,0.0,0.0,0.0,0.0,335.251,0.335,0.994,0.0,0.0,0.0,0.0,0.0,0.0,1.0,1.0,1.0,minimize_generator,full_grid,False,420.393,0.0,5000,inf
2024-03-08,581.85,540.156,1122.006,869.166,181.76,1050.926,1050.926,0.0,0.0,71.08,0.0,0.0,0.0,0.0,0.0,0.0,260.43,0.26,0.994,0.0,0.0,0.0,0.0,0.0,0.0,1.0,1.0,1.0,minimize_generator,full_grid,False,420.393,0.0,5000,inf
2024-03-09,587.62,443.335,1030.955,664.644,32.44,697.084,697.084,0.0,0.0,57.409,276.462,0.0,0.0,0.0,0.0,0.0,200.0,0.2,0.994,0.0,0.0,28.92,0.0,0.0,28.92,0.732,1.0,0.732,minimize_generator,full_grid,False,696.856,0.0,5000,inf
2024-03-10,582.795,594.85,1177.645,858.855,255.6,1114.455,1114.455,0.0,0.0,0.0,63.19,0.0,0.0,0.0,0.0,0.0,200.0,0.2,0.994,0.0,0.0,6.535,0.0,0.0,6.535,0.946,1.0,0.946,minimize_generator,full_grid,False,760.045,0.0,5000,inf
2024-03-11,581.105,598.812,1179.917,924.873,68.88,993.753,993.753,0.0,0.0,0.0,186.164,0.0,0.0,0.0,0.0,0.0,200.0,0.2,0.994,0.0,0.0,19.246,0.0,0.0,19.246,0.842,1.0,0.842,minimize_generator,full_grid,False,946.21,0.0,5000,inf
2024-03-12,588.005,630.943,1218.948,900.295,49.24,949.535,949.535,0.0,0.0,0.0,269.413,0.0,0.0,0.0,0.0,0.0,200.0,0.2,0.994,0.0,0.0,27.809,0.0,0.0,27.809,0.779,1.0,0.779,minimize_generator,full_grid,False,1215.623,0.0,5000,inf
2024-03-13,583.53,640.385,1223.915,883.84,63.16,947.0,947.0,0.0,0.0,0.0,276.915,0.0,0.0,0.0,0.0,0.0,200.0,0.2,0.994,0.0,0.0,28.559,0.0,0.0,28.559,0.774,1.0,0.774,minimize_generator,full_grid,False,1492.538,0.0,5000,inf
2024-03-14,583.155,592.684,1175.839,575.423,298.12,873.543,873.543,0.0,0.0,0.0,302.296,0.0,0.0,0.0,0.0,0.0,200.0,0.2,0.994,0.0,0.0,31.268,0.0,0.0,31.268,0.743,1.0,0.743,minimize_generator,full_grid,False,1794.835,0.0,5000,inf
2024-03-15,585.965,665.37,1251.335,920.74,394.8,1315.54,1251.335,64.205,64.205,0.0,0.0,0.0,0.0,0.0,0.0,0.0,260.995,0.261,0.996,0.0,0.0,0.0,0.0,0.0,0.0,1.0,1.0,1.0,minimize_generator,full_grid,False,1794.835,0.0,5000,inf
2024-03-16,588.39,643.545,1231.935,858.248,113.28,971.528,971.528,0.0,0.0,57.945,202.462,0.0,0.0,0.0,0.0,0.0,200.0,0.2,0.996,0.0,0.0,20.883,0.0,0.0,20.883,0.836,1.0,0.835,minimize_generator,full_grid,False,1997.297,0.0,5000,inf
2024-03-17,661.54,545.853,1207.393,617.868,32.44,650.308,650.308,0.0,0.0,0.0,557.085,0.0,0.0,0.0,0.0,0.0,200.0,0.2,0.996,0.0,0.0,58.08,0.0,0.0,58.08,0.539,1.0,0.539,minimize_generator,full_grid,False,2554.382,0.0,5000,inf
2024-03-18,589.31,561.204,1150.514,603.541,472.44,1075.981,1075.981,0.0,0.0,0.0,74.533,0.0,0.0,0.0,0.0,0.0,200.0,0.2,0.996,0.0,0.0,7.729,0.0,0.0,7.729,0.935,1.0,0.935,minimize_generator,full_grid,False,2628.915,0.0,5000,inf
2024-03-19,657.61,631.615,1289.225,900.178,373.96,1274.138,1274.138,0.0,0.0,0.0,15.087,0.0,0.0,0.0,0.0,0.0,200.0,0.2,0.996,0.0,0.0,1.564,0.0,0.0,1.564,0.988,1.0,0.988,minimize_generator,full_grid,False,2644.003,0.0,5000,inf
2024-03-20,584.835,676.086,1260.921,963.113,61.92,1025.033,1025.033,0.0,0.0,0.0,235.888,0.0,0.0,0.0,0.0,0.0,200.0,0.2,0.996,0.0,0.0,24.279,0.0,0.0,24.279,0.813,1.0,0.813,minimize_generator,full_grid,False,2879.89,0.0,5000,inf
2024-03-21,583.155,731.904,1315.059,947.649,144.16,1091.809,1091.809,0.0,0.0,0.0,223.25,0.0,0.0,0.0,0.0,0.0,200.0,0.2,0.996,0.0,0.0,22.907,0.0,0.0,22.907,0.83,1.0,0.83,minimize_generator,full_grid,False,3103.14,0.0,5000,inf
2024-03-22,587.62,679.846,1267.466,1000.004,485.16,1485.164,1267.466,217.698,217.698,0.0,0.0,0.0,0.0,0.0,0.0,0.0,406.813,0.407,0.998,0.0,0.0,0.0,0.0,0.0,0.0,1.0,1.0,1.0,minimize_generator,full_grid,False,3103.14,0.0,5000,inf
2024-03-23,588.005,666.766,1254.771,975.289,196.84,1172.129,1172.129,0.0,0.0,82.642,0.0,0.0,0.0,0.0,0.0,0.0,319.822,0.32,0.998,0.0,0.0,0.0,0.0,0.0,0.0,1.0,1.0,1.0,minimize_generator,full_grid,False,3103.14,0.0,5000,inf
2024-03-24,583.89,594.827,1178.717,614.895,449.64,1064.535,1064.535,0.0,0.0,113.831,0.351,0.0,0.0,0.0,0.0,0.0,200.0,0.2,0.998,0.0,0.0,0.036,0.0,0.0,0.036,1.0,1.0,0.999,minimize_generator,full_grid,False,3103.492,0.0,5000,inf
2024-03-25,587.62,667.562,1255.182,985.913,260.32,1246.233,1246.233,0.0,0.0,0.0,8.949,0.0,0.0,0.0,0.0,0.0,200.0,0.2,0.998,0.0,0.0,0.922,0.0,0.0,0.922,0.993,1.0,0.993,minimize_generator,full_grid,False,3112.441,0.0,5000,inf
2024-03-26,656.865,769.553,1426.418,967.167,83.24,1050.407,1050.407,0.0,0.0,0.0,376.011,0.0,0.0,0.0,0.0,0.0,200.0,0.2,0.998,0.0,0.0,38.683,0.0,0.0,38.683,0.736,1.0,0.736,minimize_generator,full_grid,False,3488.452,0.0,5000,inf
2024-03-27,656.865,772.035,1428.9,909.058,13.4,922.458,922.458,0.0,0.0,0.0,506.442,0.0,0.0,0.0,0.0,0.0,200.0,0.2,0.998,0.0,0.0,52.094,0.0,0.0,52.094,0.646,1.0,0.646,minimize_generator,full_grid,False,3994.894,0.0,5000,inf
2024-03-28,657.81,754.345,1412.155,808.387,16.32,824.707,824.707,0.0,0.0,0.0,587.448,0.0,0.0,0.0,0.0,0.0,200.0,0.2,0.998,0.0,0.0,60.484,0.0,0.0,60.484,0.584,1.0,0.584,minimize_generator,full_grid,False,4582.342,0.0,5000,inf
2024-03-29,657.25,808.967,1466.217,650.382,363.52,1013.902,1013.902,0.0,55.342,0.0,417.658,0.0,34.658,55.342,0.0,0.0,252.575,0.253,0.79,54.0,6.0,42.886,0.0,37.255,80.141,0.715,1.0,0.692,minimize_generator,full_grid,False,5000.0,0.0,5000,inf
2024-03-30,587.83,849.598,1437.428,876.788,37.28,914.068,914.068,0.0,0.0,49.946,0.0,0.0,473.414,0.0,0.0,0.0,200.0,0.2,0.79,238.683,24.0,0.0,0.0,164.667,164.667,1.0,1.0,0.663,minimize_generator,full_grid,False,5000.0,0.0,5000,inf
2024-03-31,588.18,969.66,1557.84,947.748,106.0,1053.748,1053.748,0.0,0.0,0.0,0.0,0.0,504.092,0.0,0.0,0.0,200.0,0.2,0.79,244.818,24.0,0.0,0.0,168.9,168.9,1.0,1.0,0.676,minimize_generator,full_grid,False,5000.0,0.0,5000,inf
2024-04-01,585.965,962.717,1548.682,885.929,82.52,968.449,968.449,0.0,0.0,0.0,580.233,0.0,0.0,0.0,0.0,0.0,200.0,0.2,0.79,0.0,0.0,61.588,0.0,0.0,61.588,0.625,1.0,0.625,minimize_generator,full_grid,False,580.233,0.0,5000,inf
2024-04-02,664.55,938.739,1603.289,847.82,49.24,897.06,897.06,0.0,0.0,0.0,706.229,0.0,0.0,0.0,0.0,0.0,200.0,0.2,0.79,0.0,0.0,75.382,0.0,0.0,75.382,0.56,1.0,0.56,minimize_generator,full_grid,False,1286.462,0.0,5000,inf
2024-04-03,657.81,949.104,1606.914,934.291,17.76,952.051,952.051,0.0,0.0,0.0,654.863,0.0,0.0,0.0,0.0,0.0,200.0,0.2,0.79,0.0,0.0,69.844,0.0,0.0,69.844,0.592,1.0,0.592,minimize_generator,full_grid,False,1941.325,0.0,5000,inf
2024-04-04,657.25,966.482,1623.732,937.265,11.28,948.545,948.545,0.0,0.0,0.0,675.187,0.0,0.0,0.0,0.0,0.0,200.0,0.2,0.79,0.0,0.0,71.961,0.0,0.0,71.961,0.584,1.0,0.584,minimize_generator,full_grid,False,2616.512,0.0,5000,inf
2024-04-05,588.18,1066.782,1654.962,966.866,165.04,1131.906,1131.906,0.0,0.0,0.0,523.056,0.0,0.0,0.0,0.0,0.0,200.0,0.2,0.79,0.0,0.0,55.321,0.0,0.0,55.321,0.684,1.0,0.684,minimize_generator,full_grid,False,3139.568,0.0,5000,inf
2024-04-06,733.18,1018.949,1752.129,1003.715,497.32,1501.035,1501.035,0.0,0.0,0.0,251.094,0.0,0.0,0.0,0.0,0.0,200.0,0.2,0.79,0.0,0.0,26.818,0.0,0.0,26.818,0.857,1.0,0.857,minimize_generator,full_grid,False,3390.661,0.0,5000,inf
2024-04-07,588.18,995.578,1583.758,1022.454,430.32,1452.774,1452.774,0.0,0.0,0.0,130.984,0.0,0.0,0.0,0.0,0.0,200.0,0.2,0.79,0.0,0.0,13.888,0.0,0.0,13.888,0.917,1.0,0.917,minimize_generator,full_grid,False,3521.646,0.0,5000,inf
2024-04-08,657.81,961.997,1619.807,1005.896,152.24,1158.136,1158.136,0.0,0.0,0.0,461.671,0.0,0.0,0.0,0.0,0.0,200.0,0.2,0.79,0.0,0.0,49.214,0.0,0.0,49.214,0.715,1.0,0.715,minimize_generator,full_grid,False,3983.317,0.0,5000,inf
2024-04-09,661.165,942.056,1603.221,925.585,222.48,1148.065,1148.065,0.0,0.0,0.0,455.156,0.0,0.0,0.0,0.0,0.0,200.0,0.2,0.79,0.0,0.0,48.567,0.0,0.0,48.567,0.716,1.0,0.716,minimize_generator,full_grid,False,4438.473,0.0,5000,inf
2024-04-10,662.685,890.726,1553.411,1021.238,279.84,1301.078,1301.078,0.0,0.0,0.0,252.333,0.0,0.0,0.0,0.0,0.0,200.0,0.2,0.79,0.0,0.0,26.984,0.0,0.0,26.984,0.838,1.0,0.838,minimize_generator,full_grid,False,4690.806,0.0,5000,inf
2024-04-11,664.375,909.184,1573.559,1034.337,107.6,1141.937,1141.937,0.0,0.0,0.0,309.194,0.0,122.428,0.0,0.0,0.0,200.0,0.2,0.79,73.457,8.162,33.043,0.0,49.767,82.81,0.804,1.0,0.726,minimize_generator,full_grid,False,5000.0,0.0,5000,inf
2024-04-12,730.755,913.671,1644.426,991.063,285.36,1276.423,1276.423,0.0,0.0,0.0,0.0,0.0,368.003,0.0,0.0,0.0,200.0,0.2,0.79,217.601,24.0,0.0,0.0,147.424,147.424,1.0,1.0,0.776,minimize_generator,full_grid,False,5000.0,0.0,5000,inf
2024-04-13,663.245,1000.238,1663.483,1030.118,353.68,1383.798,1383.798,0.0,0.0,0.0,0.0,0.0,279.685,0.0,0.0,0.0,200.0,0.2,0.79,167.811,18.646,0.0,0.0,113.692,113.692,1.0,1.0,0.832,minimize_generator,full_grid,False,5000.0,0.0,5000,inf
2024-04-14,657.435,1006.46,1663.895,1017.07,377.88,1394.95,1394.95,0.0,0.0,0.0,0.0,0.0,268.945,0.0,0.0,0.0,200.0,0.2,0.79,161.367,17.93,0.0,0.0,109.326,109.326,1.0,1.0,0.838,minimize_generator,full_grid,False,5000.0,0.0,5000,inf
2024-04-15,660.595,842.094,1502.689,1019.355,350.36,1369.715,1369.715,0.0,0.0,0.0,0.0,0.0,132.974,0.0,0.0,0.0,200.0,0.2,0.79,79.785,8.865,0.0,0.0,54.054,54.054,1.0,1.0,0.912,minimize_generator,full_grid,False,5000.0,0.0,5000,inf
2024-04-16,663.43,647.317,1310.747,1019.972,19.28,1039.252,1039.252,0.0,0.0,0.0,0.0,0.0,271.495,0.0,0.0,0.0,200.0,0.2,0.79,162.897,18.1,0.0,0.0,110.363,110.363,1.0,1.0,0.793,minimize_generator,full_grid,False,5000.0,0.0,5000,inf
2024-04-17,733.355,689.106,1422.461,1014.302,49.8,1064.102,1064.102,0.0,0.0,0.0,0.0,0.0,358.359,0.0,0.0,0.0,200.0,0.2,0.79,215.015,23.891,0.0,0.0,145.673,145.673,1.0,1.0,0.748,minimize_generator,full_grid,False,5000.0,0.0,5000,inf
2024-04-18,657.435,576.172,1233.607,925.19,68.24,993.43,993.43,0.0,0.0,0.0,0.0,0.0,240.177,0.0,0.0,0.0,200.0,0.2,0.79,144.106,16.012,0.0,0.0,97.632,97.632,1.0,1.0,0.805,minimize_generator,full_grid,False,5000.0,0.0,5000,inf
2024-04-19,730.755,692.157,1422.912,1001.331,374.72,1376.051,1376.051,0.0,43.139,0.0,0.0,0.0,46.861,43.139,0.0,0.0,240.982,0.241,0.656,54.0,6.0,0.0,0.0,36.585,36.585,1.0,1.0,0.967,minimize_generator,full_grid,False,5000.0,0.0,5000,inf
2024-04-20,664.375,643.416,1307.791,1039.625,290.84,1330.465,1307.791,22.674,22.674,0.0,0.0,0.0,0.0,0.0,0.0,0.0,262.522,0.263,0.684,0.0,0.0,0.0,0.0,0.0,0.0,1.0,1.0,1.0,minimize_generator,full_grid,False,5000.0,0.0,5000,inf
2024-04-21,730.01,534.973,1264.983,1047.757,308.0,1355.757,1264.983,90.774,90.774,0.0,0.0,0.0,0.0,0.0,0.0,0.0,348.758,0.349,0.762,0.0,0.0,0.0,0.0,0.0,0.0,1.0,1.0,1.0,minimize_generator,full_grid,False,5000.0,0.0,5000,inf
2024-04-22,663.805,436.807,1100.612,1029.521,24.64,1054.161,1054.161,0.0,0.0,46.451,0.0,0.0,0.0,0.0,0.0,0.0,299.862,0.3,0.762,0.0,0.0,0.0,0.0,0.0,0.0,1.0,1.0,0.99,minimize_generator,full_grid,False,5000.0,0.0,5000,inf
2024-04-23,660.98,350.561,1011.541,989.181,56.56,1045.741,1011.541,34.2,34.2,0.0,0.0,0.0,0.0,0.0,0.0,0.0,332.352,0.332,0.785,0.0,0.0,0.0,0.0,0.0,0.0,1.0,1.0,1.0,minimize_generator,full_grid,False,5000.0,0.0,5000,inf
2024-04-24,730.755,276.896,1007.651,1041.833,39.12,1080.953,1007.651,73.302,73.302,0.0,0.0,0.0,0.0,0.0,0.0,0.0,401.989,0.402,0.823,0.0,0.0,0.0,0.0,0.0,0.0,1.0,1.0,1.0,minimize_generator,full_grid,False,5000.0,0.0,5000,inf
2024-04-25,730.755,210.248,941.003,978.015,74.2,1052.215,941.003,111.212,111.212,0.0,0.0,0.0,0.0,0.0,0.0,0.0,507.64,0.508,0.859,0.0,0.0,0.0,0.0,0.0,0.0,1.0,1.0,1.0,minimize_generator,full_grid,False,5000.0,0.0,5000,inf
2024-04-26,732.235,152.868,885.103,918.769,300.84,1219.609,885.103,334.506,307.747,0.0,0.0,26.758,0.0,0.0,0.0,0.0,800.0,0.8,0.911,0.0,0.0,0.0,0.0,0.0,0.0,1.0,0.978,1.0,minimize_generator,full_grid,False,5000.0,26.758,5000,inf
2024-04-27,665.855,105.77,771.625,843.127,400.76,1243.887,771.625,472.262,0.0,0.0,0.0,472.262,0.0,0.0,0.0,0.0,800.0,0.8,0.911,0.0,0.0,0.0,0.0,0.0,0.0,1.0,0.62,1.0,minimize_generator,full_grid,False,5000.0,499.02,5000,inf
2024-04-28,663.99,81.041,745.031,1034.917,390.24,1425.157,745.031,680.126,0.0,0.0,0.0,680.126,0.0,0.0,0.0,0.0,800.0,0.8,0.911,0.0,0.0,0.0,0.0,0.0,0.0,1.0,0.523,1.0,minimize_generator,full_grid,False,5000.0,1179.146,5000,inf
2024-04-29,660.245,55.388,715.633,973.741,401.48,1375.221,715.633,659.588,0.0,0.0,0.0,659.588,0.0,0.0,0.0,0.0,800.0,0.8,0.911,0.0,0.0,0.0,0.0,0.0,0.0,1.0,0.52,1.0,minimize_generator,full_grid,False,5000.0,1838.734,5000,inf
2024-04-30,732.795,44.287,777.082,958.033,411.64,1369.673,777.082,592.591,0.0,0.0,0.0,592.591,0.0,0.0,0.0,0.0,800.0,0.8,0.911,0.0,0.0,0.0,0.0,0.0,0.0,1.0,0.567,1.0,minimize_generator,full_grid,False,5000.0,2431.325,5000,inf
2024-05-01,731.7,1206.647,1938.347,1070.773,377.12,1447.893,1447.893,0.0,0.0,490.454,0.0,0.0,0.0,0.0,0.0,0.0,283.733,0.284,0.911,0.0,0.0,0.0,0.0,0.0,0.0,1.0,1.0,0.977,minimize_generator,full_grid,False,0.0,0.0,5000,inf
2024-05-02,663.805,1186.717,1850.522,1067.235,394.04,1461.275,1461.275,0.0,0.0,79.546,309.701,0.0,0.0,0.0,0.0,0.0,200.0,0.2,0.911,0.0,0.0,33.197,0.0,0.0,33.197,0.833,1.0,0.829,minimize_generator,full_grid,False,309.701,0.0,5000,inf
2024-05-03,665.67,1267.754,1933.424,1042.916,291.76,1334.676,1334.676,0.0,0.0,0.0,598.748,0.0,0.0,0.0,0.0,0.0,200.0,0.2,0.911,0.0,0.0,64.036,0.0,0.0,64.036,0.69,1.0,0.69,minimize_generator,full_grid,False,908.449,0.0,5000,inf
2024-05-04,666.24,1352.125,2018.365,1120.364,325.64,1446.004,1446.004,0.0,0.0,0.0,572.361,0.0,0.0,0.0,0.0,0.0,200.0,0.2,0.911,0.0,0.0,61.078,0.0,0.0,61.078,0.716,1.0,0.716,minimize_generator,full_grid,False,1480.81,0.0,5000,inf
2024-05-05,662.685,1227.852,1890.537,1065.753,356.16,1421.913,1421.913,0.0,0.0,0.0,468.624,0.0,0.0,0.0,0.0,0.0,200.0,0.2,0.911,0.0,0.0,50.168,0.0,0.0,50.168,0.752,1.0,0.752,minimize_generator,full_grid,False,1949.434,0.0,5000,inf
2024-05-06,665.47,1041.304,1706.774,1105.674,398.52,1504.194,1504.194,0.0,0.0,0.0,202.58,0.0,0.0,0.0,0.0,0.0,200.0,0.2,0.911,0.0,0.0,21.82,0.0,0.0,21.82,0.881,1.0,0.881,minimize_generator,full_grid,False,2152.014,0.0,5000,inf
2024-05-07,664.725,1047.973,1712.698,1132.925,266.84,1399.765,1399.765,0.0,0.0,0.0,312.933,0.0,0.0,0.0,0.0,0.0,200.0,0.2,0.911,0.0,0.0,33.697,0.0,0.0,33.697,0.817,1.0,0.817,minimize_generator,full_grid,False,2464.947,0.0,5000,inf
2024-05-08,730.755,1049.508,1780.263,1119.689,70.84,1190.529,1190.529,0.0,0.0,0.0,589.734,0.0,0.0,0.0,0.0,0.0,200.0,0.2,0.911,0.0,0.0,63.724,0.0,0.0,63.724,0.669,1.0,0.669,minimize_generator,full_grid,False,3054.681,0.0,5000,inf
2024-05-09,729.835,1055.297,1785.132,1077.073,18.68,1095.753,1095.753,0.0,0.0,0.0,689.379,0.0,0.0,0.0,0.0,0.0,200.0,0.2,0.911,0.0,0.0,74.472,0.0,0.0,74.472,0.614,1.0,0.614,minimize_generator,full_grid,False,3744.059,0.0,5000,inf
2024-05-10,663.805,1074.626,1738.431,1103.162,16.32,1119.482,1119.482,0.0,0.0,0.0,618.949,0.0,0.0,0.0,0.0,0.0,200.0,0.2,0.911,0.0,0.0,66.585,0.0,0.0,66.585,0.644,1.0,0.644,minimize_generator,full_grid,False,4363.009,0.0,5000,inf
2024-05-11,811.595,905.57,1717.165,1005.69,137.96,1143.65,1143.65,0.0,0.0,0.0,573.515,0.0,0.0,0.0,0.0,0.0,200.0,0.2,0.911,0.0,0.0,62.566,0.0,0.0,62.566,0.666,1.0,0.666,minimize_generator,full_grid,False,4936.523,0.0,5000,inf
2024-05-12,738.03,798.725,1536.755,1066.832,466.28,1533.112,1533.112,0.0,0.0,0.0,3.643,0.0,0.0,0.0,0.0,0.0,200.0,0.2,0.911,0.0,0.0,0.398,0.0,0.0,0.398,0.998,1.0,0.998,minimize_generator,full_grid,False,4940.166,0.0,5000,inf
2024-05-13,730.755,744.378,1475.133,1126.808,452.12,1578.928,1475.133,103.795,103.795,0.0,0.0,0.0,0.0,0.0,0.0,0.0,298.605,0.299,0.94,0.0,0.0,0.0,0.0,0.0,0.0,1.0,1.0,1.0,minimize_generator,full_grid,False,4940.166,0.0,5000,inf
2024-05-14,735.045,661.902,1396.947,1084.995,439.52,1524.515,1396.947,127.568,127.568,0.0,0.0,0.0,0.0,0.0,0.0,0.0,419.795,0.42,0.958,0.0,0.0,0.0,0.0,0.0,0.0,1.0,1.0,1.0,minimize_generator,full_grid,False,4940.166,0.0,5000,inf
2024-05-15,735.79,703.215,1439.005,1108.8,433.0,1541.8,1439.005,102.795,102.795,0.0,0.0,0.0,0.0,0.0,0.0,0.0,517.451,0.517,0.966,0.0,0.0,0.0,0.0,0.0,0.0,1.0,1.0,1.0,minimize_generator,full_grid,False,4940.166,0.0,5000,inf
2024-05-16,809.905,677.202,1487.107,1137.853,165.96,1303.813,1303.813,0.0,0.0,183.294,0.0,0.0,0.0,0.0,0.0,0.0,324.509,0.325,0.966,0.0,0.0,0.0,0.0,0.0,0.0,1.0,1.0,0.996,minimize_generator,full_grid,False,4940.166,0.0,5000,inf
2024-05-17,731.7,601.631,1333.331,1121.528,96.6,1218.128,1218.128,0.0,0.0,115.203,0.0,0.0,0.0,0.0,0.0,0.0,203.243,0.203,0.966,0.0,0.0,0.0,0.0,0.0,0.0,1.0,1.0,0.997,minimize_generator,full_grid,False,4940.166,0.0,5000,inf
2024-05-18,810.115,526.537,1336.652,1077.171,88.32,1165.491,1165.491,0.0,0.0,3.081,59.834,0.0,108.246,0.0,0.0,0.0,200.0,0.2,0.966,64.947,7.216,6.661,0.0,47.561,54.222,0.955,1.0,0.874,minimize_generator,full_grid,False,5000.0,0.0,5000,inf
2024-05-19,733.355,332.692,1066.047,999.575,290.84,1290.415,1066.047,224.368,224.368,0.0,0.0,0.0,0.0,0.0,0.0,0.0,413.15,0.413,0.983,0.0,0.0,0.0,0.0,0.0,0.0,1.0,1.0,1.0,minimize_generator,full_grid,False,5000.0,0.0,5000,inf
2024-05-20,730.57,320.184,1050.754,1048.74,156.76,1205.5,1050.754,154.746,154.746,0.0,0.0,0.0,0.0,0.0,0.0,0.0,560.159,0.56,0.988,0.0,0.0,0.0,0.0,0.0,0.0,1.0,1.0,1.0,minimize_generator,full_grid,False,5000.0,0.0,5000,inf
2024-05-21,738.6,361.902,1100.502,1069.802,330.84,1400.642,1100.502,300.14,252.464,0.0,0.0,47.676,0.0,0.0,0.0,0.0,800.0,0.8,0.991,0.0,0.0,0.0,0.0,0.0,0.0,1.0,0.966,1.0,minimize_generator,full_grid,False,5000.0,47.676,5000,inf
2024-05-22,811.98,303.272,1115.252,1079.367,351.2,1430.567,1115.252,315.315,0.0,0.0,0.0,315.315,0.0,0.0,0.0,0.0,800.0,0.8,0.991,0.0,0.0,0.0,0.0,0.0,0.0,1.0,0.78,1.0,minimize_generator,full_grid,False,5000.0,362.991,5000,inf
2024-05-23,817.015,248.117,1065.132,1065.919,165.04,1230.959,1065.132,165.827,0.0,0.0,0.0,165.827,0.0,0.0,0.0,0.0,800.0,0.8,0.991,0.0,0.0,0.0,0.0,0.0,0.0,1.0,0.865,1.0,minimize_generator,full_grid,False,5000.0,528.818,5000,inf
2024-05-24,732.235,147.438,879.673,1075.084,484.12,1559.204,879.673,679.531,0.0,0.0,0.0,679.531,0.0,0.0,0.0,0.0,800.0,0.8,0.991,0.0,0.0,0.0,0.0,0.0,0.0,1.0,0.564,1.0,minimize_generator,full_grid,False,5000.0,1208.349,5000,inf
2024-05-25,810.475,133.919,944.394,1136.984,482.6,1619.584,944.394,675.19,0.0,0.0,0.0,675.19,0.0,0.0,0.0,0.0,800.0,0.8,0.991,0.0,0.0,0.0,0.0,0.0,0.0,1.0,0.583,1.0,minimize_generator,full_grid,False,5000.0,1883.539,5000,inf
2024-05-26,735.605,115.595,851.2,1064.022,199.68,1263.702,851.2,412.502,0.0,0.0,0.0,412.502,0.0,0.0,0.0,0.0,800.0,0.8,0.991,0.0,0.0,0.0,0.0,0.0,0.0,1.0,0.674,1.0,minimize_generator,full_grid,False,5000.0,2296.042,5000,inf
2024-05-27,811.21,97.868,909.078,970.737,14.44,985.177,909.078,76.099,0.0,0.0,0.0,76.099,0.0,0.0,0.0,0.0,800.0,0.8,0.991,0.0,0.0,0.0,0.0,0.0,0.0,1.0,0.923,1.0,minimize_generator,full_grid,False,5000.0,2372.141,5000,inf
2024-05-28,732.06,81.99,814.05,923.722,387.96,1311.682,814.05,497.632,0.0,0.0,0.0,497.632,0.0,0.0,0.0,0.0,800.0,0.8,0.991,0.0,0.0,0.0,0.0,0.0,0.0,1.0,0.621,1.0,minimize_generator,full_grid,False,5000.0,2869.773,5000,inf
2024-05-29,733.18,66.905,800.085,1091.721,462.84,1554.561,800.085,754.476,0.0,0.0,0.0,754.476,0.0,0.0,0.0,0.0,800.0,0.8,0.991,0.0,0.0,0.0,0.0,0.0,0.0,1.0,0.515,1.0,minimize_generator,full_grid,False,5000.0,3624.248,5000,inf
2024-05-30,735.22,50.322,785.542,1082.737,409.48,1492.217,785.542,706.675,0.0,0.0,0.0,706.675,0.0,0.0,0.0,0.0,800.0,0.8,0.991,0.0,0.0,0.0,0.0,0.0,0.0,1.0,0.526,1.0,minimize_generator,full_grid,False,5000.0,4330.923,5000,inf
2024-05-31,738.6,39.306,777.906,1128.745,370.76,1499.505,777.906,721.599,0.0,0.0,0.0,721.599,0.0,0.0,0.0,0.0,800.0,0.8,0.991,0.0,0.0,0.0,0.0,0.0,0.0,1.0,0.519,1.0,minimize_generator,full_grid,False,5000.0,5052.522,5000,inf
2024-06-01,736.165,977.745,1713.91,1126.455,243.36,1369.815,1369.815,0.0,0.0,344.095,0.0,0.0,0.0,0.0,0.0,0.0,437.795,0.438,0.991,0.0,0.0,0.0,0.0,0.0,0.0,1.0,1.0,0.998,minimize_generator,full_grid,False,0.0,0.0,5000,inf
2024-06-02,812.155,948.634,1760.789,1093.039,281.68,1374.719,1374.719,0.0,0.0,225.905,160.164,0.0,0.0,0.0,0.0,0.0,200.0,0.2,0.991,0.0,0.0,17.753,0.0,0.0,17.753,0.909,1.0,0.908,minimize_generator,full_grid,False,160.164,0.0,5000,inf
2024-06-03,813.845,872.747,1686.592,1097.262,352.04,1449.302,1449.302,0.0,0.0,0.0,237.29,0.0,0.0,0.0,0.0,0.0,200.0,0.2,0.991,0.0,0.0,26.387,0.0,0.0,26.387,0.859,1.0,0.859,minimize_generator,full_grid,False,397.455,0.0,5000,inf
2024-06-04,812.34,895.855,1708.195,1086.455,323.04,1409.495,1409.495,0.0,0.0,0.0,298.7,0.0,0.0,0.0,0.0,0.0,200.0,0.2,0.991,0.0,0.0,33.181,0.0,0.0,33.181,0.825,1.0,0.825,minimize_generator,full_grid,False,696.155,0.0,5000,inf
2024-06-05,816.445,911.879,1728.324,1113.049,274.28,1387.329,1387.329,0.0,0.0,0.0,340.995,0.0,0.0,0.0,0.0,0.0,200.0,0.2,0.991,0.0,0.0,37.861,0.0,0.0,37.861,0.803,1.0,0.803,minimize_generator,full_grid,False,1037.15,0.0,5000,inf
2024-06-06,812.155,911.931,1724.086,1108.52,215.8,1324.32,1324.32,0.0,0.0,0.0,399.766,0.0,0.0,0.0,0.0,0.0,200.0,0.2,0.991,0.0,0.0,44.377,0.0,0.0,44.377,0.768,1.0,0.768,minimize_generator,full_grid,False,1436.916,0.0,5000,inf
2024-06-07,735.22,892.05,1627.27,1069.903,171.48,1241.383,1241.383,0.0,0.0,0.0,385.887,0.0,0.0,0.0,0.0,0.0,200.0,0.2,0.991,0.0,0.0,42.71,0.0,0.0,42.71,0.763,1.0,0.763,minimize_generator,full_grid,False,1822.804,0.0,5000,inf
2024-06-08,816.07,900.43,1716.5,1104.582,306.24,1410.822,1410.822,0.0,0.0,0.0,305.678,0.0,0.0,0.0,0.0,0.0,200.0,0.2,0.991,0.0,0.0,33.955,0.0,0.0,33.955,0.822,1.0,0.822,minimize_generator,full_grid,False,2128.482,0.0,5000,inf
2024-06-09,738.03,803.505,1541.535,1106.542,418.0,1524.542,1524.542,0.0,0.0,0.0,16.993,0.0,0.0,0.0,0.0,0.0,200.0,0.2,0.991,0.0,0.0,1.889,0.0,0.0,1.889,0.989,1.0,0.989,minimize_generator,full_grid,False,2145.475,0.0,5000,inf
2024-06-10,814.765,762.641,1577.406,1098.246,287.2,1385.446,1385.446,0.0,0.0,0.0,191.96,0.0,0.0,0.0,0.0,0.0,200.0,0.2,0.991,0.0,0.0,21.457,0.0,0.0,21.457,0.878,1.0,0.878,minimize_generator,full_grid,False,2337.435,0.0,5000,inf
2024-06-11,817.365,744.535,1561.9,1140.314,285.36,1425.674,1425.674,0.0,0.0,0.0,136.226,0.0,0.0,0.0,0.0,0.0,200.0,0.2,0.991,0.0,0.0,15.243,0.0,0.0,15.243,0.913,1.0,0.913,minimize_generator,full_grid,False,2473.661,0.0,5000,inf
2024-06-12,813.46,709.735,1523.195,1143.527,206.32,1349.847,1349.847,0.0,0.0,0.0,173.348,0.0,0.0,0.0,0.0,0.0,200.0,0.2,0.991,0.0,0.0,19.429,0.0,0.0,19.429,0.886,1.0,0.886,minimize_generator,full_grid,False,2647.009,0.0,5000,inf
2024-06-13,735.43,683.575,1419.005,1122.911,40.08,1162.991,1162.991,0.0,0.0,0.0,256.014,0.0,0.0,0.0,0.0,0.0,200.0,0.2,0.991,0.0,0.0,28.625,0.0,0.0,28.625,0.82,1.0,0.82,minimize_generator,full_grid,False,2903.023,0.0,5000,inf
2024-06-14,737.655,691.805,1429.46,1107.973,51.44,1159.413,1159.413,0.0,0.0,0.0,270.047,0.0,0.0,0.0,0.0,0.0,200.0,0.2,0.991,0.0,0.0,30.184,0.0,0.0,30.184,0.811,1.0,0.811,minimize_generator,full_grid,False,3173.07,0.0,5000,inf
2024-06-15,817.19,663.29,1480.48,1042.769,95.04,1137.809,1137.809,0.0,0.0,0.0,342.671,0.0,0.0,0.0,0.0,0.0,200.0,0.2,0.991,0.0,0.0,38.511,0.0,0.0,38.511,0.769,1.0,0.769,minimize_generator,full_grid,False,3515.741,0.0,5000,inf
2024-06-16,811.77,640.993,1452.763,1033.32,255.6,1288.92,1288.92,0.0,0.0,0.0,163.843,0.0,0.0,0.0,0.0,0.0,200.0,0.2,0.991,0.0,0.0,18.432,0.0,0.0,18.432,0.887,1.0,0.887,minimize_generator,full_grid,False,3679.584,0.0,5000,inf
2024-06-17,812.9,603.303,1416.203,1044.613,383.36,1427.973,1416.203,11.77,11.77,0.0,0.0,0.0,0.0,0.0,0.0,0.0,211.182,0.211,0.992,0.0,0.0,0.0,0.0,0.0,0.0,1.0,1.0,1.0,minimize_generator,full_grid,False,3679.584,0.0,5000,inf
2024-06-18,815.5,578.923,1394.423,1080.889,347.88,1428.769,1394.423,34.346,34.346,0.0,0.0,0.0,0.0,0.0,0.0,0.0,243.811,0.244,0.993,0.0,0.0,0.0,0.0,0.0,0.0,1.0,1.0,1.0,minimize_generator,full_grid,False,3679.584,0.0,5000,inf
2024-06-19,815.325,554.205,1369.53,1091.319,341.12,1432.439,1369.53,62.909,62.909,0.0,0.0,0.0,0.0,0.0,0.0,0.0,303.574,0.304,0.994,0.0,0.0,0.0,0.0,0.0,0.0,1.0,1.0,1.0,minimize_generator,full_grid,False,3679.584,0.0,5000,inf
2024-06-20,814.02,562.525,1376.545,1077.232,418.68,1495.912,1376.545,119.367,119.367,0.0,0.0,0.0,0.0,0.0,0.0,0.0,416.973,0.417,0.996,0.0,0.0,0.0,0.0,0.0,0.0,1.0,1.0,1.0,minimize_generator,full_grid,False,3679.584,0.0,5000,inf
2024-06-21,812.34,504.442,1316.782,1093.542,420.08,1513.622,1316.782,196.84,196.84,0.0,0.0,0.0,0.0,0.0,0.0,0.0,603.971,0.604,0.997,0.0,0.0,0.0,0.0,0.0,0.0,1.0,1.0,1.0,minimize_generator,full_grid,False,3679.584,0.0,5000,inf
2024-06-22,811.98,475.721,1287.701,1128.69,314.24,1442.93,1287.701,155.229,155.229,0.0,0.0,0.0,0.0,0.0,0.0,0.0,751.439,0.751,0.998,0.0,0.0,0.0,0.0,0.0,0.0,1.0,1.0,1.0,minimize_generator,full_grid,False,3679.584,0.0,5000,inf
2024-06-23,816.63,441.568,1258.198,1117.838,249.96,1367.798,1258.198,109.6,51.117,0.0,0.0,58.482,0.0,0.0,0.0,0.0,800.0,0.8,0.998,0.0,0.0,0.0,0.0,0.0,0.0,1.0,0.957,1.0,minimize_generator,full_grid,False,3679.584,58.482,5000,inf
2024-06-24,815.5,419.547,1235.047,1127.278,232.92,1360.198,1235.047,125.151,0.0,0.0,0.0,125.151,0.0,0.0,0.0,0.0,800.0,0.8,0.998,0.0,0.0,0.0,0.0,0.0,0.0,1.0,0.908,1.0,minimize_generator,full_grid,False,3679.584,183.633,5000,inf
2024-06-25,812.715,409.43,1222.145,1100.524,276.16,1376.684,1222.145,154.539,0.0,0.0,0.0,154.539,0.0,0.0,0.0,0.0,800.0,0.8,0.998,0.0,0.0,0.0,0.0,0.0,0.0,1.0,0.888,1.0,minimize_generator,full_grid,False,3679.584,338.173,5000,inf
2024-06-26,817.75,342.812,1160.562,1098.852,334.28,1433.132,1160.562,272.57,0.0,0.0,0.0,272.57,0.0,0.0,0.0,0.0,800.0,0.8,0.998,0.0,0.0,0.0,0.0,0.0,0.0,1.0,0.81,1.0,minimize_generator,full_grid,False,3679.584,610.743,5000,inf
2024-06-27,813.285,310.093,1123.378,1100.123,193.04,1293.163,1123.378,169.785,0.0,0.0,0.0,169.785,0.0,0.0,0.0,0.0,800.0,0.8,0.998,0.0,0.0,0.0,0.0,0.0,0.0,1.0,0.869,1.0,minimize_generator,full_grid,False,3679.584,780.528,5000,inf
2024-06-28,810.675,108.725,919.4,1110.808,264.04,1374.848,919.4,455.448,0.0,0.0,0.0,455.448,0.0,0.0,0.0,0.0,800.0,0.8,0.998,0.0,0.0,0.0,0.0,0.0,0.0,1.0,0.669,1.0,minimize_generator,full_grid,False,3679.584,1235.976,5000,inf
2024-06-29,811.21,13.881,825.091,1132.229,236.72,1368.949,825.091,543.858,0.0,0.0,0.0,543.858,0.0,0.0,0.0,0.0,800.0,0.8,0.998,0.0,0.0,0.0,0.0,0.0,0.0,1.0,0.603,1.0,minimize_generator,full_grid,False,3679.584,1779.834,5000,inf
2024-06-30,810.475,13.256,823.731,1099.978,299.04,1399.018,823.731,575.287,0.0,0.0,0.0,575.287,0.0,0.0,0.0,0.0,800.0,0.8,0.998,0.0,0.0,0.0,0.0,0.0,0.0,1.0,0.589,1.0,minimize_generator,full_grid,False,3679.584,2355.121,5000,inf
2024-07-01,813.075,13.355,826.43,1045.479,323.92,1369.399,826.43,542.969,0.0,0.0,0.0,542.969,0.0,0.0,0.0,0.0,800.0,0.8,0.998,0.0,0.0,0.0,0.0,0.0,0.0,1.0,0.603,1.0,minimize_generator,full_grid,False,0.0,542.969,5000,inf
2024-07-02,818.88,14.03,832.91,1107.396,241.44,1348.836,832.91,515.926,0.0,0.0,0.0,515.926,0.0,0.0,0.0,0.0,800.0,0.8,0.998,0.0,0.0,0.0,0.0,0.0,0.0,1.0,0.618,1.0,minimize_generator,full_grid,False,0.0,1058.895,5000,inf
2024-07-03,811.21,16.167,827.377,1136.234,170.56,1306.794,827.377,479.417,0.0,0.0,0.0,479.417,0.0,0.0,0.0,0.0,800.0,0.8,0.998,0.0,0.0,0.0,0.0,0.0,0.0,1.0,0.633,1.0,minimize_generator,full_grid,False,0.0,1538.312,5000,inf
2024-07-04,815.15,25.583,840.733,1114.899,8.56,1123.459,840.733,282.726,0.0,0.0,0.0,282.726,0.0,0.0,0.0,0.0,800.0,0.8,0.998,0.0,0.0,0.0,0.0,0.0,0.0,1.0,0.748,1.0,minimize_generator,full_grid,False,0.0,1821.038,5000,inf
2024-07-05,811.98,36.504,848.484,1100.308,143.28,1243.588,848.484,395.104,0.0,0.0,0.0,395.104,0.0,0.0,0.0,0.0,800.0,0.8,0.998,0.0,0.0,0.0,0.0,0.0,0.0,1.0,0.682,1.0,minimize_generator,full_grid,False,0.0,2216.142,5000,inf
2024-07-06,813.46,35.179,848.639,1048.531,400.0,1448.531,848.639,599.892,0.0,0.0,0.0,599.892,0.0,0.0,0.0,0.0,800.0,0.8,0.998,0.0,0.0,0.0,0.0,0.0,0.0,1.0,0.586,1.0,minimize_generator,full_grid,False,0.0,2816.034,5000,inf
2024-07-07,738.03,34.205,772.235,1099.014,350.36,1449.374,772.235,677.139,0.0,0.0,0.0,677.139,0.0,0.0,0.0,0.0,800.0,0.8,0.998,0.0,0.0,0.0,0.0,0.0,0.0,1.0,0.533,1.0,minimize_generator,full_grid,False,0.0,3493.173,5000,inf
2024-07-08,813.845,33.27,847.115,1107.762,115.76,1223.522,847.115,376.407,0.0,0.0,0.0,376.407,0.0,0.0,0.0,0.0,800.0,0.8,0.998,0.0,0.0,0.0,0.0,0.0,0.0,1.0,0.692,1.0,minimize_generator,full_grid,False,0.0,3869.579,5000,inf
2024-07-09,813.845,35.103,848.948,1104.906,54.8,1159.706,848.948,310.758,0.0,0.0,0.0,310.758,0.0,0.0,0.0,0.0,800.0,0.8,0.998,0.0,0.0,0.0,0.0,0.0,0.0,1.0,0.732,1.0,minimize_generator,full_grid,False,0.0,4180.338,5000,inf
2024-07-10,816.63,37.299,853.929,1071.573,21.88,1093.453,853.929,239.524,0.0,0.0,0.0,239.524,0.0,0.0,0.0,0.0,800.0,0.8,0.998,0.0,0.0,0.0,0.0,0.0,0.0,1.0,0.781,1.0,minimize_generator,full_grid,False,0.0,4419.862,5000,inf
2024-07-11,815.5,39.727,855.227,1033.554,5.52,1039.074,855.227,183.847,0.0,0.0,0.0,183.847,0.0,0.0,0.0,0.0,800.0,0.8,0.998,0.0,0.0,0.0,0.0,0.0,0.0,1.0,0.823,1.0,minimize_generator,full_grid,False,0.0,4603.709,5000,inf
2024-07-12,810.29,39.861,850.151,1027.272,205.36,1232.632,850.151,382.481,0.0,0.0,0.0,382.481,0.0,0.0,0.0,0.0,800.0,0.8,0.998,0.0,0.0,0.0,0.0,0.0,0.0,1.0,0.69,1.0,minimize_generator,full_grid,False,0.0,4986.191,5000,inf
2024-07-13,818.67,39.244,857.914,1060.736,328.24,1388.976,857.914,531.062,0.0,0.0,0.0,531.062,0.0,0.0,0.0,0.0,800.0,0.8,0.998,0.0,0.0,0.0,0.0,0.0,0.0,1.0,0.618,1.0,minimize_generator,full_grid,False,0.0,5517.252,5000,inf
2024-07-14,815.5,38.48,853.98,1092.222,302.64,1394.862,853.98,540.882,0.0,0.0,0.0,540.882,0.0,0.0,0.0,0.0,800.0,0.8,0.998,0.0,0.0,0.0,0.0,0.0,0.0,1.0,0.612,1.0,minimize_generator,full_grid,False,0.0,6058.134,5000,inf
2024-07-15,815.5,39.246,854.746,1088.571,334.28,1422.851,854.746,568.105,0.0,0.0,0.0,568.105,0.0,0.0,0.0,0.0,800.0,0.8,0.998,0.0,0.0,0.0,0.0,0.0,0.0,1.0,0.601,1.0,minimize_generator,full_grid,False,0.0,6626.239,5000,inf
2024-07-16,814.765,40.648,855.413,1057.079,264.04,1321.119,855.413,465.706,0.0,0.0,0.0,465.706,0.0,0.0,0.0,0.0,800.0,0.8,0.998,0.0,0.0,0.0,0.0,0.0,0.0,1.0,0.647,1.0,minimize_generator,full_grid,False,0.0,7091.945,5000,inf
2024-07-17,812.715,41.701,854.416,974.229,250.88,1225.109,854.416,370.693,0.0,0.0,0.0,370.693,0.0,0.0,0.0,0.0,800.0,0.8,0.998,0.0,0.0,0.0,0.0,0.0,0.0,1.0,0.697,1.0,minimize_generator,full_grid,False,0.0,7462.638,5000,inf
2024-07-18,815.5,40.115,855.615,1067.722,343.68,1411.402,855.615,555.787,0.0,0.0,0.0,555.787,0.0,0.0,0.0,0.0,800.0,0.8,0.998,0.0,0.0,0.0,0.0,0.0,0.0,1.0,0.606,1.0,minimize_generator,full_grid,False,0.0,8018.426,5000,inf
2024-07-19,816.445,38.452,854.897,1091.342,365.96,1457.302,854.897,602.405,0.0,0.0,0.0,602.405,0.0,0.0,0.0,0.0,800.0,0.8,0.998,0.0,0.0,0.0,0.0,0.0,0.0,1.0,0.587,1.0,minimize_generator,full_grid,False,0.0,8620.831,5000,inf
2024-07-20,737.295,37.903,775.198,1098.778,254.68,1353.458,775.198,578.26,0.0,0.0,0.0,578.26,0.0,0.0,0.0,0.0,800.0,0.8,0.998,0.0,0.0,0.0,0.0,0.0,0.0,1.0,0.573,1.0,minimize_generator,full_grid,False,0.0,9199.091,5000,inf
2024-07-21,812.715,38.311,851.026,1064.147,124.96,1189.107,851.026,338.081,0.0,0.0,0.0,338.081,0.0,0.0,0.0,0.0,800.0,0.8,0.998,0.0,0.0,0.0,0.0,0.0,0.0,1.0,0.716,1.0,minimize_generator,full_grid,False,0.0,9537.172,5000,inf
2024-07-22,813.635,37.423,851.058,1008.346,242.4,1250.746,851.058,399.688,0.0,0.0,0.0,399.688,0.0,0.0,0.0,0.0,800.0,0.8,0.998,0.0,0.0,0.0,0.0,0.0,0.0,1.0,0.68,1.0,minimize_generator,full_grid,False,0.0,9936.86,5000,inf
2024-07-23,815.5,36.204,851.704,1070.822,265.92,1336.742,851.704,485.038,0.0,0.0,0.0,485.038,0.0,0.0,0.0,0.0,800.0,0.8,0.998,0.0,0.0,0.0,0.0,0.0,0.0,1.0,0.637,1.0,minimize_generator,full_grid,False,0.0,10421.899,5000,inf
2024-07-24,889.66,19.796,909.456,1085.626,256.56,1342.186,909.456,432.73,0.0,0.0,0.0,432.73,0.0,0.0,0.0,0.0,800.0,0.8,0.998,0.0,0.0,0.0,0.0,0.0,0.0,1.0,0.678,1.0,minimize_generator,full_grid,False,0.0,10854.628,5000,inf
2024-07-25,811.595,12.117,823.712,1065.425,98.12,1163.545,823.712,339.833,0.0,0.0,0.0,339.833,0.0,0.0,0.0,0.0,800.0,0.8,0.998,0.0,0.0,0.0,0.0,0.0,0.0,1.0,0.708,1.0,minimize_generator,full_grid,False,0.0,11194.461,5000,inf
2024-07-26,812.54,12.38,824.92,1051.369,322.16,1373.529,824.92,548.609,0.0,0.0,0.0,548.609,0.0,0.0,0.0,0.0,800.0,0.8,0.998,0.0,0.0,0.0,0.0,0.0,0.0,1.0,0.601,1.0,minimize_generator,full_grid,False,0.0,11743.07,5000,inf
2024-07-27,812.54,11.667,824.207,1016.081,258.44,1274.521,824.207,450.314,0.0,0.0,0.0,450.314,0.0,0.0,0.0,0.0,800.0,0.8,0.998,0.0,0.0,0.0,0.0,0.0,0.0,1.0,0.647,1.0,minimize_generator,full_grid,False,0.0,12193.384,5000,inf
2024-07-28,811.42,11.048,822.468,1016.431,101.24,1117.671,822.468,295.203,0.0,0.0,0.0,295.203,0.0,0.0,0.0,0.0,800.0,0.8,0.998,0.0,0.0,0.0,0.0,0.0,0.0,1.0,0.736,1.0,minimize_generator,full_grid,False,0.0,12488.587,5000,inf
2024-07-29,812.9,11.499,824.399,1049.589,189.28,1238.869,824.399,414.47,0.0,0.0,0.0,414.47,0.0,0.0,0.0,0.0,800.0,0.8,0.998,0.0,0.0,0.0,0.0,0.0,0.0,1.0,0.665,1.0,minimize_generator,full_grid,False,0.0,12903.057,5000,inf
2024-07-30,817.015,11.476,828.491,1051.381,204.4,1255.781,828.491,427.29,0.0,0.0,0.0,427.29,0.0,0.0,0.0,0.0,800.0,0.8,0.998,0.0,0.0,0.0,0.0,0.0,0.0,1.0,0.66,1.0,minimize_generator,full_grid,False,0.0,13330.348,5000,inf
2024-07-31,810.115,10.478,820.593,1027.703,58.32,1086.023,820.593,265.43,0.0,0.0,0.0,265.43,0.0,0.0,0.0,0.0,800.0,0.8,0.998,0.0,0.0,0.0,0.0,0.0,0.0,1.0,0.756,1.0,minimize_generator,full_grid,False,0.0,13595.777,5000,inf
2024-08-01,815.5,10.596,826.096,1017.861,140.6,1158.461,826.096,332.365,0.0,0.0,0.0,332.365,0.0,0.0,0.0,0.0,800.0,0.8,0.998,0.0,0.0,0.0,0.0,0.0,0.0,1.0,0.713,1.0,minimize_generator,full_grid,False,0.0,332.365,5000,inf
2024-08-02,736.525,11.266,747.791,1002.927,334.28,1337.207,747.791,589.416,0.0,0.0,0.0,589.416,0.0,0.0,0.0,0.0,800.0,0.8,0.998,0.0,0.0,0.0,0.0,0.0,0.0,1.0,0.559,1.0,minimize_generator,full_grid,False,0.0,921.781,5000,inf
2024-08-03,811.77,9.924,821.694,1014.471,111.64,1126.111,821.694,304.417,0.0,0.0,0.0,304.417,0.0,0.0,0.0,0.0,800.0,0.8,0.998,0.0,0.0,0.0,0.0,0.0,0.0,1.0,0.73,1.0,minimize_generator,full_grid,False,0.0,1226.197,5000,inf
2024-08-04,812.54,10.341,822.881,991.19,176.16,1167.35,822.881,344.469,0.0,0.0,0.0,344.469,0.0,0.0,0.0,0.0,800.0,0.8,0.998,0.0,0.0,0.0,0.0,0.0,0.0,1.0,0.705,1.0,minimize_generator,full_grid,False,0.0,1570.666,5000,inf
2024-08-05,890.405,10.319,900.724,1020.599,219.6,1240.199,900.724,339.475,0.0,0.0,0.0,339.475,0.0,0.0,0.0,0.0,800.0,0.8,0.998,0.0,0.0,0.0,0.0,0.0,0.0,1.0,0.726,1.0,minimize_generator,full_grid,False,0.0,1910.141,5000,inf
2024-08-06,812.54,10.294,822.834,1049.748,220.56,1270.308,822.834,447.474,0.0,0.0,0.0,447.474,0.0,0.0,0.0,0.0,800.0,0.8,0.998,0.0,0.0,0.0,0.0,0.0,0.0,1.0,0.648,1.0,minimize_generator,full_grid,False,0.0,2357.615,5000,inf
2024-08-07,734.3,9.832,744.132,1018.141,227.2,1245.341,744.132,501.209,0.0,0.0,0.0,501.209,0.0,0.0,0.0,0.0,800.0,0.8,0.998,0.0,0.0,0.0,0.0,0.0,0.0,1.0,0.598,1.0,minimize_generator,full_grid,False,0.0,2858.824,5000,inf
2024-08-08,734.87,9.924,744.794,998.139,215.8,1213.939,744.794,469.145,0.0,0.0,0.0,469.145,0.0,0.0,0.0,0.0,800.0,0.8,0.998,0.0,0.0,0.0,0.0,0.0,0.0,1.0,0.614,1.0,minimize_generator,full_grid,False,0.0,3327.969,5000,inf
2024-08-09,813.285,10.155,823.44,990.488,301.72,1292.208,823.44,468.768,0.0,0.0,0.0,468.768,0.0,0.0,0.0,0.0,800.0,0.8,0.998,0.0,0.0,0.0,0.0,0.0,0.0,1.0,0.637,1.0,minimize_generator,full_grid,False,0.0,3796.737,5000,inf
2024-08-10,815.325,10.271,825.596,995.888,410.92,1406.808,825.596,581.212,0.0,0.0,0.0,581.212,0.0,0.0,0.0,0.0,800.0,0.8,0.998,0.0,0.0,0.0,0.0,0.0,0.0,1.0,0.587,1.0,minimize_generator,full_grid,False,0.0,4377.949,5000,inf
2024-08-11,814.205,10.225,824.43,1021.428,416.6,1438.028,824.43,613.598,0.0,0.0,0.0,613.598,0.0,0.0,0.0,0.0,800.0,0.8,0.998,0.0,0.0,0.0,0.0,0.0,0.0,1.0,0.573,1.0,minimize_generator,full_grid,False,0.0,4991.547,5000,inf
2024-08-12,813.285,9.543,822.828,989.061,399.28,1388.341,822.828,565.513,0.0,0.0,0.0,565.513,0.0,0.0,0.0,0.0,800.0,0.8,0.998,0.0,0.0,0.0,0.0,0.0,0.0,1.0,0.593,1.0,minimize_generator,full_grid,False,0.0,5557.06,5000,inf
2024-08-13,816.805,0.653,817.458,982.203,394.04,1376.243,817.458,558.785,0.0,0.0,0.0,558.785,0.0,0.0,0.0,0.0,800.0,0.8,0.998,0.0,0.0,0.0,0.0,0.0,0.0,1.0,0.594,1.0,minimize_generator,full_grid,False,0.0,6115.845,5000,inf
2024-08-14,810.475,0.0,810.475,999.282,410.2,1409.482,810.475,599.007,0.0,0.0,0.0,599.007,0.0,0.0,0.0,0.0,800.0,0.8,0.998,0.0,0.0,0.0,0.0,0.0,0.0,1.0,0.575,1.0,minimize_generator,full_grid,False,0.0,6714.852,5000,inf
2024-08-15,815.5,0.0,815.5,987.65,458.12,1445.77,815.5,630.27,0.0,0.0,0.0,630.27,0.0,0.0,0.0,0.0,800.0,0.8,0.998,0.0,0.0,0.0,0.0,0.0,0.0,1.0,0.564,1.0,minimize_generator,full_grid,False,0.0,7345.122,5000,inf
2024-08-16,735.045,0.0,735.045,1017.467,432.32,1449.787,735.045,714.742,0.0,0.0,0.0,714.742,0.0,0.0,0.0,0.0,800.0,0.8,0.998,0.0,0.0,0.0,0.0,0.0,0.0,1.0,0.507,1.0,minimize_generator,full_grid,False,0.0,8059.864,5000,inf
2024-08-17,737.655,0.0,737.655,1003.2,263.12,1266.32,737.655,528.665,0.0,0.0,0.0,528.665,0.0,0.0,0.0,0.0,800.0,0.8,0.998,0.0,0.0,0.0,0.0,0.0,0.0,1.0,0.583,1.0,minimize_generator,full_grid,False,0.0,8588.528,5000,inf
2024-08-18,734.125,0.0,734.125,943.466,159.52,1102.986,734.125,368.861,0.0,0.0,0.0,368.861,0.0,0.0,0.0,0.0,800.0,0.8,0.998,0.0,0.0,0.0,0.0,0.0,0.0,1.0,0.666,1.0,minimize_generator,full_grid,False,0.0,8957.389,5000,inf
2024-08-19,810.475,0.0,810.475,1014.41,94.28,1108.69,810.475,298.215,0.0,0.0,0.0,298.215,0.0,0.0,0.0,0.0,800.0,0.8,0.998,0.0,0.0,0.0,0.0,0.0,0.0,1.0,0.731,1.0,minimize_generator,full_grid,False,0.0,9255.604,5000,inf
2024-08-20,811.21,0.0,811.21,1008.778,357.0,1365.778,811.21,554.568,0.0,0.0,0.0,554.568,0.0,0.0,0.0,0.0,800.0,0.8,0.998,0.0,0.0,0.0,0.0,0.0,0.0,1.0,0.594,1.0,minimize_generator,full_grid,False,0.0,9810.172,5000,inf
2024-08-21,811.595,0.0,811.595,992.062,391.76,1383.822,811.595,572.227,0.0,0.0,0.0,572.227,0.0,0.0,0.0,0.0,800.0,0.8,0.998,0.0,0.0,0.0,0.0,0.0,0.0,1.0,0.586,1.0,minimize_generator,full_grid,False,0.0,10382.399,5000,inf
2024-08-22,811.21,0.0,811.21,957.835,318.64,1276.475,811.21,465.265,0.0,0.0,0.0,465.265,0.0,0.0,0.0,0.0,800.0,0.8,0.998,0.0,0.0,0.0,0.0,0.0,0.0,1.0,0.636,1.0,minimize_generator,full_grid,False,0.0,10847.664,5000,inf
2024-08-23,736.35,0.0,736.35,936.404,330.84,1267.244,736.35,530.894,0.0,0.0,0.0,530.894,0.0,0.0,0.0,0.0,800.0,0.8,0.998,0.0,0.0,0.0,0.0,0.0,0.0,1.0,0.581,1.0,minimize_generator,full_grid,False,0.0,11378.558,5000,inf
2024-08-24,809.905,0.0,809.905,967.827,348.72,1316.547,809.905,506.642,0.0,0.0,0.0,506.642,0.0,0.0,0.0,0.0,800.0,0.8,0.998,0.0,0.0,0.0,0.0,0.0,0.0,1.0,0.615,1.0,minimize_generator,full_grid,False,0.0,11885.2,5000,inf
2024-08-25,733.925,0.0,733.925,969.171,171.48,1140.651,733.925,406.726,0.0,0.0,0.0,406.726,0.0,0.0,0.0,0.0,800.0,0.8,0.998,0.0,0.0,0.0,0.0,0.0,0.0,1.0,0.643,1.0,minimize_generator,full_grid,False,0.0,12291.926,5000,inf
2024-08-26,815.325,0.0,815.325,930.39,52.0,982.39,815.325,167.065,0.0,0.0,0.0,167.065,0.0,0.0,0.0,0.0,800.0,0.8,0.998,0.0,0.0,0.0,0.0,0.0,0.0,1.0,0.83,1.0,minimize_generator,full_grid,False,0.0,12458.99,5000,inf
2024-08-27,737.855,0.0,737.855,810.522,261.24,1071.762,737.855,333.907,0.0,0.0,0.0,333.907,0.0,0.0,0.0,0.0,800.0,0.8,0.998,0.0,0.0,0.0,0.0,0.0,0.0,1.0,0.688,1.0,minimize_generator,full_grid,False,0.0,12792.898,5000,inf
2024-08-28,737.085,0.0,737.085,886.706,384.12,1270.826,737.085,533.741,0.0,0.0,0.0,533.741,0.0,0.0,0.0,0.0,800.0,0.8,0.998,0.0,0.0,0.0,0.0,0.0,0.0,1.0,0.58,1.0,minimize_generator,full_grid,False,0.0,13326.638,5000,inf
2024-08-29,815.5,0.0,815.5,911.932,335.16,1247.092,815.5,431.592,0.0,0.0,0.0,431.592,0.0,0.0,0.0,0.0,800.0,0.8,0.998,0.0,0.0,0.0,0.0,0.0,0.0,1.0,0.654,1.0,minimize_generator,full_grid,False,0.0,13758.23,5000,inf
2024-08-30,733.74,0.0,733.74,923.875,432.32,1356.195,733.74,622.455,0.0,0.0,0.0,622.455,0.0,0.0,0.0,0.0,800.0,0.8,0.998,0.0,0.0,0.0,0.0,0.0,0.0,1.0,0.541,1.0,minimize_generator,full_grid,False,0.0,14380.685,5000,inf
2024-08-31,733.925,0.0,733.925,953.285,391.0,1344.285,733.925,610.36,0.0,0.0,0.0,610.36,0.0,0.0,0.0,0.0,800.0,0.8,0.998,0.0,0.0,0.0,0.0,0.0,0.0,1.0,0.546,1.0,minimize_generator,full_grid,False,0.0,14991.045,5000,inf
2024-09-01,733.925,414.466,1148.391,932.17,422.84,1355.01,1148.391,206.619,0.0,0.0,0.0,206.619,0.0,0.0,0.0,0.0,800.0,0.8,0.998,0.0,0.0,0.0,0.0,0.0,0.0,1.0,0.848,1.0,minimize_generator,full_grid,False,0.0,206.619,5000,inf
2024-09-02,737.47,404.014,1141.484,918.857,347.04,1265.897,1141.484,124.413,0.0,0.0,0.0,124.413,0.0,0.0,0.0,0.0,800.0,0.8,0.998,0.0,0.0,0.0,0.0,0.0,0.0,1.0,0.902,1.0,minimize_generator,full_grid,False,0.0,331.031,5000,inf
2024-09-03,810.115,373.919,1184.034,890.089,321.28,1211.369,1184.034,27.335,0.0,0.0,0.0,27.335,0.0,0.0,0.0,0.0,800.0,0.8,0.998,0.0,0.0,0.0,0.0,0.0,0.0,1.0,0.977,1.0,minimize_generator,full_grid,False,0.0,358.367,5000,inf
2024-09-04,810.85,373.919,1184.769,943.896,372.36,1316.256,1184.769,131.487,0.0,0.0,0.0,131.487,0.0,0.0,0.0,0.0,800.0,0.8,0.998,0.0,0.0,0.0,0.0,0.0,0.0,1.0,0.9,1.0,minimize_generator,full_grid,False,0.0,489.854,5000,inf
2024-09-05,817.575,354.766,1172.341,914.723,371.56,1286.283,1172.341,113.942,0.0,0.0,0.0,113.942,0.0,0.0,0.0,0.0,800.0,0.8,0.998,0.0,0.0,0.0,0.0,0.0,0.0,1.0,0.911,1.0,minimize_generator,full_grid,False,0.0,603.795,5000,inf
2024-09-06,665.295,338.35,1003.645,928.143,293.6,1221.743,1003.645,218.098,0.0,0.0,0.0,218.098,0.0,0.0,0.0,0.0,800.0,0.8,0.998,0.0,0.0,0.0,0.0,0.0,0.0,1.0,0.821,1.0,minimize_generator,full_grid,False,0.0,821.893,5000,inf
2024-09-07,809.73,331.054,1140.784,908.905,149.52,1058.425,1058.425,0.0,0.0,82.359,0.0,0.0,0.0,0.0,0.0,0.0,713.307,0.713,0.998,0.0,0.0,0.0,0.0,0.0,0.0,1.0,1.0,1.0,minimize_generator,full_grid,False,0.0,821.893,5000,inf
2024-09-08,734.125,316.463,1050.588,876.828,98.88,975.708,975.708,0.0,0.0,74.88,0.0,0.0,0.0,0.0,0.0,0.0,634.485,0.634,0.998,0.0,0.0,0.0,0.0,0.0,0.0,1.0,1.0,1.0,minimize_generator,full_grid,False,0.0,821.893,5000,inf
2024-09-09,733.74,308.255,1041.995,873.401,48.16,921.561,921.561,0.0,0.0,120.434,0.0,0.0,0.0,0.0,0.0,0.0,507.713,0.508,0.998,0.0,0.0,0.0,0.0,0.0,0.0,1.0,1.0,1.0,minimize_generator,full_grid,False,0.0,821.893,5000,inf
2024-09-10,733.355,325.584,1058.939,892.526,101.24,993.766,993.766,0.0,0.0,65.173,0.0,0.0,0.0,0.0,0.0,0.0,439.11,0.439,0.998,0.0,0.0,0.0,0.0,0.0,0.0,1.0,1.0,1.0,minimize_generator,full_grid,False,0.0,821.893,5000,inf
2024-09-11,732.06,345.646,1077.706,907.984,130.12,1038.104,1038.104,0.0,0.0,39.602,0.0,0.0,0.0,0.0,0.0,0.0,397.424,0.397,0.998,0.0,0.0,0.0,0.0,0.0,0.0,1.0,1.0,1.0,minimize_generator,full_grid,False,0.0,821.893,5000,inf
2024-09-12,812.34,398.96,1211.3,902.045,106.0,1008.045,1008.045,0.0,0.0,187.553,15.702,0.0,0.0,0.0,0.0,0.0,200.0,0.2,0.998,0.0,0.0,1.805,0.0,0.0,1.805,0.987,1.0,0.987,minimize_generator,full_grid,False,15.702,821.893,5000,inf
2024-09-13,738.03,400.966,1138.996,873.801,337.72,1211.521,1138.996,72.525,72.525,0.0,0.0,0.0,0.0,0.0,0.0,0.0,268.898,0.269,0.998,0.0,0.0,0.0,0.0,0.0,0.0,1.0,1.0,1.0,minimize_generator,full_grid,False,15.702,821.893,5000,inf
2024-09-14,734.66,383.924,1118.584,872.007,404.4,1276.407,1118.584,157.823,157.823,0.0,0.0,0.0,0.0,0.0,0.0,0.0,418.83,0.419,0.999,0.0,0.0,0.0,0.0,0.0,0.0,1.0,1.0,1.0,minimize_generator,full_grid,False,15.702,821.893,5000,inf
2024-09-15,810.29,406.714,1217.004,893.65,289.92,1183.57,1183.57,0.0,0.0,33.434,0.0,0.0,0.0,0.0,0.0,0.0,383.637,0.384,0.999,0.0,0.0,0.0,0.0,0.0,0.0,1.0,1.0,1.0,minimize_generator,full_grid,False,15.702,821.893,5000,inf
2024-09-16,665.295,406.754,1072.049,901.339,354.52,1255.859,1072.049,183.81,183.81,0.0,0.0,0.0,0.0,0.0,0.0,0.0,558.256,0.558,0.999,0.0,0.0,0.0,0.0,0.0,0.0,1.0,1.0,1.0,minimize_generator,full_grid,False,15.702,821.893,5000,inf
2024-09-17,665.67,386.188,1051.858,856.306,333.44,1189.746,1051.858,137.888,137.888,0.0,0.0,0.0,0.0,0.0,0.0,0.0,689.25,0.689,0.999,0.0,0.0,0.0,0.0,0.0,0.0,1.0,1.0,1.0,minimize_generator,full_grid,False,15.702,821.893,5000,inf
2024-09-18,661.9,417.908,1079.808,891.712,357.0,1248.712,1079.808,168.904,116.579,0.0,0.0,52.325,0.0,0.0,0.0,0.0,800.0,0.8,1.0,0.0,0.0,0.0,0.0,0.0,0.0,1.0,0.958,1.0,minimize_generator,full_grid,False,15.702,874.218,5000,inf
2024-09-19,730.57,433.29,1163.86,870.773,223.4,1094.173,1094.173,0.0,0.0,69.687,0.0,0.0,0.0,0.0,0.0,0.0,726.645,0.727,1.0,0.0,0.0,0.0,0.0,0.0,0.0,1.0,1.0,1.0,minimize_generator,full_grid,False,15.702,874.218,5000,inf
2024-09-20,733.565,370.619,1104.184,844.27,92.04,936.31,936.31,0.0,0.0,167.874,0.0,0.0,0.0,0.0,0.0,0.0,549.936,0.55,1.0,0.0,0.0,0.0,0.0,0.0,0.0,1.0,1.0,1.0,minimize_generator,full_grid,False,15.702,874.218,5000,inf
2024-09-21,733.005,387.164,1120.169,823.401,360.28,1183.681,1120.169,63.512,63.512,0.0,0.0,0.0,0.0,0.0,0.0,0.0,610.272,0.61,1.0,0.0,0.0,0.0,0.0,0.0,0.0,1.0,1.0,1.0,minimize_generator,full_grid,False,15.702,874.218,5000,inf
2024-09-22,732.795,361.375,1094.17,865.911,394.04,1259.951,1094.17,165.781,165.781,0.0,0.0,0.0,0.0,0.0,0.0,0.0,767.764,0.768,1.0,0.0,0.0,0.0,0.0,0.0,0.0,1.0,1.0,1.0,minimize_generator,full_grid,False,15.702,874.218,5000,inf
2024-09-23,663.805,377.781,1041.586,854.497,332.56,1187.057,1041.586,145.471,33.933,0.0,0.0,111.539,0.0,0.0,0.0,0.0,800.0,0.8,1.0,0.0,0.0,0.0,0.0,0.0,0.0,1.0,0.906,1.0,minimize_generator,full_grid,False,15.702,985.757,5000,inf
2024-09-24,734.66,384.867,1119.527,838.526,281.68,1120.206,1119.527,0.679,0.0,0.0,0.0,0.679,0.0,0.0,0.0,0.0,800.0,0.8,1.0,0.0,0.0,0.0,0.0,0.0,0.0,1.0,0.999,1.0,minimize_generator,full_grid,False,15.702,986.436,5000,inf
2024-09-25,732.235,404.212,1136.447,840.634,227.2,1067.834,1067.834,0.0,0.0,68.613,0.0,0.0,0.0,0.0,0.0,0.0,727.776,0.728,1.0,0.0,0.0,0.0,0.0,0.0,0.0,1.0,1.0,1.0,minimize_generator,full_grid,False,15.702,986.436,5000,inf
2024-09-26,733.925,390.747,1124.672,855.173,210.12,1065.293,1065.293,0.0,0.0,59.379,0.0,0.0,0.0,0.0,0.0,0.0,665.272,0.665,1.0,0.0,0.0,0.0,0.0,0.0,0.0,1.0,1.0,1.0,minimize_generator,full_grid,False,15.702,986.436,5000,inf
2024-09-27,660.245,414.301,1074.546,854.961,236.72,1091.681,1074.546,17.135,17.135,0.0,0.0,0.0,0.0,0.0,0.0,0.0,681.55,0.682,1.0,0.0,0.0,0.0,0.0,0.0,0.0,1.0,1.0,1.0,minimize_generator,full_grid,False,15.702,986.436,5000,inf
2024-09-28,731.7,420.43,1152.13,841.39,357.0,1198.39,1152.13,46.26,46.26,0.0,0.0,0.0,0.0,0.0,0.0,0.0,725.497,0.725,1.0,0.0,0.0,0.0,0.0,0.0,0.0,1.0,1.0,1.0,minimize_generator,full_grid,False,15.702,986.436,5000,inf
2024-09-29,662.685,440.917,1103.602,845.63,449.64,1295.27,1103.602,191.668,78.424,0.0,0.0,113.243,0.0,0.0,0.0,0.0,800.0,0.8,1.0,0.0,0.0,0.0,0.0,0.0,0.0,1.0,0.913,1.0,minimize_generator,full_grid,False,15.702,1099.679,5000,inf
2024-09-30,665.295,427.494,1092.789,817.889,308.92,1126.809,1092.789,34.02,0.0,0.0,0.0,34.02,0.0,0.0,0.0,0.0,800.0,0.8,1.0,0.0,0.0,0.0,0.0,0.0,0.0,1.0,0.97,1.0,minimize_generator,full_grid,False,15.702,1133.699,5000,inf
2024-10-01,731.49,743.508,1474.998,830.189,351.2,1181.389,1181.389,0.0,0.0,293.609,0.0,0.0,0.0,0.0,0.0,0.0,490.938,0.491,1.0,0.0,0.0,0.0,0.0,0.0,0.0,1.0,1.0,1.0,minimize_generator,full_grid,False,0.0,0.0,5000,inf
2024-10-02,729.625,702.67,1432.295,829.398,259.36,1088.758,1088.758,0.0,0.0,276.391,67.145,0.0,0.0,0.0,0.0,0.0,200.0,0.2,1.0,0.0,0.0,6.953,0.0,0.0,6.953,0.953,1.0,0.953,minimize_generator,full_grid,False,67.145,0.0,5000,inf
2024-10-03,662.685,732.302,1394.987,828.199,243.36,1071.559,1071.559,0.0,0.0,0.0,323.428,0.0,0.0,0.0,0.0,0.0,200.0,0.2,1.0,0.0,0.0,33.315,0.0,0.0,33.315,0.768,1.0,0.768,minimize_generator,full_grid,False,390.574,0.0,5000,inf
2024-10-04,665.67,766.577,1432.247,829.421,367.56,1196.981,1196.981,0.0,0.0,0.0,235.266,0.0,0.0,0.0,0.0,0.0,200.0,0.2,1.0,0.0,0.0,24.196,0.0,0.0,24.196,0.836,1.0,0.836,minimize_generator,full_grid,False,625.839,0.0,5000,inf
2024-10-05,659.115,751.704,1410.819,803.433,290.84,1094.273,1094.273,0.0,0.0,0.0,316.546,0.0,0.0,0.0,0.0,0.0,200.0,0.2,1.0,0.0,0.0,32.567,0.0,0.0,32.567,0.776,1.0,0.776,minimize_generator,full_grid,False,942.385,0.0,5000,inf
2024-10-06,732.235,737.774,1470.009,793.879,272.44,1066.319,1066.319,0.0,0.0,0.0,403.69,0.0,0.0,0.0,0.0,0.0,200.0,0.2,1.0,0.0,0.0,41.73,0.0,0.0,41.73,0.725,1.0,0.725,minimize_generator,full_grid,False,1346.075,0.0,5000,inf
2024-10-07,663.805,743.3,1407.105,804.966,283.52,1088.486,1088.486,0.0,0.0,0.0,318.619,0.0,0.0,0.0,0.0,0.0,200.0,0.2,1.0,0.0,0.0,32.803,0.0,0.0,32.803,0.774,1.0,0.774,minimize_generator,full_grid,False,1664.694,0.0,5000,inf
2024-10-08,731.49,762.63,1494.12,798.569,114.92,913.489,913.489,0.0,0.0,0.0,580.631,0.0,0.0,0.0,0.0,0.0,200.0,0.2,1.0,0.0,0.0,59.942,0.0,0.0,59.942,0.611,1.0,0.611,minimize_generator,full_grid,False,2245.325,0.0,5000,inf
2024-10-09,661.725,795.984,1457.709,784.219,159.52,943.739,943.739,0.0,0.0,0.0,513.97,0.0,0.0,0.0,0.0,0.0,200.0,0.2,1.0,0.0,0.0,52.771,0.0,0.0,52.771,0.647,1.0,0.647,minimize_generator,full_grid,False,2759.295,0.0,5000,inf
2024-10-10,661.34,759.808,1421.148,781.846,159.52,941.366,941.366,0.0,0.0,0.0,479.782,0.0,0.0,0.0,0.0,0.0,200.0,0.2,1.0,0.0,0.0,49.347,0.0,0.0,49.347,0.662,1.0,0.662,minimize_generator,full_grid,False,3239.077,0.0,5000,inf
2024-10-11,660.035,755.853,1415.888,779.543,227.2,1006.743,1006.743,0.0,0.0,0.0,409.145,0.0,0.0,0.0,0.0,0.0,200.0,0.2,1.0,0.0,0.0,42.087,0.0,0.0,42.087,0.711,1.0,0.711,minimize_generator,full_grid,False,3648.222,0.0,5000,inf
2024-10-12,666.24,709.282,1375.522,784.314,87.56,871.874,871.874,0.0,0.0,0.0,503.648,0.0,0.0,0.0,0.0,0.0,200.0,0.2,1.0,0.0,0.0,51.953,0.0,0.0,51.953,0.634,1.0,0.634,minimize_generator,full_grid,False,4151.87,0.0,5000,inf
2024-10-13,659.675,696.619,1356.294,781.212,84.68,865.892,865.892,0.0,0.0,0.0,490.402,0.0,0.0,0.0,0.0,0.0,200.0,0.2,1.0,0.0,0.0,50.602,0.0,0.0,50.602,0.638,1.0,0.638,minimize_generator,full_grid,False,4642.272,0.0,5000,inf
2024-10-14,664.725,711.518,1376.243,757.082,102.8,859.882,859.882,0.0,0.0,0.0,357.728,0.0,158.633,0.0,0.0,0.0,200.0,0.2,1.0,95.18,10.576,36.893,0.0,65.769,102.662,0.74,1.0,0.625,minimize_generator,full_grid,False,5000.0,0.0,5000,inf
2024-10-15,660.245,668.998,1329.243,724.332,185.52,909.852,909.852,0.0,0.0,0.0,0.0,0.0,419.391,0.0,0.0,0.0,200.0,0.2,1.0,227.878,24.0,0.0,0.0,157.464,157.464,1.0,1.0,0.684,minimize_generator,full_grid,False,5000.0,0.0,5000,inf
2024-10-16,587.26,674.628,1261.888,729.054,293.6,1022.654,1022.654,0.0,0.0,0.0,0.0,0.0,239.234,0.0,0.0,0.0,200.0,0.2,1.0,143.54,15.949,0.0,0.0,99.186,99.186,1.0,1.0,0.81,minimize_generator,full_grid,False,5000.0,0.0,5000,inf
2024-10-17,658.94,640.746,1299.686,727.498,355.36,1082.858,1082.858,0.0,0.0,0.0,0.0,0.0,216.828,0.0,0.0,0.0,200.0,0.2,1.0,130.097,14.455,0.0,0.0,89.897,89.897,1.0,1.0,0.833,minimize_generator,full_grid,False,5000.0,0.0,5000,inf
2024-10-18,589.485,630.246,1219.731,722.86,175.2,898.06,898.06,0.0,0.0,0.0,0.0,0.0,321.671,0.0,0.0,0.0,200.0,0.2,1.0,193.002,21.445,0.0,0.0,133.365,133.365,1.0,1.0,0.736,minimize_generator,full_grid,False,5000.0,0.0,5000,inf
2024-10-19,660.595,663.914,1324.509,729.975,196.84,926.815,926.815,0.0,0.0,0.0,0.0,0.0,397.694,0.0,0.0,0.0,200.0,0.2,1.0,223.539,24.0,0.0,0.0,154.465,154.465,1.0,1.0,0.7,minimize_generator,full_grid,False,5000.0,0.0,5000,inf
2024-10-20,588.75,689.351,1278.101,717.19,181.76,898.95,898.95,0.0,0.0,0.0,0.0,0.0,379.151,0.0,0.0,0.0,200.0,0.2,1.0,219.83,24.0,0.0,0.0,151.903,151.903,1.0,1.0,0.703,minimize_generator,full_grid,False,5000.0,0.0,5000,inf
2024-10-21,663.605,694.933,1358.538,709.733,277.08,986.813,986.813,0.0,0.0,0.0,0.0,0.0,371.725,0.0,0.0,0.0,200.0,0.2,1.0,218.345,24.0,0.0,0.0,150.876,150.876,1.0,1.0,0.726,minimize_generator,full_grid,False,5000.0,0.0,5000,inf
2024-10-22,659.115,628.347,1287.462,729.619,145.96,875.579,875.579,0.0,0.0,0.0,0.0,0.0,411.883,0.0,0.0,0.0,200.0,0.2,1.0,226.377,24.0,0.0,0.0,156.426,156.426,1.0,1.0,0.68,minimize_generator,full_grid,False,5000.0,0.0,5000,inf
2024-10-23,658.555,563.964,1222.519,747.573,123.28,870.853,870.853,0.0,0.0,0.0,0.0,0.0,351.666,0.0,0.0,0.0,200.0,0.2,1.0,210.999,23.444,0.0,0.0,145.801,145.801,1.0,1.0,0.712,minimize_generator,full_grid,False,5000.0,0.0,5000,inf
2024-10-24,661.165,541.115,1202.28,728.824,110.8,839.624,839.624,0.0,0.0,0.0,0.0,0.0,362.656,0.0,0.0,0.0,200.0,0.2,1.0,216.531,24.0,0.0,0.0,149.623,149.623,1.0,1.0,0.698,minimize_generator,full_grid,False,5000.0,0.0,5000,inf
2024-10-25,662.11,520.304,1182.414,707.395,208.2,915.595,915.595,0.0,0.0,0.0,0.0,0.0,266.819,0.0,0.0,0.0,200.0,0.2,1.0,160.092,17.788,0.0,0.0,110.623,110.623,1.0,1.0,0.774,minimize_generator,full_grid,False,5000.0,0.0,5000,inf
2024-10-26,658.17,482.129,1140.299,684.164,278.92,963.084,963.084,0.0,0.0,0.0,0.0,0.0,177.215,0.0,0.0,0.0,200.0,0.2,1.0,106.329,11.814,0.0,0.0,73.473,73.473,1.0,1.0,0.845,minimize_generator,full_grid,False,5000.0,0.0,5000,inf
2024-10-27,588.18,398.047,986.227,660.684,134.44,795.124,795.124,0.0,0.0,0.0,0.0,0.0,191.103,0.0,0.0,0.0,200.0,0.2,1.0,114.662,12.74,0.0,0.0,79.231,79.231,1.0,1.0,0.806,minimize_generator,full_grid,False,5000.0,0.0,5000,inf
2024-10-28,584.1,314.229,898.329,624.367,132.72,757.087,757.087,0.0,0.0,0.0,0.0,0.0,141.242,0.0,0.0,0.0,200.0,0.2,1.0,84.745,9.416,0.0,0.0,58.559,58.559,1.0,1.0,0.843,minimize_generator,full_grid,False,5000.0,0.0,5000,inf
2024-10-29,587.83,230.054,817.884,615.951,281.68,897.631,817.884,79.747,79.747,0.0,0.0,0.0,0.0,0.0,0.0,0.0,275.76,0.276,1.0,0.0,0.0,0.0,0.0,0.0,0.0,1.0,1.0,1.0,minimize_generator,full_grid,False,5000.0,0.0,5000,inf
2024-10-30,587.83,147.489,735.319,641.707,284.44,926.147,735.319,190.828,190.828,0.0,0.0,0.0,0.0,0.0,0.0,0.0,457.046,0.457,1.0,0.0,0.0,0.0,0.0,0.0,0.0,1.0,1.0,1.0,minimize_generator,full_grid,False,5000.0,0.0,5000,inf
2024-10-31,657.075,63.902,720.977,685.796,293.6,979.396,720.977,258.419,258.419,0.0,0.0,0.0,0.0,0.0,0.0,0.0,702.544,0.703,1.0,0.0,0.0,0.0,0.0,0.0,0.0,1.0,1.0,1.0,minimize_generator,full_grid,False,5000.0,0.0,5000,inf
2024-11-01,588.18,648.501,1236.681,677.204,86.84,764.044,764.044,0.0,0.0,472.637,0.0,0.0,0.0,0.0,0.0,0.0,205.031,0.205,1.0,0.0,0.0,0.0,0.0,0.0,0.0,1.0,1.0,1.0,minimize_generator,full_grid,False,0.0,0.0,5000,inf
2024-11-02,658.555,642.653,1301.208,652.286,145.96,798.246,798.246,0.0,0.0,4.78,498.182,0.0,0.0,0.0,0.0,0.0,200.0,0.2,1.0,0.0,0.0,52.857,0.0,0.0,52.857,0.617,1.0,0.617,minimize_generator,full_grid,False,498.182,0.0,5000,inf
2024-11-03,586.525,659.502,1246.027,659.993,178.96,838.953,838.953,0.0,0.0,0.0,407.074,0.0,0.0,0.0,0.0,0.0,200.0,0.2,1.0,0.0,0.0,42.957,0.0,0.0,42.957,0.673,1.0,0.673,minimize_generator,full_grid,False,905.257,0.0,5000,inf
2024-11-04,588.39,670.104,1258.494,648.599,146.84,795.439,795.439,0.0,0.0,0.0,463.055,0.0,0.0,0.0,0.0,0.0,200.0,0.2,1.0,0.0,0.0,48.84,0.0,0.0,48.84,0.632,1.0,0.632,minimize_generator,full_grid,False,1368.312,0.0,5000,inf
2024-11-05,659.475,688.491,1347.966,651.756,197.76,849.516,849.516,0.0,0.0,0.0,498.45,0.0,0.0,0.0,0.0,0.0,200.0,0.2,1.0,0.0,0.0,52.749,0.0,0.0,52.749,0.63,1.0,0.63,minimize_generator,full_grid,False,1866.762,0.0,5000,inf
2024-11-06,589.31,659.707,1249.017,636.475,114.08,750.555,750.555,0.0,0.0,0.0,498.462,0.0,0.0,0.0,0.0,0.0,200.0,0.2,1.0,0.0,0.0,52.609,0.0,0.0,52.609,0.601,1.0,0.601,minimize_generator,full_grid,False,2365.224,0.0,5000,inf
2024-11-07,587.445,672.251,1259.696,602.579,42.04,644.619,644.619,0.0,0.0,0.0,615.077,0.0,0.0,0.0,0.0,0.0,200.0,0.2,1.0,0.0,0.0,64.863,0.0,0.0,64.863,0.512,1.0,0.512,minimize_generator,full_grid,False,2980.301,0.0,5000,inf
2024-11-08,585.22,670.046,1255.266,625.73,119.08,744.81,744.81,0.0,0.0,0.0,510.456,0.0,0.0,0.0,0.0,0.0,200.0,0.2,1.0,0.0,0.0,53.829,0.0,0.0,53.829,0.593,1.0,0.593,minimize_generator,full_grid,False,3490.757,0.0,5000,inf
2024-11-09,584.66,652.079,1236.739,615.207,79.0,694.207,694.207,0.0,0.0,0.0,542.532,0.0,0.0,0.0,0.0,0.0,200.0,0.2,1.0,0.0,0.0,57.269,0.0,0.0,57.269,0.561,1.0,0.561,minimize_generator,full_grid,False,4033.288,0.0,5000,inf
2024-11-10,583.715,671.137,1254.852,607.77,349.52,957.29,957.29,0.0,0.0,0.0,297.562,0.0,0.0,0.0,0.0,0.0,200.0,0.2,1.0,0.0,0.0,31.374,0.0,0.0,31.374,0.763,1.0,0.763,minimize_generator,full_grid,False,4330.85,0.0,5000,inf
2024-11-11,584.45,695.278,1279.728,633.164,272.44,905.604,905.604,0.0,0.0,0.0,374.124,0.0,0.0,0.0,0.0,0.0,200.0,0.2,1.0,0.0,0.0,39.395,0.0,0.0,39.395,0.708,1.0,0.708,minimize_generator,full_grid,False,4704.974,0.0,5000,inf
2024-11-12,589.125,639.305,1228.43,616.952,127.52,744.472,744.472,0.0,0.0,0.0,295.026,0.0,188.932,0.0,0.0,0.0,200.0,0.2,1.0,113.359,12.595,31.175,0.0,81.052,112.227,0.76,1.0,0.606,minimize_generator,full_grid,False,5000.0,0.0,5000,inf
2024-11-13,585.22,714.684,1299.904,610.376,159.52,769.896,769.896,0.0,0.0,0.0,0.0,0.0,530.008,0.0,0.0,0.0,200.0,0.2,1.0,250.002,24.0,0.0,0.0,178.751,178.751,1.0,1.0,0.592,minimize_generator,full_grid,False,5000.0,0.0,5000,inf
2024-11-14,580.545,730.478,1311.023,581.431,159.52,740.951,740.951,0.0,0.0,0.0,0.0,0.0,570.072,0.0,0.0,0.0,200.0,0.2,1.0,258.014,24.0,0.0,0.0,184.48,184.48,1.0,1.0,0.565,minimize_generator,full_grid,False,5000.0,0.0,5000,inf
2024-11-15,658.73,658.822,1317.552,594.04,209.16,803.2,803.2,0.0,0.0,0.0,0.0,0.0,514.352,0.0,0.0,0.0,200.0,0.2,1.0,246.87,24.0,0.0,0.0,176.512,176.512,1.0,1.0,0.61,minimize_generator,full_grid,False,5000.0,0.0,5000,inf
2024-11-16,586.315,655.045,1241.36,616.337,80.4,696.737,696.737,0.0,0.0,0.0,0.0,0.0,544.623,0.0,0.0,0.0,200.0,0.2,1.0,252.925,24.0,0.0,0.0,180.841,180.841,1.0,1.0,0.561,minimize_generator,full_grid,False,5000.0,0.0,5000,inf
2024-11-17,572.205,691.314,1263.519,614.42,208.2,822.62,822.62,0.0,0.0,0.0,0.0,0.0,440.899,0.0,0.0,0.0,200.0,0.2,1.0,232.18,24.0,0.0,0.0,166.009,166.009,1.0,1.0,0.651,minimize_generator,full_grid,False,5000.0,0.0,5000,inf
2024-11-18,582.97,644.872,1227.842,603.749,318.64,922.389,922.389,0.0,0.0,0.0,0.0,0.0,305.453,0.0,0.0,0.0,200.0,0.2,1.0,183.272,20.364,0.0,0.0,131.039,131.039,1.0,1.0,0.751,minimize_generator,full_grid,False,5000.0,0.0,5000,inf
2024-11-19,584.66,643.894,1228.554,613.563,207.24,820.803,820.803,0.0,0.0,0.0,0.0,0.0,407.751,0.0,0.0,0.0,200.0,0.2,1.0,225.55,24.0,0.0,0.0,161.268,161.268,1.0,1.0,0.668,minimize_generator,full_grid,False,5000.0,0.0,5000,inf
2024-11-20,657.25,660.609,1317.859,602.667,181.76,784.427,784.427,0.0,0.0,0.0,0.0,0.0,533.432,0.0,0.0,0.0,200.0,0.2,1.0,250.686,24.0,0.0,0.0,179.241,179.241,1.0,1.0,0.595,minimize_generator,full_grid,False,5000.0,0.0,5000,inf
2024-11-21,572.205,619.716,1191.921,490.31,149.52,639.83,639.83,0.0,0.0,0.0,0.0,0.0,552.091,0.0,0.0,0.0,200.0,0.2,1.0,254.418,24.0,0.0,0.0,181.909,181.909,1.0,1.0,0.537,minimize_generator,full_grid,False,5000.0,0.0,5000,inf
2024-11-22,587.26,679.108,1266.368,540.665,81.08,621.745,621.745,0.0,0.0,0.0,0.0,0.0,644.623,0.0,0.0,0.0,200.0,0.2,1.0,272.925,24.0,0.0,0.0,195.141,195.141,1.0,1.0,0.491,minimize_generator,full_grid,False,5000.0,0.0,5000,inf
2024-11-23,588.565,684.351,1272.916,559.948,179.88,739.828,739.828,0.0,0.0,0.0,0.0,0.0,533.088,0.0,0.0,0.0,200.0,0.2,1.0,250.618,24.0,0.0,0.0,179.192,179.192,1.0,1.0,0.581,minimize_generator,full_grid,False,5000.0,0.0,5000,inf
2024-11-24,580.72,778.13,1358.85,585.072,477.88,1062.952,1062.952,0.0,0.0,0.0,0.0,0.0,295.898,0.0,0.0,0.0,200.0,0.2,1.0,177.539,19.727,0.0,0.0,126.94,126.94,1.0,1.0,0.782,minimize_generator,full_grid,False,5000.0,0.0,5000,inf
2024-11-25,581.665,589.764,1171.429,599.508,408.76,1008.268,1008.268,0.0,0.0,0.0,0.0,0.0,163.161,0.0,0.0,0.0,200.0,0.2,1.0,97.896,10.877,0.0,0.0,69.996,69.996,1.0,1.0,0.861,minimize_generator,full_grid,False,5000.0,0.0,5000,inf
2024-11-26,571.935,496.631,1068.566,566.134,326.52,892.654,892.654,0.0,0.0,0.0,0.0,0.0,175.912,0.0,0.0,0.0,200.0,0.2,1.0,105.547,11.727,0.0,0.0,75.466,75.466,1.0,1.0,0.835,minimize_generator,full_grid,False,5000.0,0.0,5000,inf
2024-11-27,581.465,428.616,1010.081,614.296,95.8,710.096,710.096,0.0,0.0,0.0,0.0,0.0,299.985,0.0,0.0,0.0,200.0,0.2,1.0,179.991,19.999,0.0,0.0,128.693,128.693,1.0,1.0,0.703,minimize_generator,full_grid,False,5000.0,0.0,5000,inf
2024-11-28,581.85,442.086,1023.936,605.771,75.52,681.291,681.291,0.0,0.0,0.0,0.0,0.0,342.645,0.0,0.0,0.0,200.0,0.2,1.0,205.587,22.843,0.0,0.0,146.995,146.995,1.0,1.0,0.665,minimize_generator,full_grid,False,5000.0,0.0,5000,inf
2024-11-29,584.275,464.39,1048.665,598.982,202.52,801.502,801.502,0.0,0.0,0.0,0.0,0.0,247.163,0.0,0.0,0.0,200.0,0.2,1.0,148.298,16.478,0.0,0.0,106.033,106.033,1.0,1.0,0.764,minimize_generator,full_grid,False,5000.0,0.0,5000,inf
2024-11-30,585.58,381.725,967.305,588.768,78.28,667.048,667.048,0.0,0.0,0.0,0.0,0.0,300.257,0.0,0.0,0.0,200.0,0.2,1.0,180.154,20.017,0.0,0.0,128.81,128.81,1.0,1.0,0.69,minimize_generator,full_grid,False,5000.0,0.0,5000,inf
2024-12-01,571.935,591.549,1163.484,580.664,71.52,652.184,652.184,0.0,0.0,0.0,511.3,0.0,0.0,0.0,0.0,0.0,200.0,0.2,1.0,0.0,0.0,55.507,0.0,0.0,55.507,0.561,1.0,0.561,minimize_generator,full_grid,False,511.3,0.0,5000,inf
2024-12-02,570.535,552.876,1123.411,567.386,66.32,633.706,633.706,0.0,0.0,0.0,489.705,0.0,0.0,0.0,0.0,0.0,200.0,0.2,1.0,0.0,0.0,53.295,0.0,0.0,53.295,0.564,1.0,0.564,minimize_generator,full_grid,False,1001.005,0.0,5000,inf
2024-12-03,580.93,535.812,1116.742,531.777,174.28,706.057,706.057,0.0,0.0,0.0,410.685,0.0,0.0,0.0,0.0,0.0,200.0,0.2,1.0,0.0,0.0,44.779,0.0,0.0,44.779,0.632,1.0,0.632,minimize_generator,full_grid,False,1411.69,0.0,5000,inf
2024-12-04,581.85,550.317,1132.167,491.623,227.2,718.823,718.823,0.0,0.0,0.0,413.344,0.0,0.0,0.0,0.0,0.0,200.0,0.2,1.0,0.0,0.0,45.026,0.0,0.0,45.026,0.635,1.0,0.635,minimize_generator,full_grid,False,1825.034,0.0,5000,inf
2024-12-05,581.465,299.112,880.577,564.107,60.72,624.827,624.827,0.0,0.0,0.0,255.75,0.0,0.0,0.0,0.0,0.0,200.0,0.2,1.0,0.0,0.0,28.481,0.0,0.0,28.481,0.71,1.0,0.71,minimize_generator,full_grid,False,2080.785,0.0,5000,inf
2024-12-06,572.045,202.942,774.987,390.079,1.88,391.959,391.959,0.0,0.0,0.0,383.028,0.0,0.0,0.0,0.0,0.0,200.0,0.2,1.0,0.0,0.0,43.149,0.0,0.0,43.149,0.506,1.0,0.506,minimize_generator,full_grid,False,2463.813,0.0,5000,inf
2024-12-07,580.545,306.308,886.853,528.313,72.16,600.473,600.473,0.0,0.0,0.0,286.38,0.0,0.0,0.0,0.0,0.0,200.0,0.2,1.0,0.0,0.0,31.865,0.0,0.0,31.865,0.677,1.0,0.677,minimize_generator,full_grid,False,2750.193,0.0,5000,inf
2024-12-08,585.58,343.663,929.243,535.396,210.12,745.516,745.516,0.0,0.0,0.0,183.727,0.0,0.0,0.0,0.0,0.0,200.0,0.2,1.0,0.0,0.0,20.368,0.0,0.0,20.368,0.802,1.0,0.802,minimize_generator,full_grid,False,2933.92,0.0,5000,inf
2024-12-09,581.105,313.456,894.561,570.466,54.8,625.266,625.266,0.0,0.0,0.0,269.295,0.0,0.0,0.0,0.0,0.0,200.0,0.2,1.0,0.0,0.0,29.941,0.0,0.0,29.941,0.699,1.0,0.699,minimize_generator,full_grid,False,3203.214,0.0,5000,inf
2024-12-10,571.775,318.713,890.488,549.824,35.48,585.304,585.304,0.0,0.0,0.0,305.184,0.0,0.0,0.0,0.0,0.0,200.0,0.2,1.0,0.0,0.0,33.893,0.0,0.0,33.893,0.657,1.0,0.657,minimize_generator,full_grid,False,3508.399,0.0,5000,inf
2024-12-11,571.615,292.871,864.486,517.336,45.04,562.376,562.376,0.0,0.0,0.0,302.11,0.0,0.0,0.0,0.0,0.0,200.0,0.2,1.0,0.0,0.0,33.648,0.0,0.0,33.648,0.651,1.0,0.651,minimize_generator,full_grid,False,3810.508,0.0,5000,inf
2024-12-12,571.885,330.274,902.159,514.171,228.16,742.331,742.331,0.0,0.0,0.0,159.828,0.0,0.0,0.0,0.0,0.0,200.0,0.2,1.0,0.0,0.0,17.729,0.0,0.0,17.729,0.823,1.0,0.823,minimize_generator,full_grid,False,3970.336,0.0,5000,inf
2024-12-13,585.22,365.518,950.738,549.281,258.44,807.721,807.721,0.0,0.0,0.0,143.017,0.0,0.0,0.0,0.0,0.0,200.0,0.2,1.0,0.0,0.0,15.82,0.0,0.0,15.82,0.85,1.0,0.85,minimize_generator,full_grid,False,4113.353,0.0,5000,inf
2024-12-14,571.775,340.747,912.522,552.749,182.68,735.429,735.429,0.0,0.0,0.0,177.093,0.0,0.0,0.0,0.0,0.0,200.0,0.2,1.0,0.0,0.0,19.622,0.0,0.0,19.622,0.806,1.0,0.806,minimize_generator,full_grid,False,4290.447,0.0,5000,inf
2024-12-15,571.935,299.177,871.112,578.76,79.68,658.44,658.44,0.0,0.0,0.0,212.672,0.0,0.0,0.0,0.0,0.0,200.0,0.2,1.0,0.0,0.0,23.67,0.0,0.0,23.67,0.756,1.0,0.756,minimize_generator,full_grid,False,4503.118,0.0,5000,inf
2024-12-16,571.395,282.605,854.0,530.557,64.4,594.957,594.957,0.0,0.0,0.0,259.043,0.0,0.0,0.0,0.0,0.0,200.0,0.2,1.0,0.0,0.0,28.885,0.0,0.0,28.885,0.697,1.0,0.697,minimize_generator,full_grid,False,4762.161,0.0,5000,inf
2024-12-17,582.41,328.157,910.567,547.328,116.56,663.888,663.888,0.0,81.16,0.0,237.839,0.0,8.84,81.16,0.0,0.0,277.102,0.277,0.722,54.0,6.0,26.404,0.0,35.84,62.244,0.739,1.0,0.729,minimize_generator,full_grid,False,5000.0,0.0,5000,inf
2024-12-18,585.58,255.11,840.69,489.728,44.04,533.768,533.768,0.0,0.0,73.247,0.0,0.0,233.675,0.0,0.0,0.0,200.0,0.2,0.722,140.205,15.578,0.0,0.0,93.054,93.054,1.0,1.0,0.698,minimize_generator,full_grid,False,5000.0,0.0,5000,inf
2024-12-19,572.255,260.1,832.355,488.753,34.16,522.913,522.913,0.0,0.0,0.0,0.0,0.0,309.442,0.0,0.0,0.0,200.0,0.2,0.722,185.665,20.629,0.0,0.0,123.226,123.226,1.0,1.0,0.628,minimize_generator,full_grid,False,5000.0,0.0,5000,inf
2024-12-20,571.825,295.835,867.66,422.247,433.64,855.887,855.887,0.0,78.227,0.0,0.0,0.0,11.773,78.227,0.0,0.0,274.316,0.274,0.526,54.0,6.0,0.0,0.0,35.84,35.84,1.0,1.0,0.986,minimize_generator,full_grid,False,5000.0,0.0,5000,inf
2024-12-21,571.715,283.834,855.549,564.241,82.52,646.761,646.761,0.0,0.0,70.6,0.0,0.0,138.188,0.0,0.0,0.0,200.0,0.2,0.526,82.913,9.213,0.0,0.0,55.029,55.029,1.0,1.0,0.799,minimize_generator,full_grid,False,5000.0,0.0,5000,inf
2024-12-22,569.775,263.214,832.989,557.667,33.72,591.387,591.387,0.0,0.0,0.0,0.0,0.0,241.602,0.0,0.0,0.0,200.0,0.2,0.526,144.961,16.107,0.0,0.0,96.211,96.211,1.0,1.0,0.71,minimize_generator,full_grid,False,5000.0,0.0,5000,inf
2024-12-23,572.425,268.64,841.065,556.384,226.28,782.664,782.664,0.0,31.599,0.0,0.0,0.0,58.401,31.599,0.0,0.0,230.019,0.23,0.458,54.0,6.0,0.0,0.0,35.84,35.84,1.0,1.0,0.931,minimize_generator,full_grid,False,5000.0,0.0,5000,inf
2024-12-24,571.715,29.259,600.974,554.566,78.28,632.846,600.974,31.872,31.872,0.0,0.0,0.0,0.0,0.0,0.0,0.0,260.297,0.26,0.521,0.0,0.0,0.0,0.0,0.0,0.0,1.0,1.0,1.0,minimize_generator,full_grid,False,5000.0,0.0,5000,inf
2024-12-25,571.985,22.261,594.246,573.511,16.6,590.111,590.111,0.0,0.0,4.135,0.0,0.0,0.0,0.0,0.0,0.0,255.945,0.256,0.521,0.0,0.0,0.0,0.0,0.0,0.0,1.0,1.0,0.997,minimize_generator,full_grid,False,5000.0,0.0,5000,inf
2024-12-26,570.745,23.602,594.347,541.475,71.52,612.995,594.347,18.648,18.648,0.0,0.0,0.0,0.0,0.0,0.0,0.0,273.66,0.274,0.552,0.0,0.0,0.0,0.0,0.0,0.0,1.0,1.0,1.0,minimize_generator,full_grid,False,5000.0,0.0,5000,inf
2024-12-27,571.075,24.117,595.192,547.262,286.28,833.542,595.192,238.35,238.35,0.0,0.0,0.0,0.0,0.0,0.0,0.0,500.092,0.5,0.755,0.0,0.0,0.0,0.0,0.0,0.0,1.0,1.0,1.0,minimize_generator,full_grid,False,5000.0,0.0,5000,inf
2024-12-28,571.015,25.451,596.466,544.538,125.84,670.378,596.466,73.912,73.912,0.0,0.0,0.0,0.0,0.0,0.0,0.0,570.308,0.57,0.785,0.0,0.0,0.0,0.0,0.0,0.0,1.0,1.0,1.0,minimize_generator,full_grid,False,5000.0,0.0,5000,inf
2024-12-29,580.72,17.301,598.021,547.867,220.56,768.427,598.021,170.406,170.406,0.0,0.0,0.0,0.0,0.0,0.0,0.0,732.194,0.732,0.832,0.0,0.0,0.0,0.0,0.0,0.0,1.0,1.0,1.0,minimize_generator,full_grid,False,5000.0,0.0,5000,inf
2024-12-30,571.015,9.142,580.157,556.511,317.76,874.271,580.157,294.114,71.375,0.0,0.0,222.739,0.0,0.0,0.0,0.0,800.0,0.8,0.847,0.0,0.0,0.0,0.0,0.0,0.0,1.0,0.745,1.0,minimize_generator,full_grid,False,5000.0,222.739,5000,inf
2024-12-31,584.66,0.435,585.095,509.497,329.12,838.617,585.095,253.522,0.0,0.0,0.0,253.522,0.0,0.0,0.0,0.0,800.0,0.8,0.847,0.0,0.0,0.0,0.0,0.0,0.0,1.0,0.698,1.0,minimize_generator,full_grid,False,5000.0,476.261,5000,inf
